>RCCATWTG	1-RCCATWTG	8.348217	-157.443521	0	T:105.0(52.50%),B:6431.5(6.53%),P:1e-68	Tpos:303.5,Tstd:168.8,Bpos:291.2,Bstd:178.2,StrandBias:-0.0,Multiplicity:1.23
0.496	0.060	0.441	0.002
0.001	0.981	0.017	0.001
0.001	0.950	0.048	0.001
0.660	0.001	0.041	0.298
0.386	0.021	0.001	0.592
0.552	0.001	0.001	0.446
0.001	0.051	0.001	0.947
0.001	0.048	0.950	0.001
>RRCAAAYG	2-RRCAAAYG	6.868497	-98.842804	0	T:138.0(69.00%),B:22483.1(22.81%),P:1e-42	Tpos:287.1,Tstd:191.5,Bpos:288.7,Bstd:179.9,StrandBias:0.4,Multiplicity:1.41
0.432	0.001	0.529	0.038
0.468	0.108	0.423	0.001
0.011	0.826	0.018	0.145
0.970	0.001	0.001	0.028
0.544	0.061	0.355	0.040
0.747	0.055	0.001	0.197
0.006	0.392	0.093	0.509
0.205	0.093	0.671	0.031
>TRACACCC	3-TRACACCC	7.115989	-44.147359	0	T:79.0(39.50%),B:13305.5(13.50%),P:1e-19	Tpos:347.3,Tstd:223.3,Bpos:285.7,Bstd:180.4,StrandBias:0.5,Multiplicity:1.70
0.001	0.001	0.001	0.997
0.535	0.077	0.387	0.001
0.997	0.001	0.001	0.001
0.001	0.997	0.001	0.001
0.706	0.001	0.292	0.001
0.001	0.997	0.001	0.001
0.001	0.904	0.094	0.001
0.001	0.611	0.001	0.387
>CCCTGTTG	4-CCCTGTTG	7.234721	-29.043144	0	T:72.0(36.00%),B:14825.4(15.04%),P:1e-12	Tpos:336.4,Tstd:248.6,Bpos:287.2,Bstd:178.4,StrandBias:-0.2,Multiplicity:1.23
0.145	0.586	0.268	0.001
0.046	0.858	0.095	0.001
0.001	0.880	0.001	0.118
0.211	0.001	0.035	0.753
0.001	0.043	0.592	0.364
0.080	0.118	0.001	0.801
0.067	0.001	0.001	0.931
0.039	0.063	0.835	0.063
>GTTTATCG	5-GTTTATCG	6.213211	-19.765088	0	T:67.0(33.50%),B:16163.4(16.40%),P:1e-8	Tpos:325.4,Tstd:233.0,Bpos:287.8,Bstd:178.6,StrandBias:0.1,Multiplicity:1.08
0.058	0.001	0.912	0.029
0.001	0.070	0.001	0.928
0.001	0.065	0.001	0.933
0.001	0.129	0.078	0.792
0.969	0.029	0.001	0.001
0.001	0.001	0.001	0.997
0.001	0.844	0.058	0.097
0.068	0.117	0.685	0.130
>TCATTAGT	6-TCATTAGT	5.205688	-9.645100	0	T:51.0(25.50%),B:14687.7(14.90%),P:1e-4	Tpos:404.2,Tstd:288.0,Bpos:283.9,Bstd:176.2,StrandBias:1.1,Multiplicity:1.98
0.001	0.001	0.048	0.950
0.001	0.725	0.001	0.273
0.725	0.001	0.273	0.001
0.001	0.001	0.001	0.997
0.001	0.211	0.001	0.787
0.997	0.001	0.001	0.001
0.001	0.001	0.997	0.001
0.001	0.001	0.001	0.997
>GGAAAGGA	7-GGAAAGGA	6.731365	-4.635499	0	T:34.0(17.00%),B:11099.0(11.26%),P:1e-2	Tpos:256.5,Tstd:155.6,Bpos:287.8,Bstd:172.3,StrandBias:1.2,Multiplicity:1.59
0.001	0.001	0.997	0.001
0.001	0.001	0.850	0.148
0.997	0.001	0.001	0.001
0.997	0.001	0.001	0.001
0.997	0.001	0.001	0.001
0.001	0.001	0.997	0.001
0.001	0.001	0.997	0.001
0.910	0.001	0.001	0.088
