>RCCATTTGTT	1-RCCATTTGTT	8.333977	-212.203490	0	T:130.0(65.00%),B:7590.7(7.70%),P:1e-92	Tpos:297.7,Tstd:174.5,Bpos:287.5,Bstd:181.5,StrandBias:0.0,Multiplicity:1.33
0.344	0.133	0.488	0.035
0.217	0.712	0.070	0.001
0.029	0.969	0.001	0.001
0.785	0.065	0.001	0.149
0.044	0.031	0.001	0.924
0.103	0.054	0.001	0.842
0.001	0.001	0.001	0.997
0.001	0.001	0.997	0.001
0.001	0.179	0.327	0.493
0.003	0.259	0.063	0.675
>CATTTGCCAC	2-CATTTGCCAC	8.457429	-49.850060	0	T:40.0(20.00%),B:2773.2(2.81%),P:1e-21	Tpos:296.6,Tstd:203.1,Bpos:287.7,Bstd:179.4,StrandBias:0.1,Multiplicity:1.07
0.001	0.918	0.080	0.001
0.845	0.036	0.118	0.001
0.001	0.040	0.058	0.901
0.001	0.100	0.001	0.898
0.001	0.001	0.001	0.997
0.060	0.001	0.938	0.001
0.001	0.945	0.001	0.053
0.001	0.936	0.001	0.062
0.799	0.001	0.151	0.049
0.056	0.865	0.037	0.042
>TTWACACCCT	3-TTWACACCCT	7.456679	-36.670147	0	T:68.0(34.00%),B:11527.5(11.70%),P:1e-15	Tpos:323.4,Tstd:228.2,Bpos:290.6,Bstd:177.1,StrandBias:0.4,Multiplicity:1.19
0.049	0.122	0.087	0.742
0.044	0.063	0.001	0.892
0.336	0.037	0.233	0.394
0.843	0.036	0.002	0.119
0.030	0.859	0.066	0.045
0.997	0.001	0.001	0.001
0.156	0.626	0.217	0.001
0.156	0.680	0.001	0.163
0.224	0.647	0.001	0.128
0.091	0.151	0.001	0.757
>AGSTGTGAAA	4-AGSTGTGAAA	8.206992	-31.770612	0	T:65.0(32.50%),B:11746.4(11.92%),P:1e-13	Tpos:264.2,Tstd:143.1,Bpos:285.9,Bstd:179.5,StrandBias:0.4,Multiplicity:1.14
0.997	0.001	0.001	0.001
0.060	0.001	0.938	0.001
0.048	0.487	0.464	0.001
0.135	0.042	0.001	0.822
0.001	0.077	0.921	0.001
0.126	0.068	0.062	0.744
0.001	0.001	0.863	0.135
0.997	0.001	0.001	0.001
0.717	0.001	0.281	0.001
0.572	0.127	0.300	0.001
>TCAGGCGTAA	5-TCAGGCGTAA	11.417763	-28.676703	0	T:8.0(4.00%),B:53.2(0.05%),P:1e-12	Tpos:399.5,Tstd:280.7,Bpos:274.2,Bstd:176.9,StrandBias:0.0,Multiplicity:1.00
0.001	0.001	0.260	0.738
0.001	0.997	0.001	0.001
0.997	0.001	0.001	0.001
0.001	0.001	0.997	0.001
0.001	0.001	0.997	0.001
0.001	0.997	0.001	0.001
0.001	0.112	0.886	0.001
0.001	0.001	0.001	0.997
0.824	0.174	0.001	0.001
0.776	0.001	0.001	0.222
>GRCAGATGGT	6-GRCAGATGGT	10.175508	-26.912410	0	T:21.0(10.50%),B:1405.6(1.43%),P:1e-11	Tpos:265.7,Tstd:126.0,Bpos:289.3,Bstd:176.8,StrandBias:0.5,Multiplicity:1.10
0.209	0.001	0.789	0.001
0.461	0.001	0.537	0.001
0.001	0.997	0.001	0.001
0.997	0.001	0.001	0.001
0.001	0.001	0.678	0.320
0.997	0.001	0.001	0.001
0.001	0.017	0.001	0.981
0.236	0.001	0.762	0.001
0.001	0.001	0.997	0.001
0.088	0.001	0.118	0.793
>CTCCTTTTGG	7-CTCCTTTTGG	8.281363	-25.428444	0	T:43.0(21.50%),B:6599.2(6.70%),P:1e-11	Tpos:285.6,Tstd:199.5,Bpos:287.4,Bstd:177.0,StrandBias:-0.3,Multiplicity:1.07
0.001	0.904	0.060	0.035
0.001	0.071	0.001	0.927
0.001	0.956	0.042	0.001
0.001	0.997	0.001	0.001
0.155	0.050	0.001	0.794
0.001	0.001	0.061	0.937
0.078	0.001	0.054	0.867
0.001	0.001	0.047	0.951
0.001	0.001	0.951	0.047
0.001	0.052	0.763	0.184
>TCCTTGGATG	8-TCCTTGGATG	13.697789	-21.847839	0	T:9.0(4.50%),B:191.6(0.19%),P:1e-9	Tpos:328.2,Tstd:240.1,Bpos:274.5,Bstd:169.3,StrandBias:1.8,Multiplicity:1.00
0.001	0.001	0.001	0.997
0.127	0.871	0.001	0.001
0.001	0.997	0.001	0.001
0.001	0.001	0.001	0.997
0.001	0.001	0.001	0.997
0.001	0.001	0.997	0.001
0.001	0.001	0.997	0.001
0.997	0.001	0.001	0.001
0.001	0.001	0.001	0.997
0.001	0.001	0.997	0.001
>TCCCTGACAC	9-TCCCTGACAC	9.604213	-21.759334	0	T:28.0(14.00%),B:3375.9(3.43%),P:1e-9	Tpos:397.1,Tstd:268.9,Bpos:287.4,Bstd:178.5,StrandBias:0.3,Multiplicity:1.15
0.116	0.056	0.001	0.827
0.001	0.904	0.049	0.046
0.001	0.960	0.001	0.038
0.001	0.926	0.001	0.072
0.080	0.001	0.001	0.918
0.063	0.001	0.935	0.001
0.962	0.036	0.001	0.001
0.041	0.911	0.047	0.001
0.828	0.001	0.134	0.037
0.135	0.863	0.001	0.001
>TGTTTAGAAA	10-TGTTTAGAAA	9.566969	-20.850763	0	T:28.0(14.00%),B:3517.1(3.57%),P:1e-9	Tpos:294.0,Tstd:211.1,Bpos:285.2,Bstd:181.0,StrandBias:-0.1,Multiplicity:1.00
0.077	0.001	0.001	0.921
0.001	0.067	0.873	0.059
0.001	0.001	0.001	0.997
0.001	0.061	0.065	0.873
0.090	0.001	0.001	0.908
0.865	0.001	0.133	0.001
0.034	0.001	0.895	0.070
0.997	0.001	0.001	0.001
0.829	0.001	0.054	0.116
0.882	0.116	0.001	0.001
>RKGGGTGTSA	11-RKGGGTGTSA	7.658117	-20.719493	0	T:47.0(23.50%),B:8918.5(9.05%),P:1e-8	Tpos:321.6,Tstd:211.4,Bpos:288.4,Bstd:183.7,StrandBias:-0.5,Multiplicity:1.46
0.306	0.054	0.411	0.230
0.153	0.001	0.459	0.387
0.025	0.001	0.611	0.363
0.031	0.056	0.912	0.001
0.181	0.141	0.645	0.033
0.001	0.183	0.043	0.773
0.036	0.105	0.858	0.001
0.081	0.053	0.026	0.840
0.194	0.294	0.416	0.096
0.649	0.293	0.057	0.001
>CCCTGCTGGG	12-CCCTGCTGGG	7.836988	-20.591634	0	T:58.0(29.00%),B:12619.7(12.80%),P:1e-8	Tpos:276.6,Tstd:194.2,Bpos:288.6,Bstd:180.1,StrandBias:-0.2,Multiplicity:1.09
0.087	0.782	0.034	0.097
0.146	0.780	0.048	0.026
0.073	0.874	0.001	0.052
0.035	0.051	0.030	0.884
0.093	0.024	0.759	0.124
0.032	0.734	0.138	0.096
0.014	0.108	0.018	0.860
0.096	0.008	0.845	0.051
0.122	0.006	0.766	0.106
0.056	0.163	0.731	0.050
>GCTTGTTCTC	13-GCTTGTTCTC	7.430484	-18.442673	0	T:58.0(29.00%),B:13372.6(13.57%),P:1e-8	Tpos:328.7,Tstd:207.8,Bpos:289.3,Bstd:178.4,StrandBias:0.0,Multiplicity:1.16
0.029	0.103	0.787	0.081
0.148	0.738	0.050	0.064
0.054	0.104	0.020	0.822
0.041	0.048	0.096	0.815
0.023	0.071	0.753	0.153
0.066	0.076	0.113	0.745
0.073	0.043	0.040	0.844
0.106	0.804	0.026	0.064
0.042	0.099	0.001	0.858
0.018	0.847	0.039	0.096
>GAGGCTGTTA	14-GAGGCTGTTA	9.967752	-16.760208	0	T:15.0(7.50%),B:1242.1(1.26%),P:1e-7	Tpos:252.2,Tstd:173.2,Bpos:285.4,Bstd:181.5,StrandBias:-0.4,Multiplicity:1.00
0.001	0.001	0.997	0.001
0.898	0.001	0.001	0.100
0.001	0.001	0.889	0.109
0.001	0.001	0.997	0.001
0.001	0.997	0.001	0.001
0.001	0.001	0.001	0.997
0.162	0.116	0.458	0.265
0.001	0.100	0.001	0.898
0.001	0.076	0.001	0.922
0.930	0.001	0.001	0.068
>TCCAAATGGT	15-TCCAAATGGT	11.763122	-15.642143	0	T:9.0(4.50%),B:396.2(0.40%),P:1e-6	Tpos:353.2,Tstd:163.8,Bpos:297.2,Bstd:181.0,StrandBias:0.0,Multiplicity:1.00
0.001	0.001	0.001	0.997
0.001	0.997	0.001	0.001
0.001	0.997	0.001	0.001
0.997	0.001	0.001	0.001
0.997	0.001	0.001	0.001
0.997	0.001	0.001	0.001
0.001	0.001	0.001	0.997
0.001	0.001	0.849	0.149
0.001	0.001	0.997	0.001
0.156	0.001	0.001	0.842
>AAGCTTCGGG	16-AAGCTTCGGG	10.069678	-14.613935	0	T:14.0(7.00%),B:1273.6(1.29%),P:1e-6	Tpos:336.1,Tstd:266.5,Bpos:292.4,Bstd:177.0,StrandBias:0.0,Multiplicity:1.00
0.861	0.001	0.137	0.001
0.820	0.001	0.001	0.178
0.001	0.001	0.997	0.001
0.001	0.997	0.001	0.001
0.001	0.001	0.001	0.997
0.001	0.001	0.001	0.997
0.113	0.759	0.062	0.066
0.057	0.138	0.752	0.053
0.001	0.001	0.997	0.001
0.001	0.193	0.805	0.001
>CTGCTGTTTT	17-CTGCTGTTTT	10.084217	-13.711471	0	T:28.0(14.00%),B:4965.3(5.04%),P:1e-5	Tpos:257.6,Tstd:173.7,Bpos:289.4,Bstd:184.4,StrandBias:0.0,Multiplicity:1.04
0.280	0.556	0.001	0.163
0.001	0.001	0.001	0.997
0.001	0.001	0.677	0.321
0.001	0.997	0.001	0.001
0.001	0.001	0.001	0.997
0.001	0.001	0.997	0.001
0.001	0.001	0.001	0.997
0.001	0.001	0.208	0.790
0.001	0.167	0.001	0.831
0.211	0.080	0.001	0.708
>TGTTAGTTCA	18-TGTTAGTTCA	11.204813	-4.639376	0	T:3.0(1.50%),B:213.5(0.22%),P:1e-2	Tpos:515.1,Tstd:327.1,Bpos:288.8,Bstd:167.4,StrandBias:10.0,Multiplicity:11.67
0.001	0.001	0.001	0.997
0.001	0.001	0.997	0.001
0.001	0.001	0.001	0.997
0.001	0.001	0.001	0.997
0.997	0.001	0.001	0.001
0.001	0.001	0.997	0.001
0.001	0.001	0.001	0.997
0.001	0.001	0.001	0.997
0.001	0.926	0.001	0.072
0.997	0.001	0.001	0.001
>ATGCTGGGGT	19-ATGCTGGGGT	13.668830	-3.265432	0	T:3.0(1.50%),B:362.8(0.37%),P:1e-1	Tpos:505.9,Tstd:340.6,Bpos:307.5,Bstd:180.1,StrandBias:-4.5,Multiplicity:12.00
0.997	0.001	0.001	0.001
0.001	0.001	0.001	0.997
0.068	0.001	0.930	0.001
0.001	0.997	0.001	0.001
0.001	0.001	0.001	0.997
0.052	0.001	0.946	0.001
0.001	0.001	0.997	0.001
0.042	0.001	0.956	0.001
0.001	0.001	0.997	0.001
0.001	0.001	0.001	0.997
>GGAAAGGAAA	20-GGAAAGGAAA	10.296193	-1.547316	0	T:3.0(1.50%),B:783.0(0.79%),P:1e0	Tpos:183.4,Tstd:50.5,Bpos:292.3,Bstd:163.5,StrandBias:4.3,Multiplicity:7.00
0.100	0.100	0.700	0.100
0.100	0.100	0.700	0.100
0.700	0.100	0.100	0.100
0.700	0.100	0.100	0.100
0.700	0.100	0.100	0.100
0.100	0.100	0.700	0.100
0.100	0.100	0.700	0.100
0.700	0.100	0.100	0.100
0.700	0.100	0.100	0.100
0.700	0.100	0.100	0.100
