>AACAAATGGTCA	1-AACAAATGGTCA	7.935609	-126.088636	0	T:104.0(52.00%),B:8658.8(8.79%),P:1e-54	Tpos:278.6,Tstd:177.8,Bpos:286.3,Bstd:175.8,StrandBias:0.2,Multiplicity:1.17
0.664	0.111	0.177	0.048
0.723	0.115	0.143	0.019
0.053	0.826	0.086	0.035
0.913	0.059	0.015	0.013
0.830	0.025	0.105	0.040
0.822	0.050	0.076	0.052
0.151	0.025	0.064	0.760
0.062	0.010	0.853	0.075
0.067	0.085	0.752	0.096
0.087	0.131	0.120	0.662
0.123	0.521	0.215	0.141
0.676	0.124	0.050	0.150
>GTGGCAAATGGT	2-GTGGCAAATGGT	9.231806	-69.383911	0	T:47.0(23.50%),B:2549.0(2.59%),P:1e-30	Tpos:266.4,Tstd:123.5,Bpos:291.6,Bstd:174.3,StrandBias:0.0,Multiplicity:1.03
0.109	0.045	0.721	0.125
0.223	0.078	0.001	0.698
0.001	0.077	0.921	0.001
0.126	0.001	0.804	0.069
0.049	0.949	0.001	0.001
0.921	0.077	0.001	0.001
0.802	0.050	0.087	0.061
0.953	0.001	0.045	0.001
0.052	0.078	0.001	0.869
0.001	0.001	0.921	0.077
0.001	0.089	0.862	0.048
0.078	0.160	0.175	0.587
>GCCAAATGGCMK	3-GCCAAATGGCMK	10.643950	-63.735947	0	T:24.0(12.00%),B:370.7(0.38%),P:1e-27	Tpos:328.3,Tstd:190.4,Bpos:293.4,Bstd:182.0,StrandBias:0.0,Multiplicity:1.04
0.029	0.001	0.781	0.189
0.001	0.997	0.001	0.001
0.001	0.997	0.001	0.001
0.997	0.001	0.001	0.001
0.863	0.001	0.001	0.135
0.863	0.001	0.001	0.135
0.001	0.001	0.001	0.997
0.001	0.001	0.997	0.001
0.001	0.001	0.997	0.001
0.001	0.654	0.001	0.344
0.354	0.489	0.001	0.156
0.001	0.001	0.509	0.489
>GGTGTGAAGTCM	4-GGTGTGAAGTCM	10.429167	-47.684319	0	T:27.0(13.50%),B:1053.7(1.07%),P:1e-20	Tpos:319.9,Tstd:248.8,Bpos:293.8,Bstd:178.9,StrandBias:0.7,Multiplicity:1.00
0.188	0.001	0.810	0.001
0.001	0.295	0.703	0.001
0.175	0.001	0.001	0.823
0.001	0.001	0.935	0.063
0.001	0.001	0.001	0.997
0.001	0.085	0.821	0.093
0.997	0.001	0.001	0.001
0.854	0.001	0.144	0.001
0.273	0.264	0.462	0.001
0.001	0.102	0.293	0.604
0.001	0.834	0.087	0.078
0.476	0.522	0.001	0.001
>CCATTTGCTGTT	5-CCATTTGCTGTT	9.960842	-47.504875	0	T:32.0(16.00%),B:1693.1(1.72%),P:1e-20	Tpos:286.5,Tstd:139.8,Bpos:279.3,Bstd:179.0,StrandBias:-0.1,Multiplicity:1.00
0.159	0.774	0.001	0.066
0.001	0.945	0.001	0.053
0.772	0.129	0.001	0.098
0.174	0.001	0.071	0.754
0.052	0.093	0.050	0.805
0.063	0.001	0.001	0.935
0.001	0.001	0.955	0.043
0.001	0.802	0.106	0.091
0.056	0.091	0.001	0.852
0.188	0.044	0.664	0.104
0.057	0.145	0.001	0.797
0.001	0.001	0.044	0.954
>GSTGTCARGGAG	6-GSTGTCARGGAG	9.632248	-32.178502	0	T:25.0(12.50%),B:1651.7(1.68%),P:1e-13	Tpos:332.0,Tstd:230.2,Bpos:290.0,Bstd:184.2,StrandBias:0.0,Multiplicity:1.28
0.003	0.001	0.993	0.003
0.004	0.429	0.564	0.003
0.001	0.001	0.001	0.997
0.004	0.001	0.992	0.003
0.003	0.001	0.001	0.995
0.001	0.935	0.063	0.001
0.932	0.001	0.001	0.066
0.463	0.001	0.381	0.155
0.161	0.001	0.837	0.001
0.001	0.150	0.848	0.001
0.748	0.001	0.001	0.250
0.001	0.319	0.677	0.003
>CTGTAARWGCTG	7-CTGTAARWGCTG	12.955618	-29.476830	0	T:12.0(6.00%),B:238.8(0.24%),P:1e-12	Tpos:321.2,Tstd:204.6,Bpos:275.6,Bstd:175.7,StrandBias:-0.5,Multiplicity:1.00
0.001	0.997	0.001	0.001
0.001	0.001	0.001	0.997
0.001	0.001	0.997	0.001
0.001	0.001	0.001	0.997
0.536	0.206	0.001	0.257
0.982	0.016	0.001	0.001
0.469	0.001	0.529	0.001
0.498	0.001	0.001	0.500
0.001	0.001	0.997	0.001
0.001	0.997	0.001	0.001
0.245	0.001	0.001	0.753
0.001	0.001	0.753	0.245
>TCAGGTGCCAGG	8-TCAGGTGCCAGG	11.140623	-26.800086	0	T:17.0(8.50%),B:830.3(0.84%),P:1e-11	Tpos:385.8,Tstd:263.0,Bpos:284.3,Bstd:176.0,StrandBias:0.9,Multiplicity:1.00
0.082	0.001	0.001	0.916
0.001	0.670	0.187	0.142
0.997	0.001	0.001	0.001
0.212	0.001	0.690	0.097
0.106	0.258	0.635	0.001
0.075	0.007	0.001	0.917
0.001	0.001	0.904	0.094
0.136	0.699	0.001	0.164
0.001	0.997	0.001	0.001
0.921	0.001	0.001	0.077
0.130	0.001	0.782	0.087
0.105	0.001	0.893	0.001
>GGGAAAACAAAC	9-GGGAAAACAAAC	9.300021	-26.293852	0	T:35.0(17.50%),B:4349.5(4.41%),P:1e-11	Tpos:256.5,Tstd:113.0,Bpos:288.6,Bstd:182.7,StrandBias:-0.2,Multiplicity:1.06
0.101	0.001	0.897	0.001
0.148	0.001	0.735	0.116
0.131	0.160	0.708	0.001
0.863	0.135	0.001	0.001
0.775	0.073	0.151	0.001
0.890	0.047	0.001	0.062
0.879	0.119	0.001	0.001
0.060	0.938	0.001	0.001
0.916	0.001	0.001	0.082
0.756	0.088	0.155	0.001
0.838	0.088	0.001	0.073
0.060	0.814	0.125	0.001
>GGAAGRGAWAGG	10-GGAAGRGAWAGG	13.932127	-24.584539	0	T:6.0(3.00%),B:25.8(0.03%),P:1e-10	Tpos:347.0,Tstd:278.3,Bpos:283.1,Bstd:147.9,StrandBias:2.3,Multiplicity:1.00
0.001	0.001	0.997	0.001
0.001	0.001	0.997	0.001
0.997	0.001	0.001	0.001
0.997	0.001	0.001	0.001
0.268	0.001	0.730	0.001
0.564	0.001	0.434	0.001
0.001	0.001	0.997	0.001
0.997	0.001	0.001	0.001
0.434	0.001	0.001	0.564
0.614	0.001	0.001	0.384
0.384	0.001	0.614	0.001
0.001	0.001	0.779	0.219
>ATGTCCTTGGAT	11-ATGTCCTTGGAT	12.355432	-23.035120	0	T:5.0(2.50%),B:13.6(0.01%),P:1e-10	Tpos:215.2,Tstd:160.5,Bpos:254.4,Bstd:129.1,StrandBias:10.0,Multiplicity:1.00
0.700	0.100	0.100	0.100
0.100	0.100	0.100	0.700
0.100	0.100	0.700	0.100
0.100	0.100	0.100	0.700
0.100	0.700	0.100	0.100
0.100	0.700	0.100	0.100
0.100	0.100	0.100	0.700
0.100	0.100	0.100	0.700
0.100	0.100	0.700	0.100
0.100	0.100	0.700	0.100
0.700	0.100	0.100	0.100
0.100	0.100	0.100	0.700
>GTCAACAGTCAC	12-GTCAACAGTCAC	11.177146	-22.773237	0	T:11.0(5.50%),B:330.4(0.34%),P:1e-9	Tpos:223.5,Tstd:148.7,Bpos:281.8,Bstd:193.0,StrandBias:0.8,Multiplicity:1.00
0.001	0.103	0.795	0.101
0.001	0.129	0.001	0.869
0.258	0.740	0.001	0.001
0.898	0.100	0.001	0.001
0.726	0.154	0.001	0.119
0.129	0.636	0.234	0.001
0.635	0.147	0.115	0.103
0.010	0.001	0.988	0.001
0.001	0.129	0.001	0.869
0.001	0.997	0.001	0.001
0.997	0.001	0.001	0.001
0.001	0.862	0.136	0.001
>CTGAGGCVTCAC	13-CTGAGGCVTCAC	11.933719	-20.229698	0	T:11.0(5.50%),B:423.0(0.43%),P:1e-8	Tpos:292.8,Tstd:138.1,Bpos:284.1,Bstd:179.4,StrandBias:0.3,Multiplicity:1.00
0.001	0.997	0.001	0.001
0.001	0.001	0.001	0.997
0.001	0.393	0.605	0.001
0.997	0.001	0.001	0.001
0.353	0.001	0.645	0.001
0.001	0.001	0.997	0.001
0.001	0.997	0.001	0.001
0.383	0.246	0.238	0.133
0.001	0.328	0.001	0.670
0.355	0.643	0.001	0.001
0.997	0.001	0.001	0.001
0.001	0.827	0.001	0.171
>GCATCTTARMTC	14-GCATCTTARMTC	11.267888	-20.035746	0	T:7.0(3.50%),B:99.3(0.10%),P:1e-8	Tpos:267.0,Tstd:305.1,Bpos:273.2,Bstd:162.8,StrandBias:0.4,Multiplicity:1.00
0.001	0.001	0.997	0.001
0.001	0.997	0.001	0.001
0.608	0.390	0.001	0.001
0.001	0.001	0.001	0.997
0.001	0.997	0.001	0.001
0.001	0.001	0.001	0.997
0.001	0.001	0.001	0.997
0.960	0.038	0.001	0.001
0.517	0.001	0.430	0.052
0.517	0.481	0.001	0.001
0.001	0.001	0.001	0.997
0.001	0.997	0.001	0.001
>CCCTGCTGGGCA	15-CCCTGCTGGGCA	10.328140	-16.601498	0	T:16.0(8.00%),B:1447.4(1.47%),P:1e-7	Tpos:221.3,Tstd:122.2,Bpos:283.6,Bstd:182.2,StrandBias:0.0,Multiplicity:1.00
0.044	0.770	0.089	0.097
0.161	0.768	0.001	0.070
0.054	0.831	0.064	0.051
0.001	0.001	0.067	0.931
0.055	0.045	0.811	0.089
0.047	0.896	0.001	0.056
0.041	0.001	0.047	0.911
0.001	0.001	0.997	0.001
0.088	0.001	0.828	0.083
0.040	0.207	0.752	0.001
0.119	0.671	0.115	0.095
0.841	0.097	0.061	0.001
>GTAATCACCCCC	16-GTAATCACCCCC	8.463612	-11.295658	0	T:17.0(8.50%),B:2442.8(2.48%),P:1e-4	Tpos:322.4,Tstd:241.7,Bpos:288.1,Bstd:174.9,StrandBias:0.0,Multiplicity:1.06
0.100	0.100	0.700	0.100
0.100	0.100	0.100	0.700
0.700	0.100	0.100	0.100
0.700	0.100	0.100	0.100
0.100	0.100	0.100	0.700
0.100	0.700	0.100	0.100
0.700	0.100	0.100	0.100
0.100	0.700	0.100	0.100
0.100	0.700	0.100	0.100
0.100	0.700	0.100	0.100
0.100	0.700	0.100	0.100
0.100	0.700	0.100	0.100
>GCTGTTCCATAT	17-GCTGTTCCATAT	13.416896	-10.348691	0	T:3.0(1.50%),B:29.3(0.03%),P:1e-4	Tpos:292.3,Tstd:78.9,Bpos:329.1,Bstd:177.0,StrandBias:1.0,Multiplicity:2.00
0.001	0.001	0.845	0.153
0.209	0.789	0.001	0.001
0.001	0.001	0.001	0.997
0.328	0.153	0.518	0.001
0.001	0.001	0.001	0.997
0.001	0.001	0.001	0.997
0.001	0.997	0.001	0.001
0.001	0.997	0.001	0.001
0.789	0.001	0.001	0.209
0.001	0.001	0.001	0.997
0.584	0.001	0.414	0.001
0.001	0.001	0.256	0.742
>TCTCACACCCAC	18-TCTCACACCCAC	14.200204	-6.616942	0	T:2.0(1.00%),B:26.3(0.03%),P:1e-2	Tpos:310.5,Tstd:88.3,Bpos:298.5,Bstd:152.4,StrandBias:10.0,Multiplicity:6.00
0.001	0.058	0.001	0.940
0.001	0.997	0.001	0.001
0.001	0.001	0.001	0.997
0.001	0.997	0.001	0.001
0.997	0.001	0.001	0.001
0.001	0.997	0.001	0.001
0.997	0.001	0.001	0.001
0.001	0.997	0.001	0.001
0.001	0.997	0.001	0.001
0.001	0.902	0.001	0.096
0.997	0.001	0.001	0.001
0.001	0.997	0.001	0.001
>GTTAGTTCACAC	19-GTTAGTTCACAC	9.694726	-6.034434	0	T:2.0(1.00%),B:35.6(0.04%),P:1e-2	Tpos:538.7,Tstd:307.6,Bpos:268.0,Bstd:169.7,StrandBias:10.0,Multiplicity:15.00
0.001	0.001	0.997	0.001
0.001	0.001	0.001	0.997
0.001	0.001	0.001	0.997
0.997	0.001	0.001	0.001
0.001	0.001	0.997	0.001
0.001	0.001	0.001	0.997
0.001	0.001	0.001	0.997
0.001	0.997	0.001	0.001
0.997	0.001	0.001	0.001
0.001	0.851	0.001	0.147
0.997	0.001	0.001	0.001
0.001	0.997	0.001	0.001
>AGCATCWGTGTG	20-AGCATCWGTGTG	13.553374	-4.538082	0	T:2.0(1.00%),B:76.9(0.08%),P:1e-1	Tpos:575.8,Tstd:292.6,Bpos:324.8,Bstd:172.3,StrandBias:10.0,Multiplicity:13.00
0.997	0.001	0.001	0.001
0.001	0.001	0.997	0.001
0.001	0.997	0.001	0.001
0.997	0.001	0.001	0.001
0.001	0.001	0.001	0.997
0.001	0.997	0.001	0.001
0.531	0.001	0.001	0.467
0.001	0.001	0.997	0.001
0.001	0.001	0.001	0.997
0.001	0.001	0.997	0.001
0.001	0.001	0.001	0.997
0.001	0.001	0.909	0.089
>AAAGGAAAGGAA	21-AAAGGAAAGGAA	13.854956	-3.853060	0	T:3.0(1.50%),B:287.7(0.29%),P:1e-1	Tpos:193.2,Tstd:62.9,Bpos:291.1,Bstd:148.8,StrandBias:4.3,Multiplicity:1.33
0.997	0.001	0.001	0.001
0.997	0.001	0.001	0.001
0.997	0.001	0.001	0.001
0.001	0.001	0.997	0.001
0.001	0.001	0.997	0.001
0.926	0.072	0.001	0.001
0.997	0.001	0.001	0.001
0.997	0.001	0.001	0.001
0.001	0.001	0.997	0.001
0.001	0.001	0.997	0.001
0.929	0.069	0.001	0.001
0.997	0.001	0.001	0.001
>CTCACACCCCTG	22-CTCACACCCCTG	16.444658	-3.006372	0	T:1.0(0.50%),B:25.6(0.03%),P:1e-1	Tpos:311.0,Tstd:102.5,Bpos:292.3,Bstd:122.7,StrandBias:10.0,Multiplicity:8.00
0.001	0.997	0.001	0.001
0.001	0.001	0.001	0.997
0.001	0.997	0.001	0.001
0.997	0.001	0.001	0.001
0.001	0.854	0.001	0.144
0.997	0.001	0.001	0.001
0.001	0.997	0.001	0.001
0.001	0.997	0.001	0.001
0.001	0.997	0.001	0.001
0.001	0.997	0.001	0.001
0.001	0.001	0.001	0.997
0.001	0.001	0.997	0.001
