>RCCATTTGTT	1-RCCATTTGTT	8.333977	-212.203490	0	T:130.0(65.00%),B:7590.7(7.70%),P:1e-92	Tpos:297.7,Tstd:174.5,Bpos:287.5,Bstd:181.5,StrandBias:0.0,Multiplicity:1.33
0.344	0.133	0.488	0.035
0.217	0.712	0.070	0.001
0.029	0.969	0.001	0.001
0.785	0.065	0.001	0.149
0.044	0.031	0.001	0.924
0.103	0.054	0.001	0.842
0.001	0.001	0.001	0.997
0.001	0.001	0.997	0.001
0.001	0.179	0.327	0.493
0.003	0.259	0.063	0.675
>CATTTGCCAC	2-CATTTGCCAC	8.457429	-49.850060	0	T:40.0(20.00%),B:2773.2(2.81%),P:1e-21	Tpos:296.6,Tstd:203.1,Bpos:287.7,Bstd:179.4,StrandBias:0.1,Multiplicity:1.07
0.001	0.918	0.080	0.001
0.845	0.036	0.118	0.001
0.001	0.040	0.058	0.901
0.001	0.100	0.001	0.898
0.001	0.001	0.001	0.997
0.060	0.001	0.938	0.001
0.001	0.945	0.001	0.053
0.001	0.936	0.001	0.062
0.799	0.001	0.151	0.049
0.056	0.865	0.037	0.042
>TTWACACCCT	3-TTWACACCCT	7.456679	-36.670147	0	T:68.0(34.00%),B:11527.5(11.70%),P:1e-15	Tpos:323.4,Tstd:228.2,Bpos:290.6,Bstd:177.1,StrandBias:0.4,Multiplicity:1.19
0.049	0.122	0.087	0.742
0.044	0.063	0.001	0.892
0.336	0.037	0.233	0.394
0.843	0.036	0.002	0.119
0.030	0.859	0.066	0.045
0.997	0.001	0.001	0.001
0.156	0.626	0.217	0.001
0.156	0.680	0.001	0.163
0.224	0.647	0.001	0.128
0.091	0.151	0.001	0.757
>AGSTGTGAAA	4-AGSTGTGAAA	8.206992	-31.770612	0	T:65.0(32.50%),B:11746.4(11.92%),P:1e-13	Tpos:264.2,Tstd:143.1,Bpos:285.9,Bstd:179.5,StrandBias:0.4,Multiplicity:1.14
0.997	0.001	0.001	0.001
0.060	0.001	0.938	0.001
0.048	0.487	0.464	0.001
0.135	0.042	0.001	0.822
0.001	0.077	0.921	0.001
0.126	0.068	0.062	0.744
0.001	0.001	0.863	0.135
0.997	0.001	0.001	0.001
0.717	0.001	0.281	0.001
0.572	0.127	0.300	0.001
>TCAGGCGTAA	5-TCAGGCGTAA	11.417763	-28.676703	0	T:8.0(4.00%),B:53.2(0.05%),P:1e-12	Tpos:399.5,Tstd:280.7,Bpos:274.2,Bstd:176.9,StrandBias:0.0,Multiplicity:1.00
0.001	0.001	0.260	0.738
0.001	0.997	0.001	0.001
0.997	0.001	0.001	0.001
0.001	0.001	0.997	0.001
0.001	0.001	0.997	0.001
0.001	0.997	0.001	0.001
0.001	0.112	0.886	0.001
0.001	0.001	0.001	0.997
0.824	0.174	0.001	0.001
0.776	0.001	0.001	0.222
>GRCAGATGGT	6-GRCAGATGGT	10.175508	-26.912410	0	T:21.0(10.50%),B:1405.6(1.43%),P:1e-11	Tpos:265.7,Tstd:126.0,Bpos:289.3,Bstd:176.8,StrandBias:0.5,Multiplicity:1.10
0.209	0.001	0.789	0.001
0.461	0.001	0.537	0.001
0.001	0.997	0.001	0.001
0.997	0.001	0.001	0.001
0.001	0.001	0.678	0.320
0.997	0.001	0.001	0.001
0.001	0.017	0.001	0.981
0.236	0.001	0.762	0.001
0.001	0.001	0.997	0.001
0.088	0.001	0.118	0.793
>CTCCTTTTGG	7-CTCCTTTTGG	8.281363	-25.428444	0	T:43.0(21.50%),B:6599.2(6.70%),P:1e-11	Tpos:285.6,Tstd:199.5,Bpos:287.4,Bstd:177.0,StrandBias:-0.3,Multiplicity:1.07
0.001	0.904	0.060	0.035
0.001	0.071	0.001	0.927
0.001	0.956	0.042	0.001
0.001	0.997	0.001	0.001
0.155	0.050	0.001	0.794
0.001	0.001	0.061	0.937
0.078	0.001	0.054	0.867
0.001	0.001	0.047	0.951
0.001	0.001	0.951	0.047
0.001	0.052	0.763	0.184
>TCCTTGGATG	8-TCCTTGGATG	13.697789	-21.847839	0	T:9.0(4.50%),B:191.6(0.19%),P:1e-9	Tpos:328.2,Tstd:240.1,Bpos:274.5,Bstd:169.3,StrandBias:1.8,Multiplicity:1.00
0.001	0.001	0.001	0.997
0.127	0.871	0.001	0.001
0.001	0.997	0.001	0.001
0.001	0.001	0.001	0.997
0.001	0.001	0.001	0.997
0.001	0.001	0.997	0.001
0.001	0.001	0.997	0.001
0.997	0.001	0.001	0.001
0.001	0.001	0.001	0.997
0.001	0.001	0.997	0.001
>TCCCTGACAC	9-TCCCTGACAC	9.604213	-21.759334	0	T:28.0(14.00%),B:3375.9(3.43%),P:1e-9	Tpos:397.1,Tstd:268.9,Bpos:287.4,Bstd:178.5,StrandBias:0.3,Multiplicity:1.15
0.116	0.056	0.001	0.827
0.001	0.904	0.049	0.046
0.001	0.960	0.001	0.038
0.001	0.926	0.001	0.072
0.080	0.001	0.001	0.918
0.063	0.001	0.935	0.001
0.962	0.036	0.001	0.001
0.041	0.911	0.047	0.001
0.828	0.001	0.134	0.037
0.135	0.863	0.001	0.001
>TGTTTAGAAA	10-TGTTTAGAAA	9.566969	-20.850763	0	T:28.0(14.00%),B:3517.1(3.57%),P:1e-9	Tpos:294.0,Tstd:211.1,Bpos:285.2,Bstd:181.0,StrandBias:-0.1,Multiplicity:1.00
0.077	0.001	0.001	0.921
0.001	0.067	0.873	0.059
0.001	0.001	0.001	0.997
0.001	0.061	0.065	0.873
0.090	0.001	0.001	0.908
0.865	0.001	0.133	0.001
0.034	0.001	0.895	0.070
0.997	0.001	0.001	0.001
0.829	0.001	0.054	0.116
0.882	0.116	0.001	0.001
>RKGGGTGTSA	11-RKGGGTGTSA	7.658117	-20.719493	0	T:47.0(23.50%),B:8918.5(9.05%),P:1e-8	Tpos:321.6,Tstd:211.4,Bpos:288.4,Bstd:183.7,StrandBias:-0.5,Multiplicity:1.46
0.306	0.054	0.411	0.230
0.153	0.001	0.459	0.387
0.025	0.001	0.611	0.363
0.031	0.056	0.912	0.001
0.181	0.141	0.645	0.033
0.001	0.183	0.043	0.773
0.036	0.105	0.858	0.001
0.081	0.053	0.026	0.840
0.194	0.294	0.416	0.096
0.649	0.293	0.057	0.001
>CCCTGCTGGG	12-CCCTGCTGGG	7.836988	-20.591634	0	T:58.0(29.00%),B:12619.7(12.80%),P:1e-8	Tpos:276.6,Tstd:194.2,Bpos:288.6,Bstd:180.1,StrandBias:-0.2,Multiplicity:1.09
0.087	0.782	0.034	0.097
0.146	0.780	0.048	0.026
0.073	0.874	0.001	0.052
0.035	0.051	0.030	0.884
0.093	0.024	0.759	0.124
0.032	0.734	0.138	0.096
0.014	0.108	0.018	0.860
0.096	0.008	0.845	0.051
0.122	0.006	0.766	0.106
0.056	0.163	0.731	0.050
>GCTTGTTCTC	13-GCTTGTTCTC	7.430484	-18.442673	0	T:58.0(29.00%),B:13372.6(13.57%),P:1e-8	Tpos:328.7,Tstd:207.8,Bpos:289.3,Bstd:178.4,StrandBias:0.0,Multiplicity:1.16
0.029	0.103	0.787	0.081
0.148	0.738	0.050	0.064
0.054	0.104	0.020	0.822
0.041	0.048	0.096	0.815
0.023	0.071	0.753	0.153
0.066	0.076	0.113	0.745
0.073	0.043	0.040	0.844
0.106	0.804	0.026	0.064
0.042	0.099	0.001	0.858
0.018	0.847	0.039	0.096
>GAGGCTGTTA	14-GAGGCTGTTA	9.967752	-16.760208	0	T:15.0(7.50%),B:1242.1(1.26%),P:1e-7	Tpos:252.2,Tstd:173.2,Bpos:285.4,Bstd:181.5,StrandBias:-0.4,Multiplicity:1.00
0.001	0.001	0.997	0.001
0.898	0.001	0.001	0.100
0.001	0.001	0.889	0.109
0.001	0.001	0.997	0.001
0.001	0.997	0.001	0.001
0.001	0.001	0.001	0.997
0.162	0.116	0.458	0.265
0.001	0.100	0.001	0.898
0.001	0.076	0.001	0.922
0.930	0.001	0.001	0.068
>TCCAAATGGT	15-TCCAAATGGT	11.763122	-15.642143	0	T:9.0(4.50%),B:396.2(0.40%),P:1e-6	Tpos:353.2,Tstd:163.8,Bpos:297.2,Bstd:181.0,StrandBias:0.0,Multiplicity:1.00
0.001	0.001	0.001	0.997
0.001	0.997	0.001	0.001
0.001	0.997	0.001	0.001
0.997	0.001	0.001	0.001
0.997	0.001	0.001	0.001
0.997	0.001	0.001	0.001
0.001	0.001	0.001	0.997
0.001	0.001	0.849	0.149
0.001	0.001	0.997	0.001
0.156	0.001	0.001	0.842
>AAGCTTCGGG	16-AAGCTTCGGG	10.069678	-14.613935	0	T:14.0(7.00%),B:1273.6(1.29%),P:1e-6	Tpos:336.1,Tstd:266.5,Bpos:292.4,Bstd:177.0,StrandBias:0.0,Multiplicity:1.00
0.861	0.001	0.137	0.001
0.820	0.001	0.001	0.178
0.001	0.001	0.997	0.001
0.001	0.997	0.001	0.001
0.001	0.001	0.001	0.997
0.001	0.001	0.001	0.997
0.113	0.759	0.062	0.066
0.057	0.138	0.752	0.053
0.001	0.001	0.997	0.001
0.001	0.193	0.805	0.001
>CTGCTGTTTT	17-CTGCTGTTTT	10.084217	-13.711471	0	T:28.0(14.00%),B:4965.3(5.04%),P:1e-5	Tpos:257.6,Tstd:173.7,Bpos:289.4,Bstd:184.4,StrandBias:0.0,Multiplicity:1.04
0.280	0.556	0.001	0.163
0.001	0.001	0.001	0.997
0.001	0.001	0.677	0.321
0.001	0.997	0.001	0.001
0.001	0.001	0.001	0.997
0.001	0.001	0.997	0.001
0.001	0.001	0.001	0.997
0.001	0.001	0.208	0.790
0.001	0.167	0.001	0.831
0.211	0.080	0.001	0.708
>TGTTAGTTCA	18-TGTTAGTTCA	11.204813	-4.639376	0	T:3.0(1.50%),B:213.5(0.22%),P:1e-2	Tpos:515.1,Tstd:327.1,Bpos:288.8,Bstd:167.4,StrandBias:10.0,Multiplicity:11.67
0.001	0.001	0.001	0.997
0.001	0.001	0.997	0.001
0.001	0.001	0.001	0.997
0.001	0.001	0.001	0.997
0.997	0.001	0.001	0.001
0.001	0.001	0.997	0.001
0.001	0.001	0.001	0.997
0.001	0.001	0.001	0.997
0.001	0.926	0.001	0.072
0.997	0.001	0.001	0.001
>ATGCTGGGGT	19-ATGCTGGGGT	13.668830	-3.265432	0	T:3.0(1.50%),B:362.8(0.37%),P:1e-1	Tpos:505.9,Tstd:340.6,Bpos:307.5,Bstd:180.1,StrandBias:-4.5,Multiplicity:12.00
0.997	0.001	0.001	0.001
0.001	0.001	0.001	0.997
0.068	0.001	0.930	0.001
0.001	0.997	0.001	0.001
0.001	0.001	0.001	0.997
0.052	0.001	0.946	0.001
0.001	0.001	0.997	0.001
0.042	0.001	0.956	0.001
0.001	0.001	0.997	0.001
0.001	0.001	0.001	0.997
>GGAAAGGAAA	20-GGAAAGGAAA	10.296193	-1.547316	0	T:3.0(1.50%),B:783.0(0.79%),P:1e0	Tpos:183.4,Tstd:50.5,Bpos:292.3,Bstd:163.5,StrandBias:4.3,Multiplicity:7.00
0.100	0.100	0.700	0.100
0.100	0.100	0.700	0.100
0.700	0.100	0.100	0.100
0.700	0.100	0.100	0.100
0.700	0.100	0.100	0.100
0.100	0.100	0.700	0.100
0.100	0.100	0.700	0.100
0.700	0.100	0.100	0.100
0.700	0.100	0.100	0.100
0.700	0.100	0.100	0.100
>AACAAATGGTCA	1-AACAAATGGTCA	7.935609	-126.088636	0	T:104.0(52.00%),B:8658.8(8.79%),P:1e-54	Tpos:278.6,Tstd:177.8,Bpos:286.3,Bstd:175.8,StrandBias:0.2,Multiplicity:1.17
0.664	0.111	0.177	0.048
0.723	0.115	0.143	0.019
0.053	0.826	0.086	0.035
0.913	0.059	0.015	0.013
0.830	0.025	0.105	0.040
0.822	0.050	0.076	0.052
0.151	0.025	0.064	0.760
0.062	0.010	0.853	0.075
0.067	0.085	0.752	0.096
0.087	0.131	0.120	0.662
0.123	0.521	0.215	0.141
0.676	0.124	0.050	0.150
>GTGGCAAATGGT	2-GTGGCAAATGGT	9.231806	-69.383911	0	T:47.0(23.50%),B:2549.0(2.59%),P:1e-30	Tpos:266.4,Tstd:123.5,Bpos:291.6,Bstd:174.3,StrandBias:0.0,Multiplicity:1.03
0.109	0.045	0.721	0.125
0.223	0.078	0.001	0.698
0.001	0.077	0.921	0.001
0.126	0.001	0.804	0.069
0.049	0.949	0.001	0.001
0.921	0.077	0.001	0.001
0.802	0.050	0.087	0.061
0.953	0.001	0.045	0.001
0.052	0.078	0.001	0.869
0.001	0.001	0.921	0.077
0.001	0.089	0.862	0.048
0.078	0.160	0.175	0.587
>GCCAAATGGCMK	3-GCCAAATGGCMK	10.643950	-63.735947	0	T:24.0(12.00%),B:370.7(0.38%),P:1e-27	Tpos:328.3,Tstd:190.4,Bpos:293.4,Bstd:182.0,StrandBias:0.0,Multiplicity:1.04
0.029	0.001	0.781	0.189
0.001	0.997	0.001	0.001
0.001	0.997	0.001	0.001
0.997	0.001	0.001	0.001
0.863	0.001	0.001	0.135
0.863	0.001	0.001	0.135
0.001	0.001	0.001	0.997
0.001	0.001	0.997	0.001
0.001	0.001	0.997	0.001
0.001	0.654	0.001	0.344
0.354	0.489	0.001	0.156
0.001	0.001	0.509	0.489
>GGTGTGAAGTCM	4-GGTGTGAAGTCM	10.429167	-47.684319	0	T:27.0(13.50%),B:1053.7(1.07%),P:1e-20	Tpos:319.9,Tstd:248.8,Bpos:293.8,Bstd:178.9,StrandBias:0.7,Multiplicity:1.00
0.188	0.001	0.810	0.001
0.001	0.295	0.703	0.001
0.175	0.001	0.001	0.823
0.001	0.001	0.935	0.063
0.001	0.001	0.001	0.997
0.001	0.085	0.821	0.093
0.997	0.001	0.001	0.001
0.854	0.001	0.144	0.001
0.273	0.264	0.462	0.001
0.001	0.102	0.293	0.604
0.001	0.834	0.087	0.078
0.476	0.522	0.001	0.001
>CCATTTGCTGTT	5-CCATTTGCTGTT	9.960842	-47.504875	0	T:32.0(16.00%),B:1693.1(1.72%),P:1e-20	Tpos:286.5,Tstd:139.8,Bpos:279.3,Bstd:179.0,StrandBias:-0.1,Multiplicity:1.00
0.159	0.774	0.001	0.066
0.001	0.945	0.001	0.053
0.772	0.129	0.001	0.098
0.174	0.001	0.071	0.754
0.052	0.093	0.050	0.805
0.063	0.001	0.001	0.935
0.001	0.001	0.955	0.043
0.001	0.802	0.106	0.091
0.056	0.091	0.001	0.852
0.188	0.044	0.664	0.104
0.057	0.145	0.001	0.797
0.001	0.001	0.044	0.954
>GSTGTCARGGAG	6-GSTGTCARGGAG	9.632248	-32.178502	0	T:25.0(12.50%),B:1651.7(1.68%),P:1e-13	Tpos:332.0,Tstd:230.2,Bpos:290.0,Bstd:184.2,StrandBias:0.0,Multiplicity:1.28
0.003	0.001	0.993	0.003
0.004	0.429	0.564	0.003
0.001	0.001	0.001	0.997
0.004	0.001	0.992	0.003
0.003	0.001	0.001	0.995
0.001	0.935	0.063	0.001
0.932	0.001	0.001	0.066
0.463	0.001	0.381	0.155
0.161	0.001	0.837	0.001
0.001	0.150	0.848	0.001
0.748	0.001	0.001	0.250
0.001	0.319	0.677	0.003
>CTGTAARWGCTG	7-CTGTAARWGCTG	12.955618	-29.476830	0	T:12.0(6.00%),B:238.8(0.24%),P:1e-12	Tpos:321.2,Tstd:204.6,Bpos:275.6,Bstd:175.7,StrandBias:-0.5,Multiplicity:1.00
0.001	0.997	0.001	0.001
0.001	0.001	0.001	0.997
0.001	0.001	0.997	0.001
0.001	0.001	0.001	0.997
0.536	0.206	0.001	0.257
0.982	0.016	0.001	0.001
0.469	0.001	0.529	0.001
0.498	0.001	0.001	0.500
0.001	0.001	0.997	0.001
0.001	0.997	0.001	0.001
0.245	0.001	0.001	0.753
0.001	0.001	0.753	0.245
>TCAGGTGCCAGG	8-TCAGGTGCCAGG	11.140623	-26.800086	0	T:17.0(8.50%),B:830.3(0.84%),P:1e-11	Tpos:385.8,Tstd:263.0,Bpos:284.3,Bstd:176.0,StrandBias:0.9,Multiplicity:1.00
0.082	0.001	0.001	0.916
0.001	0.670	0.187	0.142
0.997	0.001	0.001	0.001
0.212	0.001	0.690	0.097
0.106	0.258	0.635	0.001
0.075	0.007	0.001	0.917
0.001	0.001	0.904	0.094
0.136	0.699	0.001	0.164
0.001	0.997	0.001	0.001
0.921	0.001	0.001	0.077
0.130	0.001	0.782	0.087
0.105	0.001	0.893	0.001
>GGGAAAACAAAC	9-GGGAAAACAAAC	9.300021	-26.293852	0	T:35.0(17.50%),B:4349.5(4.41%),P:1e-11	Tpos:256.5,Tstd:113.0,Bpos:288.6,Bstd:182.7,StrandBias:-0.2,Multiplicity:1.06
0.101	0.001	0.897	0.001
0.148	0.001	0.735	0.116
0.131	0.160	0.708	0.001
0.863	0.135	0.001	0.001
0.775	0.073	0.151	0.001
0.890	0.047	0.001	0.062
0.879	0.119	0.001	0.001
0.060	0.938	0.001	0.001
0.916	0.001	0.001	0.082
0.756	0.088	0.155	0.001
0.838	0.088	0.001	0.073
0.060	0.814	0.125	0.001
>GGAAGRGAWAGG	10-GGAAGRGAWAGG	13.932127	-24.584539	0	T:6.0(3.00%),B:25.8(0.03%),P:1e-10	Tpos:347.0,Tstd:278.3,Bpos:283.1,Bstd:147.9,StrandBias:2.3,Multiplicity:1.00
0.001	0.001	0.997	0.001
0.001	0.001	0.997	0.001
0.997	0.001	0.001	0.001
0.997	0.001	0.001	0.001
0.268	0.001	0.730	0.001
0.564	0.001	0.434	0.001
0.001	0.001	0.997	0.001
0.997	0.001	0.001	0.001
0.434	0.001	0.001	0.564
0.614	0.001	0.001	0.384
0.384	0.001	0.614	0.001
0.001	0.001	0.779	0.219
>ATGTCCTTGGAT	11-ATGTCCTTGGAT	12.355432	-23.035120	0	T:5.0(2.50%),B:13.6(0.01%),P:1e-10	Tpos:215.2,Tstd:160.5,Bpos:254.4,Bstd:129.1,StrandBias:10.0,Multiplicity:1.00
0.700	0.100	0.100	0.100
0.100	0.100	0.100	0.700
0.100	0.100	0.700	0.100
0.100	0.100	0.100	0.700
0.100	0.700	0.100	0.100
0.100	0.700	0.100	0.100
0.100	0.100	0.100	0.700
0.100	0.100	0.100	0.700
0.100	0.100	0.700	0.100
0.100	0.100	0.700	0.100
0.700	0.100	0.100	0.100
0.100	0.100	0.100	0.700
>GTCAACAGTCAC	12-GTCAACAGTCAC	11.177146	-22.773237	0	T:11.0(5.50%),B:330.4(0.34%),P:1e-9	Tpos:223.5,Tstd:148.7,Bpos:281.8,Bstd:193.0,StrandBias:0.8,Multiplicity:1.00
0.001	0.103	0.795	0.101
0.001	0.129	0.001	0.869
0.258	0.740	0.001	0.001
0.898	0.100	0.001	0.001
0.726	0.154	0.001	0.119
0.129	0.636	0.234	0.001
0.635	0.147	0.115	0.103
0.010	0.001	0.988	0.001
0.001	0.129	0.001	0.869
0.001	0.997	0.001	0.001
0.997	0.001	0.001	0.001
0.001	0.862	0.136	0.001
>CTGAGGCVTCAC	13-CTGAGGCVTCAC	11.933719	-20.229698	0	T:11.0(5.50%),B:423.0(0.43%),P:1e-8	Tpos:292.8,Tstd:138.1,Bpos:284.1,Bstd:179.4,StrandBias:0.3,Multiplicity:1.00
0.001	0.997	0.001	0.001
0.001	0.001	0.001	0.997
0.001	0.393	0.605	0.001
0.997	0.001	0.001	0.001
0.353	0.001	0.645	0.001
0.001	0.001	0.997	0.001
0.001	0.997	0.001	0.001
0.383	0.246	0.238	0.133
0.001	0.328	0.001	0.670
0.355	0.643	0.001	0.001
0.997	0.001	0.001	0.001
0.001	0.827	0.001	0.171
>GCATCTTARMTC	14-GCATCTTARMTC	11.267888	-20.035746	0	T:7.0(3.50%),B:99.3(0.10%),P:1e-8	Tpos:267.0,Tstd:305.1,Bpos:273.2,Bstd:162.8,StrandBias:0.4,Multiplicity:1.00
0.001	0.001	0.997	0.001
0.001	0.997	0.001	0.001
0.608	0.390	0.001	0.001
0.001	0.001	0.001	0.997
0.001	0.997	0.001	0.001
0.001	0.001	0.001	0.997
0.001	0.001	0.001	0.997
0.960	0.038	0.001	0.001
0.517	0.001	0.430	0.052
0.517	0.481	0.001	0.001
0.001	0.001	0.001	0.997
0.001	0.997	0.001	0.001
>CCCTGCTGGGCA	15-CCCTGCTGGGCA	10.328140	-16.601498	0	T:16.0(8.00%),B:1447.4(1.47%),P:1e-7	Tpos:221.3,Tstd:122.2,Bpos:283.6,Bstd:182.2,StrandBias:0.0,Multiplicity:1.00
0.044	0.770	0.089	0.097
0.161	0.768	0.001	0.070
0.054	0.831	0.064	0.051
0.001	0.001	0.067	0.931
0.055	0.045	0.811	0.089
0.047	0.896	0.001	0.056
0.041	0.001	0.047	0.911
0.001	0.001	0.997	0.001
0.088	0.001	0.828	0.083
0.040	0.207	0.752	0.001
0.119	0.671	0.115	0.095
0.841	0.097	0.061	0.001
>GTAATCACCCCC	16-GTAATCACCCCC	8.463612	-11.295658	0	T:17.0(8.50%),B:2442.8(2.48%),P:1e-4	Tpos:322.4,Tstd:241.7,Bpos:288.1,Bstd:174.9,StrandBias:0.0,Multiplicity:1.06
0.100	0.100	0.700	0.100
0.100	0.100	0.100	0.700
0.700	0.100	0.100	0.100
0.700	0.100	0.100	0.100
0.100	0.100	0.100	0.700
0.100	0.700	0.100	0.100
0.700	0.100	0.100	0.100
0.100	0.700	0.100	0.100
0.100	0.700	0.100	0.100
0.100	0.700	0.100	0.100
0.100	0.700	0.100	0.100
0.100	0.700	0.100	0.100
>GCTGTTCCATAT	17-GCTGTTCCATAT	13.416896	-10.348691	0	T:3.0(1.50%),B:29.3(0.03%),P:1e-4	Tpos:292.3,Tstd:78.9,Bpos:329.1,Bstd:177.0,StrandBias:1.0,Multiplicity:2.00
0.001	0.001	0.845	0.153
0.209	0.789	0.001	0.001
0.001	0.001	0.001	0.997
0.328	0.153	0.518	0.001
0.001	0.001	0.001	0.997
0.001	0.001	0.001	0.997
0.001	0.997	0.001	0.001
0.001	0.997	0.001	0.001
0.789	0.001	0.001	0.209
0.001	0.001	0.001	0.997
0.584	0.001	0.414	0.001
0.001	0.001	0.256	0.742
>TCTCACACCCAC	18-TCTCACACCCAC	14.200204	-6.616942	0	T:2.0(1.00%),B:26.3(0.03%),P:1e-2	Tpos:310.5,Tstd:88.3,Bpos:298.5,Bstd:152.4,StrandBias:10.0,Multiplicity:6.00
0.001	0.058	0.001	0.940
0.001	0.997	0.001	0.001
0.001	0.001	0.001	0.997
0.001	0.997	0.001	0.001
0.997	0.001	0.001	0.001
0.001	0.997	0.001	0.001
0.997	0.001	0.001	0.001
0.001	0.997	0.001	0.001
0.001	0.997	0.001	0.001
0.001	0.902	0.001	0.096
0.997	0.001	0.001	0.001
0.001	0.997	0.001	0.001
>GTTAGTTCACAC	19-GTTAGTTCACAC	9.694726	-6.034434	0	T:2.0(1.00%),B:35.6(0.04%),P:1e-2	Tpos:538.7,Tstd:307.6,Bpos:268.0,Bstd:169.7,StrandBias:10.0,Multiplicity:15.00
0.001	0.001	0.997	0.001
0.001	0.001	0.001	0.997
0.001	0.001	0.001	0.997
0.997	0.001	0.001	0.001
0.001	0.001	0.997	0.001
0.001	0.001	0.001	0.997
0.001	0.001	0.001	0.997
0.001	0.997	0.001	0.001
0.997	0.001	0.001	0.001
0.001	0.851	0.001	0.147
0.997	0.001	0.001	0.001
0.001	0.997	0.001	0.001
>AGCATCWGTGTG	20-AGCATCWGTGTG	13.553374	-4.538082	0	T:2.0(1.00%),B:76.9(0.08%),P:1e-1	Tpos:575.8,Tstd:292.6,Bpos:324.8,Bstd:172.3,StrandBias:10.0,Multiplicity:13.00
0.997	0.001	0.001	0.001
0.001	0.001	0.997	0.001
0.001	0.997	0.001	0.001
0.997	0.001	0.001	0.001
0.001	0.001	0.001	0.997
0.001	0.997	0.001	0.001
0.531	0.001	0.001	0.467
0.001	0.001	0.997	0.001
0.001	0.001	0.001	0.997
0.001	0.001	0.997	0.001
0.001	0.001	0.001	0.997
0.001	0.001	0.909	0.089
>AAAGGAAAGGAA	21-AAAGGAAAGGAA	13.854956	-3.853060	0	T:3.0(1.50%),B:287.7(0.29%),P:1e-1	Tpos:193.2,Tstd:62.9,Bpos:291.1,Bstd:148.8,StrandBias:4.3,Multiplicity:1.33
0.997	0.001	0.001	0.001
0.997	0.001	0.001	0.001
0.997	0.001	0.001	0.001
0.001	0.001	0.997	0.001
0.001	0.001	0.997	0.001
0.926	0.072	0.001	0.001
0.997	0.001	0.001	0.001
0.997	0.001	0.001	0.001
0.001	0.001	0.997	0.001
0.001	0.001	0.997	0.001
0.929	0.069	0.001	0.001
0.997	0.001	0.001	0.001
>CTCACACCCCTG	22-CTCACACCCCTG	16.444658	-3.006372	0	T:1.0(0.50%),B:25.6(0.03%),P:1e-1	Tpos:311.0,Tstd:102.5,Bpos:292.3,Bstd:122.7,StrandBias:10.0,Multiplicity:8.00
0.001	0.997	0.001	0.001
0.001	0.001	0.001	0.997
0.001	0.997	0.001	0.001
0.997	0.001	0.001	0.001
0.001	0.854	0.001	0.144
0.997	0.001	0.001	0.001
0.001	0.997	0.001	0.001
0.001	0.997	0.001	0.001
0.001	0.997	0.001	0.001
0.001	0.997	0.001	0.001
0.001	0.001	0.001	0.997
0.001	0.001	0.997	0.001
>RCCATWTG	1-RCCATWTG	8.348217	-157.443521	0	T:105.0(52.50%),B:6431.5(6.53%),P:1e-68	Tpos:303.5,Tstd:168.8,Bpos:291.2,Bstd:178.2,StrandBias:-0.0,Multiplicity:1.23
0.496	0.060	0.441	0.002
0.001	0.981	0.017	0.001
0.001	0.950	0.048	0.001
0.660	0.001	0.041	0.298
0.386	0.021	0.001	0.592
0.552	0.001	0.001	0.446
0.001	0.051	0.001	0.947
0.001	0.048	0.950	0.001
>RRCAAAYG	2-RRCAAAYG	6.868497	-98.842804	0	T:138.0(69.00%),B:22483.1(22.81%),P:1e-42	Tpos:287.1,Tstd:191.5,Bpos:288.7,Bstd:179.9,StrandBias:0.4,Multiplicity:1.41
0.432	0.001	0.529	0.038
0.468	0.108	0.423	0.001
0.011	0.826	0.018	0.145
0.970	0.001	0.001	0.028
0.544	0.061	0.355	0.040
0.747	0.055	0.001	0.197
0.006	0.392	0.093	0.509
0.205	0.093	0.671	0.031
>TRACACCC	3-TRACACCC	7.115989	-44.147359	0	T:79.0(39.50%),B:13305.5(13.50%),P:1e-19	Tpos:347.3,Tstd:223.3,Bpos:285.7,Bstd:180.4,StrandBias:0.5,Multiplicity:1.70
0.001	0.001	0.001	0.997
0.535	0.077	0.387	0.001
0.997	0.001	0.001	0.001
0.001	0.997	0.001	0.001
0.706	0.001	0.292	0.001
0.001	0.997	0.001	0.001
0.001	0.904	0.094	0.001
0.001	0.611	0.001	0.387
>CCCTGTTG	4-CCCTGTTG	7.234721	-29.043144	0	T:72.0(36.00%),B:14825.4(15.04%),P:1e-12	Tpos:336.4,Tstd:248.6,Bpos:287.2,Bstd:178.4,StrandBias:-0.2,Multiplicity:1.23
0.145	0.586	0.268	0.001
0.046	0.858	0.095	0.001
0.001	0.880	0.001	0.118
0.211	0.001	0.035	0.753
0.001	0.043	0.592	0.364
0.080	0.118	0.001	0.801
0.067	0.001	0.001	0.931
0.039	0.063	0.835	0.063
>GTTTATCG	5-GTTTATCG	6.213211	-19.765088	0	T:67.0(33.50%),B:16163.4(16.40%),P:1e-8	Tpos:325.4,Tstd:233.0,Bpos:287.8,Bstd:178.6,StrandBias:0.1,Multiplicity:1.08
0.058	0.001	0.912	0.029
0.001	0.070	0.001	0.928
0.001	0.065	0.001	0.933
0.001	0.129	0.078	0.792
0.969	0.029	0.001	0.001
0.001	0.001	0.001	0.997
0.001	0.844	0.058	0.097
0.068	0.117	0.685	0.130
>TCATTAGT	6-TCATTAGT	5.205688	-9.645100	0	T:51.0(25.50%),B:14687.7(14.90%),P:1e-4	Tpos:404.2,Tstd:288.0,Bpos:283.9,Bstd:176.2,StrandBias:1.1,Multiplicity:1.98
0.001	0.001	0.048	0.950
0.001	0.725	0.001	0.273
0.725	0.001	0.273	0.001
0.001	0.001	0.001	0.997
0.001	0.211	0.001	0.787
0.997	0.001	0.001	0.001
0.001	0.001	0.997	0.001
0.001	0.001	0.001	0.997
>GGAAAGGA	7-GGAAAGGA	6.731365	-4.635499	0	T:34.0(17.00%),B:11099.0(11.26%),P:1e-2	Tpos:256.5,Tstd:155.6,Bpos:287.8,Bstd:172.3,StrandBias:1.2,Multiplicity:1.59
0.001	0.001	0.997	0.001
0.001	0.001	0.850	0.148
0.997	0.001	0.001	0.001
0.997	0.001	0.001	0.001
0.997	0.001	0.001	0.001
0.001	0.001	0.997	0.001
0.001	0.001	0.997	0.001
0.910	0.001	0.001	0.088
