>RCCATTTGTT	1-RCCATTTGTT,BestGuess:Mesp1(bHLH)/ESC-Mesp1-ChIP-Seq(GSE165102)/Homer(0.979)	8.333977	-212.203490	0	T:130.0(65.00%),B:7590.7(7.70%),P:1e-92
0.344	0.133	0.488	0.035
0.217	0.712	0.070	0.001
0.029	0.969	0.001	0.001
0.785	0.065	0.001	0.149
0.044	0.031	0.001	0.924
0.103	0.054	0.001	0.842
0.001	0.001	0.001	0.997
0.001	0.001	0.997	0.001
0.001	0.179	0.327	0.493
0.003	0.259	0.063	0.675
>GGTGTGAAGTCM	4-GGTGTGAAGTCM,BestGuess:Tbx6/MA1567.3/Jaspar(0.863)	10.429167	-47.684319	0	T:27.0(13.50%),B:1053.7(1.07%),P:1e-20
0.188	0.001	0.810	0.001
0.001	0.295	0.703	0.001
0.175	0.001	0.001	0.823
0.001	0.001	0.935	0.063
0.001	0.001	0.001	0.997
0.001	0.085	0.821	0.093
0.997	0.001	0.001	0.001
0.854	0.001	0.144	0.001
0.273	0.264	0.462	0.001
0.001	0.102	0.293	0.604
0.001	0.834	0.087	0.078
0.476	0.522	0.001	0.001
>CTGTAARWGCTG	7-CTGTAARWGCTG,BestGuess:RLR1(MacIsaac)/Yeast(0.685)	12.955618	-29.476830	0	T:12.0(6.00%),B:238.8(0.24%),P:1e-12
0.001	0.997	0.001	0.001
0.001	0.001	0.001	0.997
0.001	0.001	0.997	0.001
0.001	0.001	0.001	0.997
0.536	0.206	0.001	0.257
0.982	0.016	0.001	0.001
0.469	0.001	0.529	0.001
0.498	0.001	0.001	0.500
0.001	0.001	0.997	0.001
0.001	0.997	0.001	0.001
0.245	0.001	0.001	0.753
0.001	0.001	0.753	0.245
>TCAGGCGTAA	5-TCAGGCGTAA,BestGuess:Zfp335/MA2002.2/Jaspar(0.726)	11.417763	-28.676703	0	T:8.0(4.00%),B:53.2(0.05%),P:1e-12
0.001	0.001	0.260	0.738
0.001	0.997	0.001	0.001
0.997	0.001	0.001	0.001
0.001	0.001	0.997	0.001
0.001	0.001	0.997	0.001
0.001	0.997	0.001	0.001
0.001	0.112	0.886	0.001
0.001	0.001	0.001	0.997
0.824	0.174	0.001	0.001
0.776	0.001	0.001	0.222
>TCAGGTGCCAGG	8-TCAGGTGCCAGG,BestGuess:Tbx5(T-box)/HL1-Tbx5.biotin-ChIP-Seq(GSE21529)/Homer(0.724)	11.140623	-26.800086	0	T:17.0(8.50%),B:830.3(0.84%),P:1e-11
0.082	0.001	0.001	0.916
0.001	0.670	0.187	0.142
0.997	0.001	0.001	0.001
0.212	0.001	0.690	0.097
0.106	0.258	0.635	0.001
0.075	0.007	0.001	0.917
0.001	0.001	0.904	0.094
0.136	0.699	0.001	0.164
0.001	0.997	0.001	0.001
0.921	0.001	0.001	0.077
0.130	0.001	0.782	0.087
0.105	0.001	0.893	0.001
>GGGAAAACAAAC	9-GGGAAAACAAAC,BestGuess:HuR(RRM)/Homo_sapiens-RNCMPT00112-PBM/HughesRNA(0.767)	9.300021	-26.293852	0	T:35.0(17.50%),B:4349.5(4.41%),P:1e-11
0.101	0.001	0.897	0.001
0.148	0.001	0.735	0.116
0.131	0.160	0.708	0.001
0.863	0.135	0.001	0.001
0.775	0.073	0.151	0.001
0.890	0.047	0.001	0.062
0.879	0.119	0.001	0.001
0.060	0.938	0.001	0.001
0.916	0.001	0.001	0.082
0.756	0.088	0.155	0.001
0.838	0.088	0.001	0.073
0.060	0.814	0.125	0.001
>GGAAGRGAWAGG	10-GGAAGRGAWAGG,BestGuess:PU.1-IRF(ETS:IRF)/Bcell-PU.1-ChIP-Seq(GSE21512)/Homer(0.769)	13.932127	-24.584539	0	T:6.0(3.00%),B:25.8(0.03%),P:1e-10
0.001	0.001	0.997	0.001
0.001	0.001	0.997	0.001
0.997	0.001	0.001	0.001
0.997	0.001	0.001	0.001
0.268	0.001	0.730	0.001
0.564	0.001	0.434	0.001
0.001	0.001	0.997	0.001
0.997	0.001	0.001	0.001
0.434	0.001	0.001	0.564
0.614	0.001	0.001	0.384
0.384	0.001	0.614	0.001
0.001	0.001	0.779	0.219
>ATGTCCTTGGAT	11-ATGTCCTTGGAT,BestGuess:Nr5a2(NR)/mES-Nr5a2-ChIP-Seq(GSE19019)/Homer(0.743)	12.355432	-23.035120	0	T:5.0(2.50%),B:13.6(0.01%),P:1e-10
0.700	0.100	0.100	0.100
0.100	0.100	0.100	0.700
0.100	0.100	0.700	0.100
0.100	0.100	0.100	0.700
0.100	0.700	0.100	0.100
0.100	0.700	0.100	0.100
0.100	0.100	0.100	0.700
0.100	0.100	0.100	0.700
0.100	0.100	0.700	0.100
0.100	0.100	0.700	0.100
0.700	0.100	0.100	0.100
0.100	0.100	0.100	0.700
>GTCAACAGTCAC	12-GTCAACAGTCAC,BestGuess:Nr2f6/MA0677.2/Jaspar(0.716)	11.177146	-22.773237	0	T:11.0(5.50%),B:330.4(0.34%),P:1e-9
0.001	0.103	0.795	0.101
0.001	0.129	0.001	0.869
0.258	0.740	0.001	0.001
0.898	0.100	0.001	0.001
0.726	0.154	0.001	0.119
0.129	0.636	0.234	0.001
0.635	0.147	0.115	0.103
0.010	0.001	0.988	0.001
0.001	0.129	0.001	0.869
0.001	0.997	0.001	0.001
0.997	0.001	0.001	0.001
0.001	0.862	0.136	0.001
>TGTTTAGAAA	10-TGTTTAGAAA,BestGuess:FoxL1/MA2235.1/Jaspar(0.817)	9.566969	-20.850763	0	T:28.0(14.00%),B:3517.1(3.57%),P:1e-9
0.077	0.001	0.001	0.921
0.001	0.067	0.873	0.059
0.001	0.001	0.001	0.997
0.001	0.061	0.065	0.873
0.090	0.001	0.001	0.908
0.865	0.001	0.133	0.001
0.034	0.001	0.895	0.070
0.997	0.001	0.001	0.001
0.829	0.001	0.054	0.116
0.882	0.116	0.001	0.001
>CCCTGCTGGG	12-CCCTGCTGGG,BestGuess:Unknown-ESC-element(?)/mES-Nanog-ChIP-Seq(GSE11724)/Homer(0.896)	7.836988	-20.591634	0	T:58.0(29.00%),B:12619.7(12.80%),P:1e-8
0.087	0.782	0.034	0.097
0.146	0.780	0.048	0.026
0.073	0.874	0.001	0.052
0.035	0.051	0.030	0.884
0.093	0.024	0.759	0.124
0.032	0.734	0.138	0.096
0.014	0.108	0.018	0.860
0.096	0.008	0.845	0.051
0.122	0.006	0.766	0.106
0.056	0.163	0.731	0.050
>GCATCTTARMTC	14-GCATCTTARMTC,BestGuess:ZCRB1(RRM)/Homo_sapiens-RNCMPT00087-PBM/HughesRNA(0.635)	11.267888	-20.035746	0	T:7.0(3.50%),B:99.3(0.10%),P:1e-8
0.001	0.001	0.997	0.001
0.001	0.997	0.001	0.001
0.608	0.390	0.001	0.001
0.001	0.001	0.001	0.997
0.001	0.997	0.001	0.001
0.001	0.001	0.001	0.997
0.001	0.001	0.001	0.997
0.960	0.038	0.001	0.001
0.517	0.001	0.430	0.052
0.517	0.481	0.001	0.001
0.001	0.001	0.001	0.997
0.001	0.997	0.001	0.001
>GTTTATCG	5-GTTTATCG,BestGuess:KHDRBS3(KH)/Homo_sapiens-RNCMPT00034-PBM/HughesRNA(0.916)	6.213211	-19.765088	0	T:67.0(33.50%),B:16163.4(16.40%),P:1e-8
0.058	0.001	0.912	0.029
0.001	0.070	0.001	0.928
0.001	0.065	0.001	0.933
0.001	0.129	0.078	0.792
0.969	0.029	0.001	0.001
0.001	0.001	0.001	0.997
0.001	0.844	0.058	0.097
0.068	0.117	0.685	0.130
>GAGGCTGTTA	14-GAGGCTGTTA,BestGuess:CRZ1(MacIsaac)/Yeast(0.768)	9.967752	-16.760208	0	T:15.0(7.50%),B:1242.1(1.26%),P:1e-7
0.001	0.001	0.997	0.001
0.898	0.001	0.001	0.100
0.001	0.001	0.889	0.109
0.001	0.001	0.997	0.001
0.001	0.997	0.001	0.001
0.001	0.001	0.001	0.997
0.162	0.116	0.458	0.265
0.001	0.100	0.001	0.898
0.001	0.076	0.001	0.922
0.930	0.001	0.001	0.068
>AAGCTTCGGG	16-AAGCTTCGGG,BestGuess:Nr2e3/MA0164.2/Jaspar(0.815)	10.069678	-14.613935	0	T:14.0(7.00%),B:1273.6(1.29%),P:1e-6
0.861	0.001	0.137	0.001
0.820	0.001	0.001	0.178
0.001	0.001	0.997	0.001
0.001	0.997	0.001	0.001
0.001	0.001	0.001	0.997
0.001	0.001	0.001	0.997
0.113	0.759	0.062	0.066
0.057	0.138	0.752	0.053
0.001	0.001	0.997	0.001
0.001	0.193	0.805	0.001
>CTGCTGTTTT	17-CTGCTGTTTT,BestGuess:Stat2/MA1623.2/Jaspar(0.772)	10.084217	-13.711471	0	T:28.0(14.00%),B:4965.3(5.04%),P:1e-5
0.280	0.556	0.001	0.163
0.001	0.001	0.001	0.997
0.001	0.001	0.677	0.321
0.001	0.997	0.001	0.001
0.001	0.001	0.001	0.997
0.001	0.001	0.997	0.001
0.001	0.001	0.001	0.997
0.001	0.001	0.208	0.790
0.001	0.167	0.001	0.831
0.211	0.080	0.001	0.708
>GTAATCACCCCC	16-GTAATCACCCCC,BestGuess:SREBF2/MA0596.1/Jaspar(0.660)	8.463612	-11.295658	0	T:17.0(8.50%),B:2442.8(2.48%),P:1e-4
0.100	0.100	0.700	0.100
0.100	0.100	0.100	0.700
0.700	0.100	0.100	0.100
0.700	0.100	0.100	0.100
0.100	0.100	0.100	0.700
0.100	0.700	0.100	0.100
0.700	0.100	0.100	0.100
0.100	0.700	0.100	0.100
0.100	0.700	0.100	0.100
0.100	0.700	0.100	0.100
0.100	0.700	0.100	0.100
0.100	0.700	0.100	0.100
>GCTGTTCCATAT	17-GCTGTTCCATAT,BestGuess:ZNF189/MA1725.2/Jaspar(0.806)	13.416896	-10.348691	0	T:3.0(1.50%),B:29.3(0.03%),P:1e-4
0.001	0.001	0.845	0.153
0.209	0.789	0.001	0.001
0.001	0.001	0.001	0.997
0.328	0.153	0.518	0.001
0.001	0.001	0.001	0.997
0.001	0.001	0.001	0.997
0.001	0.997	0.001	0.001
0.001	0.997	0.001	0.001
0.789	0.001	0.001	0.209
0.001	0.001	0.001	0.997
0.584	0.001	0.414	0.001
0.001	0.001	0.256	0.742
>TCATTAGT	6-TCATTAGT,BestGuess:SF1(KH)/Drosophila_melanogaster-RNCMPT00065-PBM/HughesRNA(0.863)	5.205688	-9.645100	0	T:51.0(25.50%),B:14687.7(14.90%),P:1e-4
0.001	0.001	0.048	0.950
0.001	0.725	0.001	0.273
0.725	0.001	0.273	0.001
0.001	0.001	0.001	0.997
0.001	0.211	0.001	0.787
0.997	0.001	0.001	0.001
0.001	0.001	0.997	0.001
0.001	0.001	0.001	0.997
>AGCATCWGTGTG	20-AGCATCWGTGTG,BestGuess:Ptf1A/MA1618.2/Jaspar(0.698)	13.553374	-4.538082	0	T:2.0(1.00%),B:76.9(0.08%),P:1e-1
0.997	0.001	0.001	0.001
0.001	0.001	0.997	0.001
0.001	0.997	0.001	0.001
0.997	0.001	0.001	0.001
0.001	0.001	0.001	0.997
0.001	0.997	0.001	0.001
0.531	0.001	0.001	0.467
0.001	0.001	0.997	0.001
0.001	0.001	0.001	0.997
0.001	0.001	0.997	0.001
0.001	0.001	0.001	0.997
0.001	0.001	0.909	0.089
