>CTAATTACTCTG	8-CTAATTACTCTG	7.986897	-21.624587	0	T:34.0(20.24%),B:5967.3(6.00%),P:1e-9
0.096	0.774	0.112	0.018
0.158	0.089	0.001	0.752
0.666	0.086	0.096	0.152
0.769	0.067	0.026	0.138
0.104	0.107	0.127	0.662
0.058	0.114	0.198	0.630
0.728	0.111	0.095	0.066
0.101	0.834	0.043	0.022
0.132	0.080	0.085	0.703
0.117	0.704	0.043	0.136
0.021	0.001	0.031	0.947
0.032	0.025	0.834	0.109
