>CACACCTAAGGG	19-CACACCTAAGGG	7.281675	-13.771698	0	T:50.0(29.76%),B:15001.9(15.08%),P:1e-5
0.095	0.753	0.069	0.083
0.789	0.086	0.022	0.103
0.076	0.814	0.071	0.039
0.703	0.201	0.001	0.095
0.079	0.771	0.065	0.085
0.095	0.803	0.011	0.091
0.132	0.148	0.053	0.667
0.587	0.068	0.149	0.196
0.881	0.022	0.061	0.036
0.179	0.019	0.713	0.089
0.063	0.041	0.763	0.133
0.102	0.073	0.758	0.067
