>AATCAGCCTTGT	3-AATCAGCCTTGT,BestGuess:NAC69/MA2018.2/Jaspar(0.696)	7.686450	-26.066966	0	T:55.0(32.74%),B:12292.0(12.36%),P:1e-11
0.714	0.081	0.081	0.124
0.748	0.099	0.103	0.050
0.152	0.083	0.176	0.589
0.018	0.783	0.114	0.085
0.775	0.045	0.066	0.114
0.031	0.117	0.816	0.036
0.149	0.656	0.125	0.070
0.033	0.815	0.001	0.151
0.066	0.045	0.052	0.837
0.040	0.015	0.082	0.863
0.072	0.214	0.618	0.096
0.068	0.056	0.084	0.792
