>GCAACAAATGGT	1-GCAACAAATGGT	7.915138	-193.928945	0	T:124.0(62.00%),B:7588.3(7.71%),P:1e-84
0.098	0.134	0.650	0.118
0.151	0.634	0.155	0.060
0.665	0.080	0.163	0.092
0.594	0.133	0.256	0.017
0.001	0.849	0.096	0.054
0.974	0.024	0.001	0.001
0.724	0.013	0.155	0.108
0.896	0.029	0.046	0.029
0.080	0.067	0.050	0.803
0.050	0.001	0.865	0.084
0.019	0.086	0.780	0.115
0.183	0.162	0.086	0.569
