>CAACAAATGGCC	3-CAACAAATGGCC	7.496852	-68.547837	0	T:95.0(47.50%),B:13504.9(13.71%),P:1e-29
0.148	0.623	0.066	0.163
0.798	0.131	0.070	0.001
0.777	0.109	0.113	0.001
0.061	0.673	0.155	0.111
0.836	0.120	0.043	0.001
0.793	0.081	0.106	0.020
0.854	0.001	0.059	0.086
0.238	0.001	0.131	0.630
0.021	0.085	0.773	0.121
0.096	0.059	0.753	0.092
0.079	0.799	0.100	0.022
0.058	0.696	0.012	0.234
