>ACCATTTGTTCC	4-ACCATTTGTTCC	7.284388	-65.052277	0	T:96.0(48.00%),B:14431.4(14.65%),P:1e-28
0.677	0.164	0.052	0.107
0.046	0.741	0.175	0.038
0.162	0.789	0.001	0.048
0.743	0.101	0.048	0.108
0.050	0.061	0.102	0.787
0.030	0.157	0.165	0.648
0.060	0.022	0.050	0.868
0.056	0.040	0.734	0.170
0.168	0.084	0.085	0.663
0.046	0.105	0.090	0.759
0.102	0.789	0.078	0.031
0.171	0.808	0.001	0.020
