>GTCATAAAMY	1-GTCATAAAMY	6.898926	-181.423940	0	T:331.0(69.54%),B:13728.7(27.80%),P:1e-78	Tpos:463.6,Tstd:264.6,Bpos:437.2,Bstd:275.2,StrandBias:-0.1,Multiplicity:1.83
0.199	0.041	0.703	0.057
0.021	0.397	0.016	0.566
0.255	0.469	0.001	0.275
0.576	0.013	0.402	0.009
0.022	0.006	0.072	0.900
0.694	0.032	0.005	0.269
0.969	0.004	0.018	0.009
0.953	0.001	0.012	0.034
0.371	0.260	0.185	0.183
0.146	0.353	0.131	0.370
>CMATAAACHG	2-CMATAAACHG	4.962915	-124.542285	0	T:220.0(46.22%),B:7799.9(15.79%),P:1e-54	Tpos:447.6,Tstd:285.1,Bpos:431.8,Bstd:268.2,StrandBias:0.3,Multiplicity:1.12
0.001	0.997	0.001	0.001
0.502	0.496	0.001	0.001
0.997	0.001	0.001	0.001
0.001	0.001	0.001	0.997
0.997	0.001	0.001	0.001
0.997	0.001	0.001	0.001
0.997	0.001	0.001	0.001
0.292	0.563	0.144	0.001
0.404	0.306	0.029	0.261
0.001	0.223	0.693	0.083
>GYTAATTGCH	3-GYTAATTGCH	6.689155	-95.151222	0	T:250.0(52.52%),B:11676.3(23.64%),P:1e-41	Tpos:464.2,Tstd:284.2,Bpos:438.6,Bstd:275.6,StrandBias:0.2,Multiplicity:1.33
0.080	0.189	0.616	0.115
0.186	0.396	0.108	0.310
0.038	0.001	0.084	0.877
0.997	0.001	0.001	0.001
0.997	0.001	0.001	0.001
0.001	0.026	0.157	0.816
0.001	0.001	0.050	0.948
0.404	0.001	0.578	0.017
0.001	0.865	0.133	0.001
0.315	0.403	0.001	0.280
>CCAATAAAAG	4-CCAATAAAAG	8.005021	-90.062790	0	T:183.0(38.45%),B:6904.5(13.98%),P:1e-39	Tpos:454.0,Tstd:292.7,Bpos:435.1,Bstd:271.3,StrandBias:0.1,Multiplicity:1.27
0.229	0.464	0.001	0.307
0.001	0.915	0.001	0.083
0.570	0.347	0.001	0.082
0.997	0.001	0.001	0.001
0.013	0.065	0.001	0.921
0.973	0.025	0.001	0.001
0.997	0.001	0.001	0.001
0.942	0.001	0.025	0.032
0.872	0.001	0.001	0.126
0.001	0.292	0.608	0.099
>GGYTTTAAAV	5-GGYTTTAAAV	7.748861	-64.142100	0	T:166.0(34.87%),B:7164.0(14.51%),P:1e-27	Tpos:479.1,Tstd:284.0,Bpos:438.0,Bstd:279.0,StrandBias:0.3,Multiplicity:1.17
0.001	0.263	0.735	0.001
0.001	0.364	0.634	0.001
0.001	0.409	0.140	0.450
0.001	0.001	0.209	0.789
0.108	0.001	0.217	0.674
0.001	0.001	0.001	0.997
0.997	0.001	0.001	0.001
0.978	0.020	0.001	0.001
0.997	0.001	0.001	0.001
0.376	0.375	0.247	0.001
>AACAAWGGVM	6-AACAAWGGVM	7.487763	-53.097045	0	T:280.0(58.82%),B:17858.6(36.16%),P:1e-23	Tpos:454.6,Tstd:280.1,Bpos:434.0,Bstd:268.3,StrandBias:-0.1,Multiplicity:1.53
0.670	0.171	0.158	0.001
0.914	0.001	0.001	0.084
0.001	0.787	0.001	0.211
0.997	0.001	0.001	0.001
0.997	0.001	0.001	0.001
0.573	0.001	0.001	0.425
0.213	0.001	0.785	0.001
0.098	0.179	0.722	0.001
0.264	0.370	0.254	0.112
0.369	0.223	0.218	0.189
>GGCTAATTAA	7-GGCTAATTAA	7.296543	-46.271427	0	T:176.0(36.97%),B:9245.8(18.72%),P:1e-20	Tpos:495.8,Tstd:317.8,Bpos:435.7,Bstd:278.7,StrandBias:0.1,Multiplicity:1.28
0.150	0.001	0.617	0.232
0.025	0.071	0.672	0.232
0.383	0.561	0.001	0.055
0.001	0.059	0.001	0.939
0.666	0.240	0.006	0.088
0.966	0.001	0.001	0.032
0.009	0.001	0.156	0.834
0.171	0.015	0.027	0.787
0.795	0.001	0.123	0.081
0.720	0.001	0.266	0.013
>GCTGCAGCTG	8-GCTGCAGCTG	9.406920	-37.361018	0	T:87.0(18.28%),B:3370.3(6.82%),P:1e-16	Tpos:487.7,Tstd:258.0,Bpos:436.2,Bstd:272.8,StrandBias:0.1,Multiplicity:1.06
0.101	0.086	0.769	0.044
0.001	0.839	0.130	0.030
0.003	0.076	0.001	0.920
0.100	0.001	0.898	0.001
0.001	0.997	0.001	0.001
0.997	0.001	0.001	0.001
0.001	0.351	0.647	0.001
0.048	0.610	0.341	0.001
0.015	0.001	0.001	0.983
0.011	0.001	0.987	0.001
>TCCTAGCAGG	9-TCCTAGCAGG	8.319541	-35.044911	0	T:78.0(16.39%),B:2927.9(5.93%),P:1e-15	Tpos:501.8,Tstd:295.2,Bpos:443.7,Bstd:276.4,StrandBias:-0.4,Multiplicity:1.10
0.156	0.001	0.001	0.842
0.314	0.548	0.002	0.136
0.001	0.682	0.001	0.316
0.001	0.105	0.001	0.893
0.800	0.198	0.001	0.001
0.001	0.001	0.997	0.001
0.001	0.997	0.001	0.001
0.893	0.022	0.025	0.060
0.001	0.004	0.994	0.001
0.001	0.001	0.926	0.072
>RCAGCAGGDG	10-RCAGCAGGDG	7.925211	-34.455651	0	T:149.0(31.30%),B:8132.8(16.47%),P:1e-14	Tpos:464.3,Tstd:323.0,Bpos:438.7,Bstd:274.5,StrandBias:-0.6,Multiplicity:1.30
0.415	0.001	0.468	0.115
0.001	0.868	0.001	0.130
0.480	0.313	0.001	0.206
0.001	0.001	0.997	0.001
0.001	0.997	0.001	0.001
0.746	0.001	0.161	0.092
0.001	0.001	0.997	0.001
0.001	0.001	0.997	0.001
0.372	0.001	0.323	0.304
0.001	0.001	0.997	0.001
>AACCKGNGGA	11-AACCKGNGGA	11.012711	-31.980801	0	T:17.0(3.57%),B:123.4(0.25%),P:1e-13	Tpos:412.4,Tstd:188.3,Bpos:381.6,Bstd:270.8,StrandBias:-0.2,Multiplicity:1.00
0.997	0.001	0.001	0.001
0.793	0.205	0.001	0.001
0.001	0.997	0.001	0.001
0.001	0.997	0.001	0.001
0.251	0.001	0.442	0.306
0.001	0.001	0.997	0.001
0.170	0.251	0.273	0.306
0.001	0.001	0.793	0.205
0.001	0.001	0.997	0.001
0.997	0.001	0.001	0.001
>MASKTYACTA	12-MASKTYACTA	8.090047	-31.191819	0	T:20.0(4.20%),B:202.4(0.41%),P:1e-13	Tpos:385.5,Tstd:246.2,Bpos:420.1,Bstd:280.1,StrandBias:1.4,Multiplicity:1.10
0.439	0.345	0.187	0.028
0.459	0.141	0.275	0.125
0.060	0.447	0.457	0.037
0.142	0.143	0.316	0.400
0.107	0.044	0.056	0.793
0.030	0.464	0.063	0.443
0.697	0.044	0.038	0.221
0.053	0.794	0.086	0.067
0.046	0.056	0.180	0.718
0.605	0.053	0.317	0.025
>GACTGCAATY	13-GACTGCAATY	10.397789	-30.087152	0	T:29.0(6.09%),B:517.2(1.05%),P:1e-13	Tpos:352.5,Tstd:225.3,Bpos:424.4,Bstd:269.6,StrandBias:-0.2,Multiplicity:1.00
0.001	0.207	0.791	0.001
0.997	0.001	0.001	0.001
0.001	0.960	0.038	0.001
0.001	0.006	0.001	0.992
0.001	0.001	0.835	0.163
0.001	0.989	0.001	0.009
0.665	0.001	0.001	0.333
0.752	0.001	0.246	0.001
0.001	0.001	0.001	0.997
0.019	0.462	0.001	0.518
>TGATRGATGT	14-TGATRGATGT	7.747911	-28.335573	0	T:15.0(3.15%),B:109.0(0.22%),P:1e-12	Tpos:360.0,Tstd:153.7,Bpos:455.6,Bstd:259.4,StrandBias:0.6,Multiplicity:1.00
0.183	0.220	0.033	0.564
0.346	0.127	0.518	0.009
0.657	0.013	0.046	0.284
0.363	0.035	0.057	0.545
0.338	0.233	0.402	0.027
0.098	0.029	0.632	0.241
0.602	0.064	0.163	0.171
0.243	0.269	0.020	0.467
0.289	0.183	0.446	0.082
0.279	0.029	0.029	0.663
>CCTAATKGAT	15-CCTAATKGAT	10.565733	-27.897479	0	T:16.0(3.36%),B:135.4(0.27%),P:1e-12	Tpos:462.6,Tstd:216.3,Bpos:455.3,Bstd:278.7,StrandBias:0.0,Multiplicity:1.00
0.001	0.997	0.001	0.001
0.001	0.997	0.001	0.001
0.001	0.001	0.001	0.997
0.997	0.001	0.001	0.001
0.997	0.001	0.001	0.001
0.001	0.001	0.001	0.997
0.038	0.001	0.441	0.520
0.001	0.001	0.997	0.001
0.997	0.001	0.001	0.001
0.001	0.001	0.001	0.997
>TGATCATGTA	16-TGATCATGTA	10.296193	-27.808767	0	T:12.0(2.52%),B:57.2(0.12%),P:1e-12	Tpos:492.2,Tstd:125.1,Bpos:416.3,Bstd:254.4,StrandBias:0.0,Multiplicity:1.00
0.100	0.100	0.100	0.700
0.100	0.100	0.700	0.100
0.700	0.100	0.100	0.100
0.100	0.100	0.100	0.700
0.100	0.700	0.100	0.100
0.700	0.100	0.100	0.100
0.100	0.100	0.100	0.700
0.100	0.100	0.700	0.100
0.100	0.100	0.100	0.700
0.700	0.100	0.100	0.100
>GAGACCTACT	17-GAGACCTACT	10.958662	-27.279459	0	T:19.0(3.99%),B:221.5(0.45%),P:1e-11	Tpos:618.6,Tstd:304.4,Bpos:451.6,Bstd:253.3,StrandBias:-0.2,Multiplicity:1.06
0.001	0.001	0.997	0.001
0.997	0.001	0.001	0.001
0.001	0.173	0.825	0.001
0.850	0.001	0.001	0.148
0.001	0.997	0.001	0.001
0.001	0.904	0.001	0.094
0.001	0.001	0.352	0.646
0.997	0.001	0.001	0.001
0.001	0.780	0.001	0.218
0.001	0.001	0.001	0.997
>TTCCGACTTA	18-TTCCGACTTA	11.291431	-26.307596	0	T:19.0(3.99%),B:234.1(0.47%),P:1e-11	Tpos:437.2,Tstd:214.4,Bpos:439.6,Bstd:262.7,StrandBias:0.1,Multiplicity:1.32
0.001	0.001	0.001	0.997
0.023	0.269	0.001	0.707
0.001	0.997	0.001	0.001
0.001	0.997	0.001	0.001
0.001	0.291	0.707	0.001
0.997	0.001	0.001	0.001
0.001	0.997	0.001	0.001
0.001	0.001	0.001	0.997
0.001	0.001	0.001	0.997
0.997	0.001	0.001	0.001
>TGATTGATTG	19-TGATTGATTG	9.706064	-26.244225	0	T:40.0(8.40%),B:1132.8(2.29%),P:1e-11	Tpos:453.4,Tstd:237.6,Bpos:447.5,Bstd:266.3,StrandBias:0.7,Multiplicity:1.06
0.001	0.001	0.355	0.643
0.001	0.001	0.966	0.032
0.712	0.241	0.046	0.001
0.158	0.017	0.026	0.799
0.001	0.001	0.001	0.997
0.001	0.118	0.685	0.196
0.839	0.159	0.001	0.001
0.084	0.001	0.040	0.875
0.028	0.001	0.039	0.932
0.001	0.001	0.997	0.001
>ACTGGGTTTM	20-ACTGGGTTTM	9.961623	-25.518827	0	T:46.0(9.66%),B:1488.1(3.01%),P:1e-11	Tpos:384.2,Tstd:305.8,Bpos:431.8,Bstd:268.0,StrandBias:0.4,Multiplicity:1.07
0.785	0.001	0.001	0.213
0.189	0.598	0.001	0.212
0.001	0.001	0.124	0.874
0.203	0.001	0.795	0.001
0.043	0.001	0.955	0.001
0.001	0.001	0.997	0.001
0.001	0.001	0.001	0.997
0.001	0.001	0.001	0.997
0.106	0.278	0.001	0.615
0.335	0.417	0.001	0.247
>TAGGTACTGA	21-TAGGTACTGA	12.164660	-25.397808	0	T:16.0(3.36%),B:160.8(0.33%),P:1e-11	Tpos:461.1,Tstd:174.9,Bpos:459.0,Bstd:291.3,StrandBias:0.2,Multiplicity:1.00
0.001	0.001	0.001	0.997
0.654	0.001	0.001	0.344
0.380	0.001	0.618	0.001
0.001	0.001	0.997	0.001
0.001	0.001	0.001	0.997
0.752	0.001	0.001	0.246
0.001	0.997	0.001	0.001
0.001	0.001	0.001	0.997
0.001	0.001	0.997	0.001
0.997	0.001	0.001	0.001
>AACCAGACTT	22-AACCAGACTT	10.296193	-23.389154	0	T:12.0(2.52%),B:84.3(0.17%),P:1e-10	Tpos:446.2,Tstd:274.6,Bpos:406.4,Bstd:302.8,StrandBias:-0.5,Multiplicity:1.00
0.700	0.100	0.100	0.100
0.700	0.100	0.100	0.100
0.100	0.700	0.100	0.100
0.100	0.700	0.100	0.100
0.700	0.100	0.100	0.100
0.100	0.100	0.700	0.100
0.700	0.100	0.100	0.100
0.100	0.700	0.100	0.100
0.100	0.100	0.100	0.700
0.100	0.100	0.100	0.700
>KWGGTCTCAT	23-KWGGTCTCAT	12.424003	-22.084005	0	T:17.0(3.57%),B:233.5(0.47%),P:1e-9	Tpos:518.0,Tstd:179.8,Bpos:418.7,Bstd:250.6,StrandBias:0.7,Multiplicity:1.07
0.001	0.001	0.495	0.503
0.483	0.001	0.001	0.515
0.001	0.001	0.997	0.001
0.001	0.001	0.997	0.001
0.001	0.001	0.001	0.997
0.001	0.997	0.001	0.001
0.001	0.001	0.001	0.997
0.001	0.997	0.001	0.001
0.997	0.001	0.001	0.001
0.001	0.001	0.001	0.997
>GGCTGAGGGT	24-GGCTGAGGGT	11.449350	-10.455663	0	T:14.0(2.94%),B:382.6(0.77%),P:1e-4	Tpos:453.2,Tstd:228.3,Bpos:453.2,Bstd:266.4,StrandBias:-1.2,Multiplicity:1.00
0.001	0.299	0.699	0.001
0.058	0.001	0.940	0.001
0.001	0.672	0.058	0.269
0.001	0.001	0.250	0.748
0.001	0.001	0.997	0.001
0.997	0.001	0.001	0.001
0.001	0.001	0.997	0.001
0.001	0.001	0.997	0.001
0.001	0.175	0.823	0.001
0.001	0.001	0.001	0.997
>ATTAGAGGTT	25-ATTAGAGGTT	10.296193	-5.956523	0	T:4.0(0.84%),B:59.0(0.12%),P:1e-2	Tpos:513.5,Tstd:177.9,Bpos:408.2,Bstd:307.8,StrandBias:3.6,Multiplicity:3.25
0.700	0.100	0.100	0.100
0.100	0.100	0.100	0.700
0.100	0.100	0.100	0.700
0.700	0.100	0.100	0.100
0.100	0.100	0.700	0.100
0.700	0.100	0.100	0.100
0.100	0.100	0.700	0.100
0.100	0.100	0.700	0.100
0.100	0.100	0.100	0.700
0.100	0.100	0.100	0.700
>AGGYCATAAAAB	1-AGGYCATAAAAB	8.009126	-182.139513	0	T:249.0(52.31%),B:7438.7(15.06%),P:1e-79	Tpos:458.0,Tstd:260.6,Bpos:438.5,Bstd:275.9,StrandBias:0.0,Multiplicity:1.43
0.533	0.087	0.260	0.120
0.318	0.007	0.568	0.107
0.151	0.141	0.674	0.034
0.022	0.559	0.001	0.418
0.313	0.463	0.026	0.199
0.819	0.016	0.144	0.021
0.006	0.025	0.004	0.965
0.843	0.001	0.001	0.155
0.952	0.001	0.001	0.046
0.997	0.001	0.001	0.001
0.585	0.041	0.270	0.104
0.142	0.319	0.299	0.241
>BCAGTTAATTGC	2-BCAGTTAATTGC	7.319692	-102.636669	0	T:146.0(30.67%),B:4061.3(8.22%),P:1e-44	Tpos:412.8,Tstd:249.0,Bpos:436.7,Bstd:276.8,StrandBias:-0.0,Multiplicity:1.14
0.108	0.344	0.303	0.245
0.046	0.730	0.128	0.096
0.500	0.092	0.277	0.131
0.092	0.071	0.836	0.001
0.001	0.174	0.046	0.779
0.133	0.024	0.050	0.793
0.799	0.001	0.092	0.108
0.864	0.001	0.001	0.134
0.001	0.162	0.001	0.836
0.092	0.092	0.001	0.815
0.191	0.001	0.782	0.026
0.046	0.826	0.127	0.001
>ACTCCTAATCGA	3-ACTCCTAATCGA	13.840432	-68.808221	0	T:13.0(2.73%),B:3.0(0.01%),P:1e-29	Tpos:388.8,Tstd:146.2,Bpos:304.6,Bstd:174.6,StrandBias:0.7,Multiplicity:1.00
0.687	0.311	0.001	0.001
0.001	0.997	0.001	0.001
0.001	0.001	0.001	0.997
0.001	0.997	0.001	0.001
0.311	0.687	0.001	0.001
0.001	0.001	0.001	0.997
0.997	0.001	0.001	0.001
0.992	0.001	0.001	0.006
0.001	0.001	0.001	0.997
0.001	0.622	0.376	0.001
0.001	0.001	0.687	0.311
0.687	0.001	0.001	0.311
>TAAACTTCTATT	4-TAAACTTCTATT	12.355432	-63.097260	0	T:16.0(3.36%),B:14.6(0.03%),P:1e-27	Tpos:414.2,Tstd:172.0,Bpos:515.4,Bstd:214.2,StrandBias:0.0,Multiplicity:1.00
0.100	0.100	0.100	0.700
0.700	0.100	0.100	0.100
0.700	0.100	0.100	0.100
0.700	0.100	0.100	0.100
0.100	0.700	0.100	0.100
0.100	0.100	0.100	0.700
0.100	0.100	0.100	0.700
0.100	0.700	0.100	0.100
0.100	0.100	0.100	0.700
0.700	0.100	0.100	0.100
0.100	0.100	0.100	0.700
0.100	0.100	0.100	0.700
>TTTAGCCAGATA	5-TTTAGCCAGATA	14.422114	-62.184897	0	T:13.0(2.73%),B:5.3(0.01%),P:1e-27	Tpos:426.1,Tstd:159.4,Bpos:468.6,Bstd:147.7,StrandBias:0.7,Multiplicity:1.00
0.001	0.001	0.001	0.997
0.001	0.001	0.001	0.997
0.001	0.001	0.001	0.997
0.997	0.001	0.001	0.001
0.001	0.001	0.997	0.001
0.001	0.997	0.001	0.001
0.001	0.885	0.001	0.113
0.997	0.001	0.001	0.001
0.001	0.001	0.997	0.001
0.997	0.001	0.001	0.001
0.001	0.001	0.001	0.997
0.997	0.001	0.001	0.001
>TAACCAGACTTT	6-TAACCAGACTTT	12.355432	-61.628612	0	T:10.0(2.10%),B:0.9(0.00%),P:1e-26	Tpos:438.7,Tstd:293.0,Bpos:0.0,Bstd:0.0,StrandBias:-0.6,Multiplicity:1.00
0.100	0.100	0.100	0.700
0.700	0.100	0.100	0.100
0.700	0.100	0.100	0.100
0.100	0.700	0.100	0.100
0.100	0.700	0.100	0.100
0.700	0.100	0.100	0.100
0.100	0.100	0.700	0.100
0.700	0.100	0.100	0.100
0.100	0.700	0.100	0.100
0.100	0.100	0.100	0.700
0.100	0.100	0.100	0.700
0.100	0.100	0.100	0.700
>TGATCATGTATT	7-TGATCATGTATT	12.355432	-56.622362	0	T:11.0(2.31%),B:3.8(0.01%),P:1e-24	Tpos:476.6,Tstd:119.1,Bpos:734.2,Bstd:44.3,StrandBias:-0.3,Multiplicity:1.00
0.100	0.100	0.100	0.700
0.100	0.100	0.700	0.100
0.700	0.100	0.100	0.100
0.100	0.100	0.100	0.700
0.100	0.700	0.100	0.100
0.700	0.100	0.100	0.100
0.100	0.100	0.100	0.700
0.100	0.100	0.700	0.100
0.100	0.100	0.100	0.700
0.700	0.100	0.100	0.100
0.100	0.100	0.100	0.700
0.100	0.100	0.100	0.700
>AGATGTATAAGT	8-AGATGTATAAGT	12.355432	-54.664826	0	T:9.0(1.89%),B:2.0(0.00%),P:1e-23	Tpos:535.4,Tstd:102.2,Bpos:504.5,Bstd:172.0,StrandBias:1.0,Multiplicity:1.00
0.700	0.100	0.100	0.100
0.100	0.100	0.700	0.100
0.700	0.100	0.100	0.100
0.100	0.100	0.100	0.700
0.100	0.100	0.700	0.100
0.100	0.100	0.100	0.700
0.700	0.100	0.100	0.100
0.100	0.100	0.100	0.700
0.700	0.100	0.100	0.100
0.700	0.100	0.100	0.100
0.100	0.100	0.700	0.100
0.100	0.100	0.100	0.700
>GTTWAHCTATAC	9-GTTWAHCTATAC	8.672926	-53.466489	0	T:11.0(2.31%),B:4.4(0.01%),P:1e-23	Tpos:464.9,Tstd:233.8,Bpos:332.4,Bstd:162.6,StrandBias:0.3,Multiplicity:1.00
0.294	0.110	0.470	0.126
0.181	0.159	0.180	0.480
0.001	0.126	0.093	0.780
0.297	0.149	0.168	0.386
0.601	0.126	0.167	0.106
0.305	0.205	0.147	0.344
0.001	0.566	0.260	0.173
0.144	0.172	0.142	0.542
0.923	0.004	0.001	0.072
0.122	0.121	0.166	0.591
0.428	0.203	0.253	0.116
0.127	0.450	0.265	0.158
>TCTAAGTGGGGA	10-TCTAAGTGGGGA	13.886681	-51.987171	0	T:13.0(2.73%),B:11.7(0.02%),P:1e-22	Tpos:455.3,Tstd:293.1,Bpos:376.0,Bstd:381.0,StrandBias:0.2,Multiplicity:1.15
0.103	0.001	0.001	0.895
0.001	0.930	0.001	0.068
0.001	0.001	0.001	0.997
0.997	0.001	0.001	0.001
0.997	0.001	0.001	0.001
0.001	0.001	0.997	0.001
0.001	0.001	0.001	0.997
0.001	0.001	0.997	0.001
0.079	0.001	0.919	0.001
0.001	0.001	0.997	0.001
0.001	0.001	0.997	0.001
0.997	0.001	0.001	0.001
>ACTTAGTTATGG	11-ACTTAGTTATGG	12.355432	-51.020539	0	T:11.0(2.31%),B:5.8(0.01%),P:1e-22	Tpos:486.0,Tstd:193.3,Bpos:346.2,Bstd:191.3,StrandBias:-0.3,Multiplicity:1.00
0.700	0.100	0.100	0.100
0.100	0.700	0.100	0.100
0.100	0.100	0.100	0.700
0.100	0.100	0.100	0.700
0.700	0.100	0.100	0.100
0.100	0.100	0.700	0.100
0.100	0.100	0.100	0.700
0.100	0.100	0.100	0.700
0.700	0.100	0.100	0.100
0.100	0.100	0.100	0.700
0.100	0.100	0.700	0.100
0.100	0.100	0.700	0.100
>TCAATTTATGAT	12-TCAATTTATGAT	16.482571	-51.020539	0	T:11.0(2.31%),B:5.9(0.01%),P:1e-22	Tpos:487.3,Tstd:124.8,Bpos:440.8,Bstd:243.7,StrandBias:1.4,Multiplicity:1.00
0.001	0.001	0.001	0.997
0.001	0.997	0.001	0.001
0.887	0.111	0.001	0.001
0.997	0.001	0.001	0.001
0.001	0.001	0.001	0.997
0.001	0.001	0.001	0.997
0.001	0.001	0.001	0.997
0.997	0.001	0.001	0.001
0.001	0.001	0.001	0.997
0.001	0.001	0.997	0.001
0.997	0.001	0.001	0.001
0.001	0.001	0.001	0.997
>TAAGAATTCCTA	13-TAAGAATTCCTA	12.355432	-47.808520	0	T:8.0(1.68%),B:1.6(0.00%),P:1e-20	Tpos:407.9,Tstd:416.8,Bpos:848.0,Bstd:0.0,StrandBias:0.7,Multiplicity:1.00
0.100	0.100	0.100	0.700
0.700	0.100	0.100	0.100
0.700	0.100	0.100	0.100
0.100	0.100	0.700	0.100
0.700	0.100	0.100	0.100
0.700	0.100	0.100	0.100
0.100	0.100	0.100	0.700
0.100	0.100	0.100	0.700
0.100	0.700	0.100	0.100
0.100	0.700	0.100	0.100
0.100	0.100	0.100	0.700
0.700	0.100	0.100	0.100
>TGAACCTGTGGA	14-TGAACCTGTGGA	12.355432	-47.791398	0	T:10.0(2.10%),B:4.9(0.01%),P:1e-20	Tpos:459.5,Tstd:148.0,Bpos:414.3,Bstd:185.2,StrandBias:0.0,Multiplicity:1.00
0.100	0.100	0.100	0.700
0.100	0.100	0.700	0.100
0.700	0.100	0.100	0.100
0.700	0.100	0.100	0.100
0.100	0.700	0.100	0.100
0.100	0.700	0.100	0.100
0.100	0.100	0.100	0.700
0.100	0.100	0.700	0.100
0.100	0.100	0.100	0.700
0.100	0.100	0.700	0.100
0.100	0.100	0.700	0.100
0.700	0.100	0.100	0.100
>AACTTCACTAAT	15-AACTTCACTAAT	16.479184	-45.876384	0	T:11.0(2.31%),B:8.4(0.02%),P:1e-19	Tpos:394.6,Tstd:208.3,Bpos:326.4,Bstd:259.0,StrandBias:0.8,Multiplicity:1.00
0.997	0.001	0.001	0.001
0.997	0.001	0.001	0.001
0.001	0.997	0.001	0.001
0.001	0.001	0.001	0.997
0.001	0.114	0.001	0.884
0.001	0.997	0.001	0.001
0.997	0.001	0.001	0.001
0.001	0.997	0.001	0.001
0.001	0.001	0.001	0.997
0.997	0.001	0.001	0.001
0.997	0.001	0.001	0.001
0.001	0.001	0.001	0.997
>GAGCACATTCCA	16-GAGCACATTCCA	12.355432	-45.568538	0	T:10.0(2.10%),B:5.5(0.01%),P:1e-19	Tpos:440.8,Tstd:284.0,Bpos:336.0,Bstd:341.4,StrandBias:0.6,Multiplicity:1.00
0.100	0.100	0.700	0.100
0.700	0.100	0.100	0.100
0.100	0.100	0.700	0.100
0.100	0.700	0.100	0.100
0.700	0.100	0.100	0.100
0.100	0.700	0.100	0.100
0.700	0.100	0.100	0.100
0.100	0.100	0.100	0.700
0.100	0.100	0.100	0.700
0.100	0.700	0.100	0.100
0.100	0.700	0.100	0.100
0.700	0.100	0.100	0.100
>CWGDTGATGKAT	17-CWGDTGATGKAT	10.992647	-43.483838	0	T:14.0(2.94%),B:29.8(0.06%),P:1e-18	Tpos:419.5,Tstd:187.1,Bpos:362.6,Bstd:223.9,StrandBias:0.8,Multiplicity:1.00
0.176	0.570	0.001	0.253
0.455	0.001	0.001	0.543
0.001	0.058	0.940	0.001
0.242	0.150	0.304	0.303
0.001	0.001	0.001	0.997
0.297	0.001	0.701	0.001
0.509	0.323	0.167	0.001
0.109	0.001	0.001	0.889
0.134	0.054	0.811	0.001
0.253	0.001	0.445	0.301
0.550	0.394	0.055	0.001
0.234	0.001	0.001	0.764
>AAGTCTTAATGA	18-AAGTCTTAATGA	12.355432	-42.271764	0	T:8.0(1.68%),B:3.0(0.01%),P:1e-18	Tpos:604.5,Tstd:442.8,Bpos:611.8,Bstd:274.1,StrandBias:-0.7,Multiplicity:1.00
0.700	0.100	0.100	0.100
0.700	0.100	0.100	0.100
0.100	0.100	0.700	0.100
0.100	0.100	0.100	0.700
0.100	0.700	0.100	0.100
0.100	0.100	0.100	0.700
0.100	0.100	0.100	0.700
0.700	0.100	0.100	0.100
0.700	0.100	0.100	0.100
0.100	0.100	0.100	0.700
0.100	0.100	0.700	0.100
0.700	0.100	0.100	0.100
>GGACTGCTATTA	19-GGACTGCTATTA	12.355432	-42.271764	0	T:8.0(1.68%),B:2.1(0.00%),P:1e-18	Tpos:343.9,Tstd:302.0,Bpos:674.0,Bstd:76.7,StrandBias:0.7,Multiplicity:1.00
0.100	0.100	0.700	0.100
0.100	0.100	0.700	0.100
0.700	0.100	0.100	0.100
0.100	0.700	0.100	0.100
0.100	0.100	0.100	0.700
0.100	0.100	0.700	0.100
0.100	0.700	0.100	0.100
0.100	0.100	0.100	0.700
0.700	0.100	0.100	0.100
0.100	0.100	0.100	0.700
0.100	0.100	0.100	0.700
0.700	0.100	0.100	0.100
>AACCCATTTCGT	20-AACCCATTTCGT	12.921077	-42.220966	0	T:10.0(2.10%),B:7.3(0.01%),P:1e-18	Tpos:221.0,Tstd:188.9,Bpos:511.7,Bstd:161.4,StrandBias:-1.2,Multiplicity:1.00
0.997	0.001	0.001	0.001
0.997	0.001	0.001	0.001
0.001	0.997	0.001	0.001
0.001	0.997	0.001	0.001
0.001	0.997	0.001	0.001
0.997	0.001	0.001	0.001
0.001	0.001	0.172	0.826
0.001	0.001	0.001	0.997
0.001	0.001	0.001	0.997
0.146	0.852	0.001	0.001
0.001	0.001	0.997	0.001
0.001	0.001	0.001	0.997
>AGGTGGTCTCAT	21-AGGTGGTCTCAT	16.512557	-41.450776	0	T:11.0(2.31%),B:12.5(0.03%),P:1e-18	Tpos:464.3,Tstd:108.1,Bpos:354.4,Bstd:255.6,StrandBias:3.3,Multiplicity:1.00
0.997	0.001	0.001	0.001
0.001	0.001	0.997	0.001
0.001	0.084	0.914	0.001
0.001	0.001	0.001	0.997
0.001	0.001	0.997	0.001
0.001	0.001	0.997	0.001
0.001	0.001	0.001	0.997
0.001	0.997	0.001	0.001
0.001	0.001	0.001	0.997
0.001	0.997	0.001	0.001
0.997	0.001	0.001	0.001
0.001	0.001	0.001	0.997
>AGCTGCAGCTGS	22-AGCTGCAGCTGS	11.286526	-26.762105	0	T:34.0(7.14%),B:817.3(1.65%),P:1e-11	Tpos:471.5,Tstd:234.2,Bpos:443.8,Bstd:290.8,StrandBias:-0.1,Multiplicity:1.09
0.528	0.001	0.362	0.109
0.001	0.029	0.861	0.109
0.001	0.841	0.157	0.001
0.001	0.001	0.001	0.997
0.001	0.024	0.714	0.261
0.001	0.894	0.104	0.001
0.875	0.123	0.001	0.001
0.001	0.390	0.608	0.001
0.001	0.885	0.113	0.001
0.001	0.001	0.001	0.997
0.001	0.001	0.997	0.001
0.096	0.514	0.389	0.001
>SCGGCTATTAGA	23-SCGGCTATTAGA	13.104463	-20.011317	0	T:5.0(1.05%),B:5.5(0.01%),P:1e-8	Tpos:474.8,Tstd:147.1,Bpos:341.1,Bstd:348.8,StrandBias:2.6,Multiplicity:2.80
0.001	0.483	0.515	0.001
0.001	0.584	0.414	0.001
0.100	0.001	0.898	0.001
0.001	0.001	0.997	0.001
0.001	0.997	0.001	0.001
0.001	0.001	0.001	0.997
0.997	0.001	0.001	0.001
0.001	0.001	0.001	0.997
0.001	0.001	0.001	0.997
0.997	0.001	0.001	0.001
0.001	0.001	0.997	0.001
0.997	0.001	0.001	0.001
>GGTTAGGATCCT	24-GGTTAGGATCCT	14.383338	-7.232304	0	T:2.0(0.42%),B:4.3(0.01%),P:1e-3	Tpos:492.6,Tstd:135.3,Bpos:471.9,Bstd:358.7,StrandBias:10.0,Multiplicity:5.50
0.001	0.001	0.997	0.001
0.001	0.001	0.997	0.001
0.001	0.001	0.001	0.997
0.001	0.001	0.001	0.997
0.997	0.001	0.001	0.001
0.001	0.001	0.874	0.124
0.001	0.001	0.997	0.001
0.874	0.001	0.124	0.001
0.001	0.001	0.001	0.997
0.001	0.997	0.001	0.001
0.001	0.997	0.001	0.001
0.001	0.001	0.001	0.997
>TCAGCCTCAGCC	25-TCAGCCTCAGCC	10.275608	-5.294184	0	T:4.0(0.84%),B:70.5(0.14%),P:1e-2	Tpos:734.7,Tstd:179.0,Bpos:305.8,Bstd:237.6,StrandBias:-0.9,Multiplicity:4.25
0.129	0.135	0.111	0.625
0.106	0.657	0.117	0.120
0.730	0.074	0.058	0.138
0.116	0.124	0.656	0.104
0.110	0.662	0.104	0.124
0.116	0.690	0.051	0.143
0.126	0.141	0.067	0.666
0.084	0.691	0.124	0.101
0.707	0.082	0.066	0.145
0.095	0.119	0.650	0.136
0.133	0.609	0.139	0.119
0.122	0.655	0.074	0.149
>GCMATAAA	1-GCMATAAA	6.981782	-179.316314	0	T:327.0(68.70%),B:13481.0(27.30%),P:1e-77	Tpos:469.6,Tstd:278.3,Bpos:436.3,Bstd:274.6,StrandBias:0.0,Multiplicity:1.71
0.185	0.117	0.623	0.075
0.001	0.821	0.001	0.177
0.411	0.394	0.015	0.180
0.786	0.036	0.177	0.001
0.016	0.001	0.001	0.982
0.679	0.043	0.001	0.277
0.844	0.062	0.093	0.001
0.855	0.026	0.059	0.060
>GTTGTAAA	2-GTTGTAAA	8.266990	-95.208019	0	T:143.0(30.04%),B:4158.7(8.42%),P:1e-41	Tpos:450.5,Tstd:253.6,Bpos:436.6,Bstd:277.3,StrandBias:-0.0,Multiplicity:1.29
0.001	0.001	0.997	0.001
0.001	0.244	0.001	0.754
0.001	0.093	0.001	0.905
0.138	0.001	0.860	0.001
0.001	0.001	0.001	0.997
0.997	0.001	0.001	0.001
0.997	0.001	0.001	0.001
0.997	0.001	0.001	0.001
>CCCATAAA	3-CCCATAAA	7.334996	-74.402880	0	T:231.0(48.53%),B:11528.5(23.34%),P:1e-32	Tpos:466.0,Tstd:296.2,Bpos:433.9,Bstd:268.5,StrandBias:-0.0,Multiplicity:1.35
0.001	0.833	0.001	0.165
0.001	0.804	0.001	0.194
0.179	0.706	0.001	0.114
0.997	0.001	0.001	0.001
0.001	0.001	0.001	0.997
0.997	0.001	0.001	0.001
0.997	0.001	0.001	0.001
0.997	0.001	0.001	0.001
>GCTAATTA	4-GCTAATTA	5.804040	-73.986701	0	T:290.0(60.92%),B:16840.3(34.10%),P:1e-32	Tpos:460.1,Tstd:307.3,Bpos:440.1,Bstd:279.7,StrandBias:0.2,Multiplicity:1.70
0.001	0.042	0.884	0.073
0.085	0.624	0.208	0.083
0.040	0.001	0.001	0.958
0.950	0.048	0.001	0.001
0.963	0.001	0.001	0.035
0.001	0.001	0.001	0.997
0.053	0.030	0.040	0.877
0.855	0.001	0.090	0.054
>TTTACAAC	5-TTTACAAC	6.694495	-69.471932	0	T:222.0(46.64%),B:11147.0(22.57%),P:1e-30	Tpos:483.0,Tstd:284.9,Bpos:440.3,Bstd:273.5,StrandBias:0.0,Multiplicity:1.18
0.127	0.136	0.139	0.598
0.161	0.001	0.062	0.776
0.372	0.001	0.001	0.626
0.653	0.007	0.307	0.033
0.001	0.997	0.001	0.001
0.639	0.001	0.239	0.121
0.739	0.245	0.010	0.006
0.001	0.729	0.183	0.087
>TTTAYGGT	6-TTTAYGGT	8.495869	-61.269877	0	T:105.0(22.06%),B:3307.6(6.70%),P:1e-26	Tpos:456.0,Tstd:206.8,Bpos:448.7,Bstd:273.9,StrandBias:0.0,Multiplicity:1.09
0.060	0.001	0.166	0.773
0.015	0.002	0.001	0.982
0.137	0.029	0.065	0.769
0.931	0.001	0.067	0.001
0.001	0.488	0.001	0.510
0.235	0.001	0.763	0.001
0.411	0.008	0.580	0.001
0.001	0.065	0.036	0.898
>ATAAAAGG	7-ATAAAAGG	7.737554	-48.853245	0	T:217.0(45.59%),B:12461.7(25.23%),P:1e-21	Tpos:469.8,Tstd:290.6,Bpos:440.1,Bstd:274.0,StrandBias:-0.2,Multiplicity:1.28
0.434	0.118	0.163	0.284
0.133	0.001	0.001	0.865
0.792	0.206	0.001	0.001
0.991	0.001	0.001	0.007
0.867	0.001	0.014	0.118
0.845	0.009	0.101	0.045
0.001	0.001	0.997	0.001
0.001	0.373	0.625	0.001
>ACAAWRGC	8-ACAAWRGC	8.211899	-45.946211	0	T:249.0(52.31%),B:15656.7(31.70%),P:1e-19	Tpos:450.9,Tstd:277.9,Bpos:433.0,Bstd:263.5,StrandBias:-0.0,Multiplicity:1.39
0.997	0.001	0.001	0.001
0.001	0.997	0.001	0.001
0.997	0.001	0.001	0.001
0.997	0.001	0.001	0.001
0.471	0.001	0.001	0.527
0.567	0.001	0.431	0.001
0.001	0.001	0.997	0.001
0.320	0.488	0.191	0.001
>GCAATTAG	9-GCAATTAG	6.863572	-45.726445	0	T:176.0(36.97%),B:9292.4(18.81%),P:1e-19	Tpos:473.0,Tstd:295.1,Bpos:436.4,Bstd:274.7,StrandBias:0.0,Multiplicity:1.31
0.001	0.001	0.997	0.001
0.001	0.994	0.001	0.004
0.628	0.341	0.001	0.030
0.812	0.186	0.001	0.001
0.001	0.001	0.001	0.997
0.221	0.001	0.001	0.777
0.997	0.001	0.001	0.001
0.001	0.001	0.783	0.215
>GGCTTAAT	10-GGCTTAAT	6.423123	-33.840635	0	T:246.0(51.68%),B:16806.7(34.03%),P:1e-14	Tpos:475.1,Tstd:320.2,Bpos:433.2,Bstd:275.1,StrandBias:0.0,Multiplicity:1.45
0.136	0.211	0.514	0.139
0.378	0.001	0.620	0.001
0.001	0.687	0.311	0.001
0.095	0.001	0.001	0.903
0.100	0.004	0.260	0.636
0.905	0.001	0.093	0.001
0.997	0.001	0.001	0.001
0.005	0.331	0.154	0.510
>GAATTACT	11-GAATTACT	7.768093	-29.291173	0	T:106.0(22.27%),B:5256.1(10.64%),P:1e-12	Tpos:483.1,Tstd:337.9,Bpos:434.5,Bstd:272.0,StrandBias:0.3,Multiplicity:1.07
0.001	0.179	0.615	0.205
0.997	0.001	0.001	0.001
0.928	0.009	0.001	0.062
0.001	0.103	0.001	0.895
0.062	0.001	0.123	0.814
0.592	0.304	0.103	0.001
0.001	0.717	0.132	0.150
0.001	0.205	0.001	0.793
>CCGMMTTA	12-CCGMMTTA	6.974027	-27.772829	0	T:155.0(32.56%),B:9326.8(18.88%),P:1e-12	Tpos:424.1,Tstd:237.5,Bpos:436.7,Bstd:272.5,StrandBias:0.2,Multiplicity:1.23
0.001	0.880	0.001	0.118
0.001	0.903	0.001	0.095
0.001	0.213	0.661	0.125
0.566	0.432	0.001	0.001
0.386	0.238	0.225	0.150
0.001	0.001	0.001	0.997
0.001	0.001	0.001	0.997
0.997	0.001	0.001	0.001
>CAGSTGCA	13-CAGSTGCA	6.718071	-25.546304	0	T:108.0(22.69%),B:5742.8(11.63%),P:1e-11	Tpos:473.9,Tstd:278.4,Bpos:436.8,Bstd:271.3,StrandBias:-0.3,Multiplicity:1.17
0.001	0.997	0.001	0.001
0.971	0.027	0.001	0.001
0.001	0.001	0.997	0.001
0.001	0.476	0.522	0.001
0.001	0.001	0.001	0.997
0.001	0.001	0.997	0.001
0.001	0.997	0.001	0.001
0.997	0.001	0.001	0.001
>ACCTGCTG	14-ACCTGCTG	7.099757	-24.321886	0	T:92.0(19.33%),B:4638.7(9.39%),P:1e-10	Tpos:542.5,Tstd:306.3,Bpos:436.6,Bstd:272.6,StrandBias:-0.2,Multiplicity:1.09
0.997	0.001	0.001	0.001
0.001	0.997	0.001	0.001
0.001	0.997	0.001	0.001
0.001	0.001	0.001	0.997
0.001	0.001	0.997	0.001
0.001	0.997	0.001	0.001
0.001	0.062	0.025	0.912
0.245	0.001	0.753	0.001
>GCAATTCA	15-GCAATTCA	8.147002	-23.640748	0	T:107.0(22.48%),B:5850.4(11.85%),P:1e-10	Tpos:414.9,Tstd:251.1,Bpos:435.7,Bstd:268.1,StrandBias:0.0,Multiplicity:1.13
0.001	0.001	0.997	0.001
0.001	0.997	0.001	0.001
0.794	0.095	0.001	0.110
0.899	0.099	0.001	0.001
0.001	0.001	0.001	0.997
0.001	0.211	0.001	0.787
0.001	0.997	0.001	0.001
0.862	0.136	0.001	0.001
>CGCATTGT	16-CGCATTGT	7.785506	-22.849077	0	T:146.0(30.67%),B:9151.3(18.53%),P:1e-9	Tpos:495.7,Tstd:314.6,Bpos:433.1,Bstd:265.5,StrandBias:0.5,Multiplicity:1.10
0.122	0.580	0.101	0.197
0.001	0.263	0.626	0.110
0.001	0.997	0.001	0.001
0.956	0.001	0.001	0.042
0.001	0.001	0.111	0.887
0.001	0.001	0.001	0.997
0.025	0.001	0.973	0.001
0.013	0.001	0.001	0.985
>AACCTGCG	17-AACCTGCG	7.644862	-20.228124	0	T:76.0(15.97%),B:3812.0(7.72%),P:1e-8	Tpos:514.0,Tstd:351.5,Bpos:438.2,Bstd:273.3,StrandBias:0.4,Multiplicity:1.13
0.712	0.286	0.001	0.001
0.546	0.163	0.001	0.290
0.001	0.984	0.014	0.001
0.001	0.874	0.124	0.001
0.097	0.001	0.031	0.871
0.001	0.001	0.895	0.103
0.001	0.865	0.008	0.126
0.001	0.001	0.997	0.001
>TCAATCGA	18-TCAATCGA	7.057375	-20.188588	0	T:97.0(20.38%),B:5419.1(10.97%),P:1e-8	Tpos:436.0,Tstd:265.9,Bpos:436.5,Bstd:273.6,StrandBias:-0.2,Multiplicity:1.20
0.079	0.001	0.264	0.656
0.001	0.997	0.001	0.001
0.987	0.010	0.002	0.001
0.774	0.208	0.001	0.017
0.083	0.001	0.001	0.915
0.054	0.944	0.001	0.001
0.278	0.001	0.720	0.001
0.997	0.001	0.001	0.001
>TGATGGAT	19-TGATGGAT	10.665855	-16.407078	0	T:40.0(8.40%),B:1606.7(3.25%),P:1e-7	Tpos:435.6,Tstd:205.9,Bpos:448.9,Bstd:246.5,StrandBias:-0.3,Multiplicity:1.00
0.001	0.001	0.001	0.997
0.001	0.001	0.997	0.001
0.997	0.001	0.001	0.001
0.001	0.001	0.001	0.997
0.001	0.015	0.668	0.316
0.001	0.001	0.997	0.001
0.997	0.001	0.001	0.001
0.001	0.001	0.001	0.997
>TCCCAGGC	20-TCCCAGGC	9.126313	-15.888835	0	T:94.0(19.75%),B:5670.6(11.48%),P:1e-6	Tpos:462.2,Tstd:316.1,Bpos:439.0,Bstd:279.2,StrandBias:-0.9,Multiplicity:1.07
0.001	0.334	0.001	0.664
0.064	0.934	0.001	0.001
0.001	0.934	0.064	0.001
0.208	0.790	0.001	0.001
0.997	0.001	0.001	0.001
0.001	0.001	0.997	0.001
0.171	0.001	0.615	0.213
0.001	0.997	0.001	0.001
>TAACKTCG	21-TAACKTCG	8.330240	-15.003242	0	T:36.0(7.56%),B:1438.2(2.91%),P:1e-6	Tpos:423.5,Tstd:281.9,Bpos:444.3,Bstd:275.6,StrandBias:-0.1,Multiplicity:1.06
0.001	0.001	0.001	0.997
0.997	0.001	0.001	0.001
0.997	0.001	0.001	0.001
0.001	0.893	0.001	0.105
0.084	0.166	0.419	0.330
0.001	0.001	0.001	0.997
0.218	0.780	0.001	0.001
0.001	0.001	0.997	0.001
>GAGGGTAA	22-GAGGGTAA	8.236954	-14.559473	0	T:32.0(6.72%),B:1214.2(2.46%),P:1e-6	Tpos:480.5,Tstd:261.7,Bpos:438.8,Bstd:272.0,StrandBias:-0.2,Multiplicity:1.07
0.100	0.100	0.700	0.100
0.700	0.100	0.100	0.100
0.100	0.100	0.700	0.100
0.100	0.100	0.700	0.100
0.100	0.100	0.700	0.100
0.100	0.100	0.100	0.700
0.700	0.100	0.100	0.100
0.700	0.100	0.100	0.100
>AGGGCCKT	23-AGGGCCKT	7.992661	-12.527166	0	T:100.0(21.01%),B:6638.1(13.44%),P:1e-5	Tpos:424.8,Tstd:295.0,Bpos:438.7,Bstd:275.5,StrandBias:-0.0,Multiplicity:1.24
0.997	0.001	0.001	0.001
0.001	0.001	0.997	0.001
0.423	0.001	0.575	0.001
0.001	0.001	0.997	0.001
0.001	0.997	0.001	0.001
0.001	0.949	0.001	0.049
0.084	0.001	0.502	0.413
0.001	0.001	0.001	0.997
>TTCGTGAG	24-TTCGTGAG	8.744180	-8.930596	0	T:68.0(14.29%),B:4472.8(9.06%),P:1e-3	Tpos:450.6,Tstd:282.1,Bpos:442.0,Bstd:268.8,StrandBias:-0.4,Multiplicity:1.20
0.001	0.001	0.269	0.729
0.112	0.001	0.001	0.886
0.001	0.997	0.001	0.001
0.001	0.228	0.770	0.001
0.001	0.001	0.001	0.997
0.001	0.001	0.997	0.001
0.668	0.001	0.001	0.330
0.001	0.016	0.982	0.001
