>GTCATAAAMY	1-GTCATAAAMY	6.898926	-181.423940	0	T:331.0(69.54%),B:13728.7(27.80%),P:1e-78	Tpos:463.6,Tstd:264.6,Bpos:437.2,Bstd:275.2,StrandBias:-0.1,Multiplicity:1.83
0.199	0.041	0.703	0.057
0.021	0.397	0.016	0.566
0.255	0.469	0.001	0.275
0.576	0.013	0.402	0.009
0.022	0.006	0.072	0.900
0.694	0.032	0.005	0.269
0.969	0.004	0.018	0.009
0.953	0.001	0.012	0.034
0.371	0.260	0.185	0.183
0.146	0.353	0.131	0.370
>CMATAAACHG	2-CMATAAACHG	4.962915	-124.542285	0	T:220.0(46.22%),B:7799.9(15.79%),P:1e-54	Tpos:447.6,Tstd:285.1,Bpos:431.8,Bstd:268.2,StrandBias:0.3,Multiplicity:1.12
0.001	0.997	0.001	0.001
0.502	0.496	0.001	0.001
0.997	0.001	0.001	0.001
0.001	0.001	0.001	0.997
0.997	0.001	0.001	0.001
0.997	0.001	0.001	0.001
0.997	0.001	0.001	0.001
0.292	0.563	0.144	0.001
0.404	0.306	0.029	0.261
0.001	0.223	0.693	0.083
>GYTAATTGCH	3-GYTAATTGCH	6.689155	-95.151222	0	T:250.0(52.52%),B:11676.3(23.64%),P:1e-41	Tpos:464.2,Tstd:284.2,Bpos:438.6,Bstd:275.6,StrandBias:0.2,Multiplicity:1.33
0.080	0.189	0.616	0.115
0.186	0.396	0.108	0.310
0.038	0.001	0.084	0.877
0.997	0.001	0.001	0.001
0.997	0.001	0.001	0.001
0.001	0.026	0.157	0.816
0.001	0.001	0.050	0.948
0.404	0.001	0.578	0.017
0.001	0.865	0.133	0.001
0.315	0.403	0.001	0.280
>CCAATAAAAG	4-CCAATAAAAG	8.005021	-90.062790	0	T:183.0(38.45%),B:6904.5(13.98%),P:1e-39	Tpos:454.0,Tstd:292.7,Bpos:435.1,Bstd:271.3,StrandBias:0.1,Multiplicity:1.27
0.229	0.464	0.001	0.307
0.001	0.915	0.001	0.083
0.570	0.347	0.001	0.082
0.997	0.001	0.001	0.001
0.013	0.065	0.001	0.921
0.973	0.025	0.001	0.001
0.997	0.001	0.001	0.001
0.942	0.001	0.025	0.032
0.872	0.001	0.001	0.126
0.001	0.292	0.608	0.099
>GGYTTTAAAV	5-GGYTTTAAAV	7.748861	-64.142100	0	T:166.0(34.87%),B:7164.0(14.51%),P:1e-27	Tpos:479.1,Tstd:284.0,Bpos:438.0,Bstd:279.0,StrandBias:0.3,Multiplicity:1.17
0.001	0.263	0.735	0.001
0.001	0.364	0.634	0.001
0.001	0.409	0.140	0.450
0.001	0.001	0.209	0.789
0.108	0.001	0.217	0.674
0.001	0.001	0.001	0.997
0.997	0.001	0.001	0.001
0.978	0.020	0.001	0.001
0.997	0.001	0.001	0.001
0.376	0.375	0.247	0.001
>AACAAWGGVM	6-AACAAWGGVM	7.487763	-53.097045	0	T:280.0(58.82%),B:17858.6(36.16%),P:1e-23	Tpos:454.6,Tstd:280.1,Bpos:434.0,Bstd:268.3,StrandBias:-0.1,Multiplicity:1.53
0.670	0.171	0.158	0.001
0.914	0.001	0.001	0.084
0.001	0.787	0.001	0.211
0.997	0.001	0.001	0.001
0.997	0.001	0.001	0.001
0.573	0.001	0.001	0.425
0.213	0.001	0.785	0.001
0.098	0.179	0.722	0.001
0.264	0.370	0.254	0.112
0.369	0.223	0.218	0.189
>GGCTAATTAA	7-GGCTAATTAA	7.296543	-46.271427	0	T:176.0(36.97%),B:9245.8(18.72%),P:1e-20	Tpos:495.8,Tstd:317.8,Bpos:435.7,Bstd:278.7,StrandBias:0.1,Multiplicity:1.28
0.150	0.001	0.617	0.232
0.025	0.071	0.672	0.232
0.383	0.561	0.001	0.055
0.001	0.059	0.001	0.939
0.666	0.240	0.006	0.088
0.966	0.001	0.001	0.032
0.009	0.001	0.156	0.834
0.171	0.015	0.027	0.787
0.795	0.001	0.123	0.081
0.720	0.001	0.266	0.013
>GCTGCAGCTG	8-GCTGCAGCTG	9.406920	-37.361018	0	T:87.0(18.28%),B:3370.3(6.82%),P:1e-16	Tpos:487.7,Tstd:258.0,Bpos:436.2,Bstd:272.8,StrandBias:0.1,Multiplicity:1.06
0.101	0.086	0.769	0.044
0.001	0.839	0.130	0.030
0.003	0.076	0.001	0.920
0.100	0.001	0.898	0.001
0.001	0.997	0.001	0.001
0.997	0.001	0.001	0.001
0.001	0.351	0.647	0.001
0.048	0.610	0.341	0.001
0.015	0.001	0.001	0.983
0.011	0.001	0.987	0.001
>TCCTAGCAGG	9-TCCTAGCAGG	8.319541	-35.044911	0	T:78.0(16.39%),B:2927.9(5.93%),P:1e-15	Tpos:501.8,Tstd:295.2,Bpos:443.7,Bstd:276.4,StrandBias:-0.4,Multiplicity:1.10
0.156	0.001	0.001	0.842
0.314	0.548	0.002	0.136
0.001	0.682	0.001	0.316
0.001	0.105	0.001	0.893
0.800	0.198	0.001	0.001
0.001	0.001	0.997	0.001
0.001	0.997	0.001	0.001
0.893	0.022	0.025	0.060
0.001	0.004	0.994	0.001
0.001	0.001	0.926	0.072
>RCAGCAGGDG	10-RCAGCAGGDG	7.925211	-34.455651	0	T:149.0(31.30%),B:8132.8(16.47%),P:1e-14	Tpos:464.3,Tstd:323.0,Bpos:438.7,Bstd:274.5,StrandBias:-0.6,Multiplicity:1.30
0.415	0.001	0.468	0.115
0.001	0.868	0.001	0.130
0.480	0.313	0.001	0.206
0.001	0.001	0.997	0.001
0.001	0.997	0.001	0.001
0.746	0.001	0.161	0.092
0.001	0.001	0.997	0.001
0.001	0.001	0.997	0.001
0.372	0.001	0.323	0.304
0.001	0.001	0.997	0.001
>AACCKGNGGA	11-AACCKGNGGA	11.012711	-31.980801	0	T:17.0(3.57%),B:123.4(0.25%),P:1e-13	Tpos:412.4,Tstd:188.3,Bpos:381.6,Bstd:270.8,StrandBias:-0.2,Multiplicity:1.00
0.997	0.001	0.001	0.001
0.793	0.205	0.001	0.001
0.001	0.997	0.001	0.001
0.001	0.997	0.001	0.001
0.251	0.001	0.442	0.306
0.001	0.001	0.997	0.001
0.170	0.251	0.273	0.306
0.001	0.001	0.793	0.205
0.001	0.001	0.997	0.001
0.997	0.001	0.001	0.001
>MASKTYACTA	12-MASKTYACTA	8.090047	-31.191819	0	T:20.0(4.20%),B:202.4(0.41%),P:1e-13	Tpos:385.5,Tstd:246.2,Bpos:420.1,Bstd:280.1,StrandBias:1.4,Multiplicity:1.10
0.439	0.345	0.187	0.028
0.459	0.141	0.275	0.125
0.060	0.447	0.457	0.037
0.142	0.143	0.316	0.400
0.107	0.044	0.056	0.793
0.030	0.464	0.063	0.443
0.697	0.044	0.038	0.221
0.053	0.794	0.086	0.067
0.046	0.056	0.180	0.718
0.605	0.053	0.317	0.025
>GACTGCAATY	13-GACTGCAATY	10.397789	-30.087152	0	T:29.0(6.09%),B:517.2(1.05%),P:1e-13	Tpos:352.5,Tstd:225.3,Bpos:424.4,Bstd:269.6,StrandBias:-0.2,Multiplicity:1.00
0.001	0.207	0.791	0.001
0.997	0.001	0.001	0.001
0.001	0.960	0.038	0.001
0.001	0.006	0.001	0.992
0.001	0.001	0.835	0.163
0.001	0.989	0.001	0.009
0.665	0.001	0.001	0.333
0.752	0.001	0.246	0.001
0.001	0.001	0.001	0.997
0.019	0.462	0.001	0.518
>TGATRGATGT	14-TGATRGATGT	7.747911	-28.335573	0	T:15.0(3.15%),B:109.0(0.22%),P:1e-12	Tpos:360.0,Tstd:153.7,Bpos:455.6,Bstd:259.4,StrandBias:0.6,Multiplicity:1.00
0.183	0.220	0.033	0.564
0.346	0.127	0.518	0.009
0.657	0.013	0.046	0.284
0.363	0.035	0.057	0.545
0.338	0.233	0.402	0.027
0.098	0.029	0.632	0.241
0.602	0.064	0.163	0.171
0.243	0.269	0.020	0.467
0.289	0.183	0.446	0.082
0.279	0.029	0.029	0.663
>CCTAATKGAT	15-CCTAATKGAT	10.565733	-27.897479	0	T:16.0(3.36%),B:135.4(0.27%),P:1e-12	Tpos:462.6,Tstd:216.3,Bpos:455.3,Bstd:278.7,StrandBias:0.0,Multiplicity:1.00
0.001	0.997	0.001	0.001
0.001	0.997	0.001	0.001
0.001	0.001	0.001	0.997
0.997	0.001	0.001	0.001
0.997	0.001	0.001	0.001
0.001	0.001	0.001	0.997
0.038	0.001	0.441	0.520
0.001	0.001	0.997	0.001
0.997	0.001	0.001	0.001
0.001	0.001	0.001	0.997
>TGATCATGTA	16-TGATCATGTA	10.296193	-27.808767	0	T:12.0(2.52%),B:57.2(0.12%),P:1e-12	Tpos:492.2,Tstd:125.1,Bpos:416.3,Bstd:254.4,StrandBias:0.0,Multiplicity:1.00
0.100	0.100	0.100	0.700
0.100	0.100	0.700	0.100
0.700	0.100	0.100	0.100
0.100	0.100	0.100	0.700
0.100	0.700	0.100	0.100
0.700	0.100	0.100	0.100
0.100	0.100	0.100	0.700
0.100	0.100	0.700	0.100
0.100	0.100	0.100	0.700
0.700	0.100	0.100	0.100
>GAGACCTACT	17-GAGACCTACT	10.958662	-27.279459	0	T:19.0(3.99%),B:221.5(0.45%),P:1e-11	Tpos:618.6,Tstd:304.4,Bpos:451.6,Bstd:253.3,StrandBias:-0.2,Multiplicity:1.06
0.001	0.001	0.997	0.001
0.997	0.001	0.001	0.001
0.001	0.173	0.825	0.001
0.850	0.001	0.001	0.148
0.001	0.997	0.001	0.001
0.001	0.904	0.001	0.094
0.001	0.001	0.352	0.646
0.997	0.001	0.001	0.001
0.001	0.780	0.001	0.218
0.001	0.001	0.001	0.997
>TTCCGACTTA	18-TTCCGACTTA	11.291431	-26.307596	0	T:19.0(3.99%),B:234.1(0.47%),P:1e-11	Tpos:437.2,Tstd:214.4,Bpos:439.6,Bstd:262.7,StrandBias:0.1,Multiplicity:1.32
0.001	0.001	0.001	0.997
0.023	0.269	0.001	0.707
0.001	0.997	0.001	0.001
0.001	0.997	0.001	0.001
0.001	0.291	0.707	0.001
0.997	0.001	0.001	0.001
0.001	0.997	0.001	0.001
0.001	0.001	0.001	0.997
0.001	0.001	0.001	0.997
0.997	0.001	0.001	0.001
>TGATTGATTG	19-TGATTGATTG	9.706064	-26.244225	0	T:40.0(8.40%),B:1132.8(2.29%),P:1e-11	Tpos:453.4,Tstd:237.6,Bpos:447.5,Bstd:266.3,StrandBias:0.7,Multiplicity:1.06
0.001	0.001	0.355	0.643
0.001	0.001	0.966	0.032
0.712	0.241	0.046	0.001
0.158	0.017	0.026	0.799
0.001	0.001	0.001	0.997
0.001	0.118	0.685	0.196
0.839	0.159	0.001	0.001
0.084	0.001	0.040	0.875
0.028	0.001	0.039	0.932
0.001	0.001	0.997	0.001
>ACTGGGTTTM	20-ACTGGGTTTM	9.961623	-25.518827	0	T:46.0(9.66%),B:1488.1(3.01%),P:1e-11	Tpos:384.2,Tstd:305.8,Bpos:431.8,Bstd:268.0,StrandBias:0.4,Multiplicity:1.07
0.785	0.001	0.001	0.213
0.189	0.598	0.001	0.212
0.001	0.001	0.124	0.874
0.203	0.001	0.795	0.001
0.043	0.001	0.955	0.001
0.001	0.001	0.997	0.001
0.001	0.001	0.001	0.997
0.001	0.001	0.001	0.997
0.106	0.278	0.001	0.615
0.335	0.417	0.001	0.247
>TAGGTACTGA	21-TAGGTACTGA	12.164660	-25.397808	0	T:16.0(3.36%),B:160.8(0.33%),P:1e-11	Tpos:461.1,Tstd:174.9,Bpos:459.0,Bstd:291.3,StrandBias:0.2,Multiplicity:1.00
0.001	0.001	0.001	0.997
0.654	0.001	0.001	0.344
0.380	0.001	0.618	0.001
0.001	0.001	0.997	0.001
0.001	0.001	0.001	0.997
0.752	0.001	0.001	0.246
0.001	0.997	0.001	0.001
0.001	0.001	0.001	0.997
0.001	0.001	0.997	0.001
0.997	0.001	0.001	0.001
>AACCAGACTT	22-AACCAGACTT	10.296193	-23.389154	0	T:12.0(2.52%),B:84.3(0.17%),P:1e-10	Tpos:446.2,Tstd:274.6,Bpos:406.4,Bstd:302.8,StrandBias:-0.5,Multiplicity:1.00
0.700	0.100	0.100	0.100
0.700	0.100	0.100	0.100
0.100	0.700	0.100	0.100
0.100	0.700	0.100	0.100
0.700	0.100	0.100	0.100
0.100	0.100	0.700	0.100
0.700	0.100	0.100	0.100
0.100	0.700	0.100	0.100
0.100	0.100	0.100	0.700
0.100	0.100	0.100	0.700
>KWGGTCTCAT	23-KWGGTCTCAT	12.424003	-22.084005	0	T:17.0(3.57%),B:233.5(0.47%),P:1e-9	Tpos:518.0,Tstd:179.8,Bpos:418.7,Bstd:250.6,StrandBias:0.7,Multiplicity:1.07
0.001	0.001	0.495	0.503
0.483	0.001	0.001	0.515
0.001	0.001	0.997	0.001
0.001	0.001	0.997	0.001
0.001	0.001	0.001	0.997
0.001	0.997	0.001	0.001
0.001	0.001	0.001	0.997
0.001	0.997	0.001	0.001
0.997	0.001	0.001	0.001
0.001	0.001	0.001	0.997
>GGCTGAGGGT	24-GGCTGAGGGT	11.449350	-10.455663	0	T:14.0(2.94%),B:382.6(0.77%),P:1e-4	Tpos:453.2,Tstd:228.3,Bpos:453.2,Bstd:266.4,StrandBias:-1.2,Multiplicity:1.00
0.001	0.299	0.699	0.001
0.058	0.001	0.940	0.001
0.001	0.672	0.058	0.269
0.001	0.001	0.250	0.748
0.001	0.001	0.997	0.001
0.997	0.001	0.001	0.001
0.001	0.001	0.997	0.001
0.001	0.001	0.997	0.001
0.001	0.175	0.823	0.001
0.001	0.001	0.001	0.997
>ATTAGAGGTT	25-ATTAGAGGTT	10.296193	-5.956523	0	T:4.0(0.84%),B:59.0(0.12%),P:1e-2	Tpos:513.5,Tstd:177.9,Bpos:408.2,Bstd:307.8,StrandBias:3.6,Multiplicity:3.25
0.700	0.100	0.100	0.100
0.100	0.100	0.100	0.700
0.100	0.100	0.100	0.700
0.700	0.100	0.100	0.100
0.100	0.100	0.700	0.100
0.700	0.100	0.100	0.100
0.100	0.100	0.700	0.100
0.100	0.100	0.700	0.100
0.100	0.100	0.100	0.700
0.100	0.100	0.100	0.700
