>AGGYCATAAAAB	1-AGGYCATAAAAB	8.009126	-182.139513	0	T:249.0(52.31%),B:7438.7(15.06%),P:1e-79	Tpos:458.0,Tstd:260.6,Bpos:438.5,Bstd:275.9,StrandBias:0.0,Multiplicity:1.43
0.533	0.087	0.260	0.120
0.318	0.007	0.568	0.107
0.151	0.141	0.674	0.034
0.022	0.559	0.001	0.418
0.313	0.463	0.026	0.199
0.819	0.016	0.144	0.021
0.006	0.025	0.004	0.965
0.843	0.001	0.001	0.155
0.952	0.001	0.001	0.046
0.997	0.001	0.001	0.001
0.585	0.041	0.270	0.104
0.142	0.319	0.299	0.241
>BCAGTTAATTGC	2-BCAGTTAATTGC	7.319692	-102.636669	0	T:146.0(30.67%),B:4061.3(8.22%),P:1e-44	Tpos:412.8,Tstd:249.0,Bpos:436.7,Bstd:276.8,StrandBias:-0.0,Multiplicity:1.14
0.108	0.344	0.303	0.245
0.046	0.730	0.128	0.096
0.500	0.092	0.277	0.131
0.092	0.071	0.836	0.001
0.001	0.174	0.046	0.779
0.133	0.024	0.050	0.793
0.799	0.001	0.092	0.108
0.864	0.001	0.001	0.134
0.001	0.162	0.001	0.836
0.092	0.092	0.001	0.815
0.191	0.001	0.782	0.026
0.046	0.826	0.127	0.001
>ACTCCTAATCGA	3-ACTCCTAATCGA	13.840432	-68.808221	0	T:13.0(2.73%),B:3.0(0.01%),P:1e-29	Tpos:388.8,Tstd:146.2,Bpos:304.6,Bstd:174.6,StrandBias:0.7,Multiplicity:1.00
0.687	0.311	0.001	0.001
0.001	0.997	0.001	0.001
0.001	0.001	0.001	0.997
0.001	0.997	0.001	0.001
0.311	0.687	0.001	0.001
0.001	0.001	0.001	0.997
0.997	0.001	0.001	0.001
0.992	0.001	0.001	0.006
0.001	0.001	0.001	0.997
0.001	0.622	0.376	0.001
0.001	0.001	0.687	0.311
0.687	0.001	0.001	0.311
>TAAACTTCTATT	4-TAAACTTCTATT	12.355432	-63.097260	0	T:16.0(3.36%),B:14.6(0.03%),P:1e-27	Tpos:414.2,Tstd:172.0,Bpos:515.4,Bstd:214.2,StrandBias:0.0,Multiplicity:1.00
0.100	0.100	0.100	0.700
0.700	0.100	0.100	0.100
0.700	0.100	0.100	0.100
0.700	0.100	0.100	0.100
0.100	0.700	0.100	0.100
0.100	0.100	0.100	0.700
0.100	0.100	0.100	0.700
0.100	0.700	0.100	0.100
0.100	0.100	0.100	0.700
0.700	0.100	0.100	0.100
0.100	0.100	0.100	0.700
0.100	0.100	0.100	0.700
>TTTAGCCAGATA	5-TTTAGCCAGATA	14.422114	-62.184897	0	T:13.0(2.73%),B:5.3(0.01%),P:1e-27	Tpos:426.1,Tstd:159.4,Bpos:468.6,Bstd:147.7,StrandBias:0.7,Multiplicity:1.00
0.001	0.001	0.001	0.997
0.001	0.001	0.001	0.997
0.001	0.001	0.001	0.997
0.997	0.001	0.001	0.001
0.001	0.001	0.997	0.001
0.001	0.997	0.001	0.001
0.001	0.885	0.001	0.113
0.997	0.001	0.001	0.001
0.001	0.001	0.997	0.001
0.997	0.001	0.001	0.001
0.001	0.001	0.001	0.997
0.997	0.001	0.001	0.001
>TAACCAGACTTT	6-TAACCAGACTTT	12.355432	-61.628612	0	T:10.0(2.10%),B:0.9(0.00%),P:1e-26	Tpos:438.7,Tstd:293.0,Bpos:0.0,Bstd:0.0,StrandBias:-0.6,Multiplicity:1.00
0.100	0.100	0.100	0.700
0.700	0.100	0.100	0.100
0.700	0.100	0.100	0.100
0.100	0.700	0.100	0.100
0.100	0.700	0.100	0.100
0.700	0.100	0.100	0.100
0.100	0.100	0.700	0.100
0.700	0.100	0.100	0.100
0.100	0.700	0.100	0.100
0.100	0.100	0.100	0.700
0.100	0.100	0.100	0.700
0.100	0.100	0.100	0.700
>TGATCATGTATT	7-TGATCATGTATT	12.355432	-56.622362	0	T:11.0(2.31%),B:3.8(0.01%),P:1e-24	Tpos:476.6,Tstd:119.1,Bpos:734.2,Bstd:44.3,StrandBias:-0.3,Multiplicity:1.00
0.100	0.100	0.100	0.700
0.100	0.100	0.700	0.100
0.700	0.100	0.100	0.100
0.100	0.100	0.100	0.700
0.100	0.700	0.100	0.100
0.700	0.100	0.100	0.100
0.100	0.100	0.100	0.700
0.100	0.100	0.700	0.100
0.100	0.100	0.100	0.700
0.700	0.100	0.100	0.100
0.100	0.100	0.100	0.700
0.100	0.100	0.100	0.700
>AGATGTATAAGT	8-AGATGTATAAGT	12.355432	-54.664826	0	T:9.0(1.89%),B:2.0(0.00%),P:1e-23	Tpos:535.4,Tstd:102.2,Bpos:504.5,Bstd:172.0,StrandBias:1.0,Multiplicity:1.00
0.700	0.100	0.100	0.100
0.100	0.100	0.700	0.100
0.700	0.100	0.100	0.100
0.100	0.100	0.100	0.700
0.100	0.100	0.700	0.100
0.100	0.100	0.100	0.700
0.700	0.100	0.100	0.100
0.100	0.100	0.100	0.700
0.700	0.100	0.100	0.100
0.700	0.100	0.100	0.100
0.100	0.100	0.700	0.100
0.100	0.100	0.100	0.700
>GTTWAHCTATAC	9-GTTWAHCTATAC	8.672926	-53.466489	0	T:11.0(2.31%),B:4.4(0.01%),P:1e-23	Tpos:464.9,Tstd:233.8,Bpos:332.4,Bstd:162.6,StrandBias:0.3,Multiplicity:1.00
0.294	0.110	0.470	0.126
0.181	0.159	0.180	0.480
0.001	0.126	0.093	0.780
0.297	0.149	0.168	0.386
0.601	0.126	0.167	0.106
0.305	0.205	0.147	0.344
0.001	0.566	0.260	0.173
0.144	0.172	0.142	0.542
0.923	0.004	0.001	0.072
0.122	0.121	0.166	0.591
0.428	0.203	0.253	0.116
0.127	0.450	0.265	0.158
>TCTAAGTGGGGA	10-TCTAAGTGGGGA	13.886681	-51.987171	0	T:13.0(2.73%),B:11.7(0.02%),P:1e-22	Tpos:455.3,Tstd:293.1,Bpos:376.0,Bstd:381.0,StrandBias:0.2,Multiplicity:1.15
0.103	0.001	0.001	0.895
0.001	0.930	0.001	0.068
0.001	0.001	0.001	0.997
0.997	0.001	0.001	0.001
0.997	0.001	0.001	0.001
0.001	0.001	0.997	0.001
0.001	0.001	0.001	0.997
0.001	0.001	0.997	0.001
0.079	0.001	0.919	0.001
0.001	0.001	0.997	0.001
0.001	0.001	0.997	0.001
0.997	0.001	0.001	0.001
>ACTTAGTTATGG	11-ACTTAGTTATGG	12.355432	-51.020539	0	T:11.0(2.31%),B:5.8(0.01%),P:1e-22	Tpos:486.0,Tstd:193.3,Bpos:346.2,Bstd:191.3,StrandBias:-0.3,Multiplicity:1.00
0.700	0.100	0.100	0.100
0.100	0.700	0.100	0.100
0.100	0.100	0.100	0.700
0.100	0.100	0.100	0.700
0.700	0.100	0.100	0.100
0.100	0.100	0.700	0.100
0.100	0.100	0.100	0.700
0.100	0.100	0.100	0.700
0.700	0.100	0.100	0.100
0.100	0.100	0.100	0.700
0.100	0.100	0.700	0.100
0.100	0.100	0.700	0.100
>TCAATTTATGAT	12-TCAATTTATGAT	16.482571	-51.020539	0	T:11.0(2.31%),B:5.9(0.01%),P:1e-22	Tpos:487.3,Tstd:124.8,Bpos:440.8,Bstd:243.7,StrandBias:1.4,Multiplicity:1.00
0.001	0.001	0.001	0.997
0.001	0.997	0.001	0.001
0.887	0.111	0.001	0.001
0.997	0.001	0.001	0.001
0.001	0.001	0.001	0.997
0.001	0.001	0.001	0.997
0.001	0.001	0.001	0.997
0.997	0.001	0.001	0.001
0.001	0.001	0.001	0.997
0.001	0.001	0.997	0.001
0.997	0.001	0.001	0.001
0.001	0.001	0.001	0.997
>TAAGAATTCCTA	13-TAAGAATTCCTA	12.355432	-47.808520	0	T:8.0(1.68%),B:1.6(0.00%),P:1e-20	Tpos:407.9,Tstd:416.8,Bpos:848.0,Bstd:0.0,StrandBias:0.7,Multiplicity:1.00
0.100	0.100	0.100	0.700
0.700	0.100	0.100	0.100
0.700	0.100	0.100	0.100
0.100	0.100	0.700	0.100
0.700	0.100	0.100	0.100
0.700	0.100	0.100	0.100
0.100	0.100	0.100	0.700
0.100	0.100	0.100	0.700
0.100	0.700	0.100	0.100
0.100	0.700	0.100	0.100
0.100	0.100	0.100	0.700
0.700	0.100	0.100	0.100
>TGAACCTGTGGA	14-TGAACCTGTGGA	12.355432	-47.791398	0	T:10.0(2.10%),B:4.9(0.01%),P:1e-20	Tpos:459.5,Tstd:148.0,Bpos:414.3,Bstd:185.2,StrandBias:0.0,Multiplicity:1.00
0.100	0.100	0.100	0.700
0.100	0.100	0.700	0.100
0.700	0.100	0.100	0.100
0.700	0.100	0.100	0.100
0.100	0.700	0.100	0.100
0.100	0.700	0.100	0.100
0.100	0.100	0.100	0.700
0.100	0.100	0.700	0.100
0.100	0.100	0.100	0.700
0.100	0.100	0.700	0.100
0.100	0.100	0.700	0.100
0.700	0.100	0.100	0.100
>AACTTCACTAAT	15-AACTTCACTAAT	16.479184	-45.876384	0	T:11.0(2.31%),B:8.4(0.02%),P:1e-19	Tpos:394.6,Tstd:208.3,Bpos:326.4,Bstd:259.0,StrandBias:0.8,Multiplicity:1.00
0.997	0.001	0.001	0.001
0.997	0.001	0.001	0.001
0.001	0.997	0.001	0.001
0.001	0.001	0.001	0.997
0.001	0.114	0.001	0.884
0.001	0.997	0.001	0.001
0.997	0.001	0.001	0.001
0.001	0.997	0.001	0.001
0.001	0.001	0.001	0.997
0.997	0.001	0.001	0.001
0.997	0.001	0.001	0.001
0.001	0.001	0.001	0.997
>GAGCACATTCCA	16-GAGCACATTCCA	12.355432	-45.568538	0	T:10.0(2.10%),B:5.5(0.01%),P:1e-19	Tpos:440.8,Tstd:284.0,Bpos:336.0,Bstd:341.4,StrandBias:0.6,Multiplicity:1.00
0.100	0.100	0.700	0.100
0.700	0.100	0.100	0.100
0.100	0.100	0.700	0.100
0.100	0.700	0.100	0.100
0.700	0.100	0.100	0.100
0.100	0.700	0.100	0.100
0.700	0.100	0.100	0.100
0.100	0.100	0.100	0.700
0.100	0.100	0.100	0.700
0.100	0.700	0.100	0.100
0.100	0.700	0.100	0.100
0.700	0.100	0.100	0.100
>CWGDTGATGKAT	17-CWGDTGATGKAT	10.992647	-43.483838	0	T:14.0(2.94%),B:29.8(0.06%),P:1e-18	Tpos:419.5,Tstd:187.1,Bpos:362.6,Bstd:223.9,StrandBias:0.8,Multiplicity:1.00
0.176	0.570	0.001	0.253
0.455	0.001	0.001	0.543
0.001	0.058	0.940	0.001
0.242	0.150	0.304	0.303
0.001	0.001	0.001	0.997
0.297	0.001	0.701	0.001
0.509	0.323	0.167	0.001
0.109	0.001	0.001	0.889
0.134	0.054	0.811	0.001
0.253	0.001	0.445	0.301
0.550	0.394	0.055	0.001
0.234	0.001	0.001	0.764
>AAGTCTTAATGA	18-AAGTCTTAATGA	12.355432	-42.271764	0	T:8.0(1.68%),B:3.0(0.01%),P:1e-18	Tpos:604.5,Tstd:442.8,Bpos:611.8,Bstd:274.1,StrandBias:-0.7,Multiplicity:1.00
0.700	0.100	0.100	0.100
0.700	0.100	0.100	0.100
0.100	0.100	0.700	0.100
0.100	0.100	0.100	0.700
0.100	0.700	0.100	0.100
0.100	0.100	0.100	0.700
0.100	0.100	0.100	0.700
0.700	0.100	0.100	0.100
0.700	0.100	0.100	0.100
0.100	0.100	0.100	0.700
0.100	0.100	0.700	0.100
0.700	0.100	0.100	0.100
>GGACTGCTATTA	19-GGACTGCTATTA	12.355432	-42.271764	0	T:8.0(1.68%),B:2.1(0.00%),P:1e-18	Tpos:343.9,Tstd:302.0,Bpos:674.0,Bstd:76.7,StrandBias:0.7,Multiplicity:1.00
0.100	0.100	0.700	0.100
0.100	0.100	0.700	0.100
0.700	0.100	0.100	0.100
0.100	0.700	0.100	0.100
0.100	0.100	0.100	0.700
0.100	0.100	0.700	0.100
0.100	0.700	0.100	0.100
0.100	0.100	0.100	0.700
0.700	0.100	0.100	0.100
0.100	0.100	0.100	0.700
0.100	0.100	0.100	0.700
0.700	0.100	0.100	0.100
>AACCCATTTCGT	20-AACCCATTTCGT	12.921077	-42.220966	0	T:10.0(2.10%),B:7.3(0.01%),P:1e-18	Tpos:221.0,Tstd:188.9,Bpos:511.7,Bstd:161.4,StrandBias:-1.2,Multiplicity:1.00
0.997	0.001	0.001	0.001
0.997	0.001	0.001	0.001
0.001	0.997	0.001	0.001
0.001	0.997	0.001	0.001
0.001	0.997	0.001	0.001
0.997	0.001	0.001	0.001
0.001	0.001	0.172	0.826
0.001	0.001	0.001	0.997
0.001	0.001	0.001	0.997
0.146	0.852	0.001	0.001
0.001	0.001	0.997	0.001
0.001	0.001	0.001	0.997
>AGGTGGTCTCAT	21-AGGTGGTCTCAT	16.512557	-41.450776	0	T:11.0(2.31%),B:12.5(0.03%),P:1e-18	Tpos:464.3,Tstd:108.1,Bpos:354.4,Bstd:255.6,StrandBias:3.3,Multiplicity:1.00
0.997	0.001	0.001	0.001
0.001	0.001	0.997	0.001
0.001	0.084	0.914	0.001
0.001	0.001	0.001	0.997
0.001	0.001	0.997	0.001
0.001	0.001	0.997	0.001
0.001	0.001	0.001	0.997
0.001	0.997	0.001	0.001
0.001	0.001	0.001	0.997
0.001	0.997	0.001	0.001
0.997	0.001	0.001	0.001
0.001	0.001	0.001	0.997
>AGCTGCAGCTGS	22-AGCTGCAGCTGS	11.286526	-26.762105	0	T:34.0(7.14%),B:817.3(1.65%),P:1e-11	Tpos:471.5,Tstd:234.2,Bpos:443.8,Bstd:290.8,StrandBias:-0.1,Multiplicity:1.09
0.528	0.001	0.362	0.109
0.001	0.029	0.861	0.109
0.001	0.841	0.157	0.001
0.001	0.001	0.001	0.997
0.001	0.024	0.714	0.261
0.001	0.894	0.104	0.001
0.875	0.123	0.001	0.001
0.001	0.390	0.608	0.001
0.001	0.885	0.113	0.001
0.001	0.001	0.001	0.997
0.001	0.001	0.997	0.001
0.096	0.514	0.389	0.001
>SCGGCTATTAGA	23-SCGGCTATTAGA	13.104463	-20.011317	0	T:5.0(1.05%),B:5.5(0.01%),P:1e-8	Tpos:474.8,Tstd:147.1,Bpos:341.1,Bstd:348.8,StrandBias:2.6,Multiplicity:2.80
0.001	0.483	0.515	0.001
0.001	0.584	0.414	0.001
0.100	0.001	0.898	0.001
0.001	0.001	0.997	0.001
0.001	0.997	0.001	0.001
0.001	0.001	0.001	0.997
0.997	0.001	0.001	0.001
0.001	0.001	0.001	0.997
0.001	0.001	0.001	0.997
0.997	0.001	0.001	0.001
0.001	0.001	0.997	0.001
0.997	0.001	0.001	0.001
>GGTTAGGATCCT	24-GGTTAGGATCCT	14.383338	-7.232304	0	T:2.0(0.42%),B:4.3(0.01%),P:1e-3	Tpos:492.6,Tstd:135.3,Bpos:471.9,Bstd:358.7,StrandBias:10.0,Multiplicity:5.50
0.001	0.001	0.997	0.001
0.001	0.001	0.997	0.001
0.001	0.001	0.001	0.997
0.001	0.001	0.001	0.997
0.997	0.001	0.001	0.001
0.001	0.001	0.874	0.124
0.001	0.001	0.997	0.001
0.874	0.001	0.124	0.001
0.001	0.001	0.001	0.997
0.001	0.997	0.001	0.001
0.001	0.997	0.001	0.001
0.001	0.001	0.001	0.997
>TCAGCCTCAGCC	25-TCAGCCTCAGCC	10.275608	-5.294184	0	T:4.0(0.84%),B:70.5(0.14%),P:1e-2	Tpos:734.7,Tstd:179.0,Bpos:305.8,Bstd:237.6,StrandBias:-0.9,Multiplicity:4.25
0.129	0.135	0.111	0.625
0.106	0.657	0.117	0.120
0.730	0.074	0.058	0.138
0.116	0.124	0.656	0.104
0.110	0.662	0.104	0.124
0.116	0.690	0.051	0.143
0.126	0.141	0.067	0.666
0.084	0.691	0.124	0.101
0.707	0.082	0.066	0.145
0.095	0.119	0.650	0.136
0.133	0.609	0.139	0.119
0.122	0.655	0.074	0.149
