>TGTTTATTTT	1-TGTTTATTTT	9.013428	-46.590114	0	T:76.0(38.00%),B:11949.4(12.04%),P:1e-20	Tpos:384.7,Tstd:260.6,Bpos:376.1,Bstd:234.3,StrandBias:0.2,Multiplicity:1.18
0.013	0.046	0.001	0.940
0.041	0.069	0.889	0.001
0.017	0.020	0.016	0.947
0.018	0.001	0.001	0.980
0.060	0.001	0.015	0.924
0.912	0.005	0.082	0.001
0.016	0.001	0.001	0.982
0.022	0.001	0.001	0.976
0.051	0.001	0.020	0.928
0.209	0.017	0.136	0.638
>BCCTGCTGKG	2-BCCTGCTGKG	7.290459	-37.203195	0	T:138.0(69.00%),B:39519.4(39.81%),P:1e-16	Tpos:370.1,Tstd:206.8,Bpos:373.0,Bstd:237.9,StrandBias:0.1,Multiplicity:1.46
0.135	0.278	0.273	0.314
0.001	0.997	0.001	0.001
0.090	0.908	0.001	0.001
0.379	0.001	0.001	0.619
0.160	0.001	0.715	0.124
0.001	0.929	0.069	0.001
0.132	0.001	0.001	0.866
0.004	0.001	0.959	0.036
0.139	0.001	0.459	0.401
0.001	0.098	0.768	0.133
>GTAAACATGC	3-GTAAACATGC	7.182245	-32.129151	0	T:77.0(38.50%),B:15773.7(15.89%),P:1e-13	Tpos:441.8,Tstd:230.5,Bpos:373.6,Bstd:227.9,StrandBias:0.2,Multiplicity:1.13
0.001	0.079	0.845	0.075
0.148	0.077	0.092	0.683
0.876	0.072	0.029	0.023
0.829	0.055	0.002	0.114
0.954	0.020	0.001	0.025
0.044	0.762	0.088	0.106
0.686	0.157	0.081	0.076
0.077	0.001	0.091	0.831
0.045	0.137	0.721	0.097
0.085	0.826	0.037	0.052
>TGATTKACAN	4-TGATTKACAN	6.564952	-29.403850	0	T:34.0(17.00%),B:3694.9(3.72%),P:1e-12	Tpos:353.4,Tstd:158.7,Bpos:380.7,Bstd:231.6,StrandBias:-0.9,Multiplicity:1.15
0.284	0.086	0.047	0.583
0.161	0.102	0.640	0.097
0.674	0.098	0.122	0.106
0.196	0.209	0.139	0.456
0.277	0.089	0.027	0.607
0.092	0.228	0.413	0.267
0.572	0.084	0.245	0.099
0.076	0.564	0.289	0.071
0.570	0.090	0.003	0.337
0.193	0.277	0.335	0.195
>TGTDBTMTCY	5-TGTDBTMTCY	7.537917	-20.501058	0	T:28.0(14.00%),B:3599.2(3.63%),P:1e-8	Tpos:356.7,Tstd:296.4,Bpos:369.8,Bstd:233.4,StrandBias:1.7,Multiplicity:1.21
0.174	0.001	0.327	0.498
0.028	0.019	0.952	0.001
0.217	0.010	0.178	0.595
0.362	0.013	0.314	0.311
0.178	0.249	0.223	0.350
0.032	0.001	0.013	0.954
0.550	0.406	0.027	0.017
0.041	0.214	0.147	0.598
0.032	0.606	0.331	0.031
0.152	0.357	0.040	0.450
>CTCATGTCAC	6-CTCATGTCAC	8.687889	-20.428362	0	T:30.0(15.00%),B:4114.7(4.15%),P:1e-8	Tpos:396.5,Tstd:197.7,Bpos:369.9,Bstd:229.2,StrandBias:0.5,Multiplicity:1.04
0.138	0.734	0.127	0.001
0.086	0.001	0.001	0.912
0.001	0.910	0.001	0.088
0.855	0.065	0.001	0.079
0.001	0.001	0.001	0.997
0.001	0.001	0.915	0.083
0.001	0.001	0.001	0.997
0.001	0.900	0.098	0.001
0.913	0.085	0.001	0.001
0.146	0.852	0.001	0.001
>CHDRWGGTCA	7-CHDRWGGTCA	8.042491	-20.301726	0	T:60.0(30.00%),B:13515.5(13.62%),P:1e-8	Tpos:396.4,Tstd:231.0,Bpos:375.0,Bstd:231.0,StrandBias:-0.3,Multiplicity:1.12
0.003	0.866	0.088	0.043
0.325	0.314	0.001	0.361
0.308	0.001	0.421	0.271
0.374	0.160	0.464	0.002
0.471	0.001	0.053	0.475
0.002	0.037	0.958	0.003
0.025	0.001	0.789	0.185
0.001	0.416	0.002	0.581
0.242	0.552	0.001	0.205
0.923	0.075	0.001	0.001
>TCTCCCTGGG	8-TCTCCCTGGG	9.010052	-19.879904	0	T:41.0(20.50%),B:7333.9(7.39%),P:1e-8	Tpos:392.7,Tstd:262.0,Bpos:371.3,Bstd:231.6,StrandBias:-0.3,Multiplicity:1.12
0.012	0.001	0.019	0.968
0.057	0.836	0.020	0.087
0.001	0.001	0.001	0.997
0.001	0.864	0.021	0.114
0.086	0.912	0.001	0.001
0.039	0.822	0.100	0.039
0.131	0.001	0.001	0.867
0.001	0.001	0.955	0.043
0.001	0.001	0.976	0.022
0.001	0.139	0.820	0.040
>CTGTCACTGA	9-CTGTCACTGA	8.853967	-19.580271	0	T:42.0(21.00%),B:7718.0(7.78%),P:1e-8	Tpos:394.5,Tstd:240.1,Bpos:376.0,Bstd:233.8,StrandBias:-0.1,Multiplicity:1.12
0.001	0.944	0.054	0.001
0.038	0.001	0.001	0.960
0.001	0.017	0.981	0.001
0.043	0.035	0.106	0.816
0.075	0.861	0.001	0.063
0.932	0.020	0.001	0.047
0.001	0.953	0.045	0.001
0.001	0.119	0.001	0.879
0.001	0.027	0.901	0.071
0.767	0.040	0.076	0.117
>AAGGCTTCTC	10-AAGGCTTCTC	9.287494	-12.187317	0	T:24.0(12.00%),B:4206.2(4.24%),P:1e-5	Tpos:335.9,Tstd:232.6,Bpos:374.0,Bstd:226.8,StrandBias:0.4,Multiplicity:1.17
0.887	0.111	0.001	0.001
0.902	0.001	0.001	0.096
0.020	0.001	0.978	0.001
0.157	0.001	0.841	0.001
0.001	0.997	0.001	0.001
0.001	0.192	0.001	0.806
0.001	0.125	0.001	0.873
0.001	0.997	0.001	0.001
0.001	0.130	0.001	0.868
0.151	0.756	0.092	0.001
>AAGVAAAMTV	11-AAGVAAAMTV	8.979912	-10.315940	0	T:37.0(18.50%),B:9127.3(9.20%),P:1e-4	Tpos:317.4,Tstd:244.6,Bpos:368.4,Bstd:228.9,StrandBias:0.4,Multiplicity:1.03
0.837	0.053	0.055	0.055
0.795	0.086	0.059	0.060
0.135	0.047	0.817	0.001
0.342	0.283	0.354	0.021
0.777	0.068	0.074	0.081
0.906	0.028	0.050	0.016
0.860	0.097	0.022	0.021
0.430	0.540	0.001	0.029
0.401	0.021	0.027	0.551
0.363	0.284	0.305	0.049
>AAGCAAAGCA	12-AAGCAAAGCA	6.404373	-9.173648	0	T:168.0(84.00%),B:72077.8(72.62%),P:1e-3	Tpos:374.3,Tstd:222.7,Bpos:372.0,Bstd:237.9,StrandBias:-0.0,Multiplicity:2.42
0.700	0.100	0.100	0.100
0.700	0.100	0.100	0.100
0.100	0.100	0.700	0.100
0.100	0.700	0.100	0.100
0.700	0.100	0.100	0.100
0.700	0.100	0.100	0.100
0.700	0.100	0.100	0.100
0.100	0.100	0.700	0.100
0.100	0.700	0.100	0.100
0.700	0.100	0.100	0.100
>CTCCTGCTGC	13-CTCCTGCTGC	9.245555	-8.834150	0	T:31.0(15.50%),B:7611.0(7.67%),P:1e-3	Tpos:547.5,Tstd:262.0,Bpos:388.2,Bstd:256.9,StrandBias:-0.2,Multiplicity:1.12
0.338	0.519	0.001	0.142
0.001	0.052	0.001	0.946
0.119	0.751	0.129	0.001
0.001	0.647	0.218	0.134
0.001	0.001	0.001	0.997
0.092	0.001	0.906	0.001
0.223	0.556	0.137	0.084
0.025	0.001	0.001	0.973
0.001	0.001	0.997	0.001
0.001	0.837	0.161	0.001
>WAGGGTAGTC	14-WAGGGTAGTC	8.397310	-7.256587	0	T:19.0(9.50%),B:4102.2(4.13%),P:1e-3	Tpos:363.7,Tstd:198.4,Bpos:377.4,Bstd:224.3,StrandBias:1.0,Multiplicity:1.26
0.408	0.001	0.165	0.426
0.892	0.001	0.106	0.001
0.001	0.001	0.715	0.283
0.001	0.001	0.881	0.117
0.001	0.342	0.656	0.001
0.001	0.001	0.001	0.997
0.997	0.001	0.001	0.001
0.165	0.146	0.688	0.001
0.001	0.001	0.121	0.877
0.001	0.997	0.001	0.001
>GTGTTTATTTTC	1-GTGTTTATTTTC	8.878529	-31.371079	0	T:55.0(27.50%),B:8842.7(8.91%),P:1e-13	Tpos:356.5,Tstd:222.7,Bpos:370.5,Bstd:230.5,StrandBias:-0.1,Multiplicity:1.09
0.154	0.070	0.654	0.122
0.001	0.054	0.041	0.904
0.041	0.036	0.922	0.001
0.042	0.001	0.001	0.956
0.052	0.001	0.034	0.913
0.100	0.089	0.001	0.810
0.741	0.146	0.074	0.039
0.086	0.001	0.042	0.871
0.003	0.001	0.034	0.962
0.046	0.035	0.046	0.873
0.118	0.001	0.073	0.808
0.001	0.597	0.289	0.113
>AGCATGTTTTCA	2-AGCATGTTTTCA	9.611117	-30.406688	0	T:33.0(16.50%),B:3347.4(3.37%),P:1e-13	Tpos:407.1,Tstd:227.8,Bpos:371.8,Bstd:230.7,StrandBias:0.3,Multiplicity:1.00
0.597	0.001	0.322	0.080
0.072	0.001	0.843	0.084
0.001	0.770	0.147	0.082
0.866	0.058	0.001	0.075
0.001	0.001	0.001	0.997
0.001	0.150	0.848	0.001
0.100	0.001	0.001	0.898
0.001	0.082	0.108	0.809
0.001	0.001	0.067	0.931
0.155	0.001	0.149	0.695
0.001	0.898	0.100	0.001
0.861	0.010	0.001	0.128
>GGTCCCAGCAGG	3-GGTCCCAGCAGG	10.140335	-28.819740	0	T:33.0(16.50%),B:3548.8(3.58%),P:1e-12	Tpos:363.8,Tstd:229.7,Bpos:373.1,Bstd:236.3,StrandBias:-1.6,Multiplicity:1.09
0.089	0.072	0.656	0.183
0.058	0.159	0.566	0.217
0.089	0.001	0.224	0.686
0.037	0.809	0.001	0.153
0.110	0.790	0.001	0.099
0.001	0.946	0.001	0.052
0.874	0.001	0.001	0.124
0.001	0.001	0.997	0.001
0.099	0.778	0.122	0.001
0.996	0.001	0.001	0.002
0.001	0.001	0.955	0.043
0.044	0.001	0.954	0.001
>MTGTCAMKCATG	4-MTGTCAMKCATG	9.217625	-26.642784	0	T:36.0(18.00%),B:4570.5(4.60%),P:1e-11	Tpos:310.3,Tstd:207.1,Bpos:368.7,Bstd:232.6,StrandBias:0.0,Multiplicity:1.09
0.409	0.443	0.147	0.001
0.097	0.001	0.044	0.858
0.001	0.001	0.997	0.001
0.061	0.044	0.048	0.847
0.001	0.997	0.001	0.001
0.799	0.071	0.001	0.129
0.411	0.268	0.257	0.063
0.001	0.191	0.427	0.381
0.098	0.812	0.089	0.001
0.834	0.068	0.001	0.097
0.001	0.001	0.149	0.849
0.001	0.001	0.997	0.001
>CTGTGACCACCA	5-CTGTGACCACCA	9.376932	-23.781752	0	T:35.0(17.50%),B:4802.4(4.84%),P:1e-10	Tpos:341.7,Tstd:169.3,Bpos:373.5,Bstd:235.8,StrandBias:0.2,Multiplicity:1.11
0.069	0.727	0.111	0.093
0.001	0.073	0.001	0.925
0.029	0.088	0.882	0.001
0.059	0.001	0.001	0.939
0.001	0.095	0.903	0.001
0.865	0.074	0.031	0.030
0.175	0.603	0.057	0.165
0.021	0.883	0.033	0.063
0.663	0.098	0.097	0.142
0.063	0.781	0.052	0.104
0.090	0.864	0.001	0.045
0.970	0.001	0.001	0.028
>TGTTTTCTCTGC	6-TGTTTTCTCTGC	13.641050	-23.554982	0	T:12.0(6.00%),B:402.1(0.41%),P:1e-10	Tpos:258.3,Tstd:164.0,Bpos:374.4,Bstd:236.8,StrandBias:3.3,Multiplicity:1.10
0.001	0.001	0.001	0.997
0.001	0.001	0.997	0.001
0.001	0.001	0.182	0.816
0.001	0.001	0.128	0.870
0.001	0.001	0.001	0.997
0.001	0.001	0.001	0.997
0.168	0.830	0.001	0.001
0.001	0.001	0.001	0.997
0.001	0.997	0.001	0.001
0.001	0.001	0.001	0.997
0.001	0.001	0.882	0.116
0.001	0.748	0.138	0.113
>GGTCTGTGTTTG	7-GGTCTGTGTTTG	10.414528	-22.460049	0	T:23.0(11.50%),B:2200.1(2.22%),P:1e-9	Tpos:372.9,Tstd:217.6,Bpos:372.6,Bstd:236.1,StrandBias:1.8,Multiplicity:1.00
0.127	0.061	0.717	0.095
0.309	0.184	0.506	0.001
0.001	0.127	0.001	0.871
0.001	0.869	0.048	0.082
0.080	0.001	0.001	0.918
0.109	0.001	0.889	0.001
0.001	0.001	0.002	0.996
0.001	0.001	0.907	0.091
0.070	0.001	0.064	0.865
0.001	0.001	0.075	0.923
0.001	0.124	0.001	0.874
0.268	0.003	0.680	0.049
>AGAAAWASRATT	8-AGAAAWASRATT	11.611631	-22.257102	0	T:15.0(7.50%),B:825.3(0.83%),P:1e-9	Tpos:432.3,Tstd:191.2,Bpos:368.7,Bstd:229.3,StrandBias:0.6,Multiplicity:1.00
0.997	0.001	0.001	0.001
0.001	0.078	0.920	0.001
0.771	0.001	0.227	0.001
0.997	0.001	0.001	0.001
0.997	0.001	0.001	0.001
0.362	0.134	0.001	0.503
0.926	0.001	0.072	0.001
0.001	0.317	0.461	0.221
0.494	0.001	0.504	0.001
0.536	0.087	0.090	0.287
0.001	0.001	0.001	0.997
0.001	0.001	0.001	0.997
>CAGAGGTCATGC	9-CAGAGGTCATGC	13.443235	-21.338868	0	T:9.0(4.50%),B:204.2(0.21%),P:1e-9	Tpos:272.7,Tstd:116.4,Bpos:358.9,Bstd:223.1,StrandBias:0.3,Multiplicity:1.00
0.001	0.997	0.001	0.001
0.997	0.001	0.001	0.001
0.001	0.001	0.997	0.001
0.997	0.001	0.001	0.001
0.001	0.256	0.742	0.001
0.001	0.001	0.997	0.001
0.001	0.001	0.001	0.997
0.001	0.997	0.001	0.001
0.997	0.001	0.001	0.001
0.001	0.001	0.103	0.895
0.001	0.142	0.704	0.153
0.090	0.795	0.001	0.114
>GCACATCACCAG	10-GCACATCACCAG	10.386211	-19.480767	0	T:15.0(7.50%),B:1015.6(1.02%),P:1e-8	Tpos:438.4,Tstd:269.4,Bpos:372.1,Bstd:233.2,StrandBias:0.2,Multiplicity:1.07
0.001	0.066	0.796	0.137
0.230	0.683	0.001	0.086
0.997	0.001	0.001	0.001
0.001	0.608	0.389	0.002
0.835	0.104	0.058	0.003
0.001	0.011	0.138	0.850
0.001	0.828	0.067	0.104
0.889	0.001	0.001	0.109
0.206	0.672	0.121	0.001
0.001	0.700	0.104	0.195
0.745	0.139	0.001	0.115
0.001	0.001	0.997	0.001
>TCAACCCTGACC	11-TCAACCCTGACC	14.169585	-19.432341	0	T:6.0(3.00%),B:60.7(0.06%),P:1e-8	Tpos:176.0,Tstd:80.2,Bpos:384.0,Bstd:218.2,StrandBias:0.0,Multiplicity:1.00
0.001	0.001	0.001	0.997
0.001	0.997	0.001	0.001
0.997	0.001	0.001	0.001
0.997	0.001	0.001	0.001
0.001	0.997	0.001	0.001
0.001	0.997	0.001	0.001
0.001	0.997	0.001	0.001
0.001	0.001	0.001	0.997
0.237	0.001	0.761	0.001
0.637	0.001	0.194	0.168
0.180	0.818	0.001	0.001
0.001	0.997	0.001	0.001
>KTCCCAGATGAG	12-KTCCCAGATGAG	12.026555	-19.419903	0	T:11.0(5.50%),B:460.8(0.46%),P:1e-8	Tpos:419.5,Tstd:206.5,Bpos:372.4,Bstd:221.3,StrandBias:-0.6,Multiplicity:1.00
0.212	0.001	0.337	0.450
0.001	0.261	0.001	0.737
0.001	0.926	0.001	0.072
0.047	0.951	0.001	0.001
0.001	0.997	0.001	0.001
0.964	0.001	0.034	0.001
0.001	0.019	0.979	0.001
0.813	0.185	0.001	0.001
0.001	0.001	0.213	0.785
0.001	0.001	0.997	0.001
0.721	0.266	0.001	0.012
0.286	0.001	0.712	0.001
>AAACAACATGTG	13-AAACAACATGTG	8.941730	-18.493061	0	T:12.0(6.00%),B:634.2(0.64%),P:1e-8	Tpos:307.8,Tstd:161.7,Bpos:374.0,Bstd:240.5,StrandBias:0.3,Multiplicity:1.10
0.689	0.111	0.121	0.079
0.642	0.107	0.160	0.091
0.648	0.109	0.141	0.102
0.167	0.618	0.114	0.101
0.708	0.136	0.074	0.082
0.623	0.101	0.149	0.127
0.135	0.682	0.112	0.071
0.674	0.134	0.086	0.106
0.107	0.077	0.145	0.671
0.097	0.131	0.684	0.088
0.129	0.059	0.135	0.677
0.085	0.117	0.685	0.113
>GTTTGTTRWTAT	14-GTTTGTTRWTAT	9.977135	-16.231551	0	T:16.0(8.00%),B:1498.7(1.51%),P:1e-7	Tpos:385.3,Tstd:200.6,Bpos:368.3,Bstd:233.5,StrandBias:0.2,Multiplicity:1.00
0.001	0.001	0.997	0.001
0.001	0.001	0.001	0.997
0.001	0.001	0.250	0.748
0.001	0.001	0.001	0.997
0.251	0.001	0.747	0.001
0.001	0.002	0.001	0.996
0.250	0.226	0.001	0.523
0.505	0.001	0.493	0.001
0.463	0.001	0.001	0.535
0.001	0.001	0.001	0.997
0.717	0.254	0.001	0.028
0.237	0.001	0.001	0.761
>GATGATTGACAG	15-GATGATTGACAG	8.463612	-15.244594	0	T:34.0(17.00%),B:6415.9(6.46%),P:1e-6	Tpos:366.0,Tstd:242.0,Bpos:374.6,Bstd:227.9,StrandBias:-0.5,Multiplicity:1.10
0.100	0.100	0.700	0.100
0.700	0.100	0.100	0.100
0.100	0.100	0.100	0.700
0.100	0.100	0.700	0.100
0.700	0.100	0.100	0.100
0.100	0.100	0.100	0.700
0.100	0.100	0.100	0.700
0.100	0.100	0.700	0.100
0.700	0.100	0.100	0.100
0.100	0.700	0.100	0.100
0.700	0.100	0.100	0.100
0.100	0.100	0.700	0.100
>TGDTTACTACAA	16-TGDTTACTACAA	12.880648	-13.799395	0	T:5.0(2.50%),B:85.9(0.09%),P:1e-5	Tpos:189.0,Tstd:170.3,Bpos:385.0,Bstd:208.0,StrandBias:-0.4,Multiplicity:1.40
0.001	0.001	0.001	0.997
0.320	0.001	0.678	0.001
0.321	0.073	0.311	0.295
0.001	0.310	0.001	0.688
0.001	0.001	0.001	0.997
0.997	0.001	0.001	0.001
0.001	0.997	0.001	0.001
0.001	0.001	0.001	0.997
0.704	0.001	0.294	0.001
0.001	0.997	0.001	0.001
0.997	0.001	0.001	0.001
0.997	0.001	0.001	0.001
>TCCCCATCTGGA	17-TCCCCATCTGGA	8.463612	-13.245699	0	T:41.0(20.50%),B:9374.4(9.44%),P:1e-5	Tpos:388.9,Tstd:218.3,Bpos:372.7,Bstd:225.3,StrandBias:-0.4,Multiplicity:1.05
0.100	0.100	0.100	0.700
0.100	0.700	0.100	0.100
0.100	0.700	0.100	0.100
0.100	0.700	0.100	0.100
0.100	0.700	0.100	0.100
0.700	0.100	0.100	0.100
0.100	0.100	0.100	0.700
0.100	0.700	0.100	0.100
0.100	0.100	0.100	0.700
0.100	0.100	0.700	0.100
0.100	0.100	0.700	0.100
0.700	0.100	0.100	0.100
>TAGAATCCATCC	18-TAGAATCCATCC	7.852197	-9.288584	0	T:30.0(15.00%),B:7070.2(7.12%),P:1e-4	Tpos:347.5,Tstd:265.1,Bpos:371.1,Bstd:225.8,StrandBias:0.3,Multiplicity:1.10
0.148	0.083	0.042	0.727
0.826	0.051	0.029	0.094
0.062	0.079	0.807	0.052
0.785	0.068	0.109	0.038
0.601	0.138	0.118	0.143
0.154	0.015	0.050	0.781
0.067	0.799	0.082	0.052
0.055	0.765	0.026	0.154
0.818	0.080	0.001	0.101
0.195	0.065	0.151	0.589
0.100	0.694	0.133	0.073
0.028	0.813	0.115	0.044
>CTTCTSTTTCTW	19-CTTCTSTTTCTW	11.324010	-8.990503	0	T:18.0(9.00%),B:3262.5(3.29%),P:1e-3	Tpos:316.5,Tstd:218.3,Bpos:378.5,Bstd:221.1,StrandBias:-0.5,Multiplicity:1.06
0.001	0.966	0.001	0.032
0.001	0.001	0.001	0.997
0.001	0.149	0.001	0.849
0.001	0.571	0.233	0.195
0.405	0.038	0.001	0.556
0.001	0.424	0.338	0.237
0.028	0.132	0.001	0.839
0.001	0.001	0.001	0.997
0.028	0.001	0.005	0.966
0.001	0.997	0.001	0.001
0.001	0.376	0.001	0.622
0.451	0.148	0.001	0.400
>TGCTGCTGCWKG	20-TGCTGCTGCWKG	11.441184	-7.460350	0	T:17.0(8.50%),B:3393.9(3.42%),P:1e-3	Tpos:562.6,Tstd:242.1,Bpos:393.7,Bstd:266.6,StrandBias:-0.2,Multiplicity:1.18
0.001	0.001	0.001	0.997
0.001	0.281	0.717	0.001
0.001	0.712	0.286	0.001
0.001	0.001	0.001	0.997
0.001	0.001	0.997	0.001
0.001	0.997	0.001	0.001
0.001	0.001	0.001	0.997
0.001	0.001	0.997	0.001
0.001	0.658	0.340	0.001
0.438	0.267	0.001	0.294
0.001	0.001	0.529	0.469
0.001	0.351	0.647	0.001
>GCTTTGCTTTGC	21-GCTTTGCTTTGC	-4.151551	-7.266496	0	T:102.0(51.00%),B:39291.8(39.58%),P:1e-3	Tpos:353.7,Tstd:217.3,Bpos:373.0,Bstd:242.2,StrandBias:0.2,Multiplicity:1.27
0.001	0.001	0.997	0.001
0.001	0.997	0.001	0.001
0.001	0.001	0.001	0.997
0.001	0.001	0.034	0.964
0.001	0.001	0.001	0.997
0.001	0.001	0.997	0.001
0.001	0.997	0.001	0.001
0.001	0.001	0.001	0.997
0.001	0.001	0.001	0.997
0.001	0.001	0.037	0.961
0.001	0.001	0.997	0.001
0.001	0.997	0.001	0.001
>AAGGGTAGTCAG	22-AAGGGTAGTCAG	12.355432	-4.824883	0	T:1.0(0.50%),B:4.7(0.00%),P:1e-2	Tpos:620.5,Tstd:61.2,Bpos:334.5,Bstd:156.7,StrandBias:10.0,Multiplicity:4.00
0.700	0.100	0.100	0.100
0.700	0.100	0.100	0.100
0.100	0.100	0.700	0.100
0.100	0.100	0.700	0.100
0.100	0.100	0.700	0.100
0.100	0.100	0.100	0.700
0.700	0.100	0.100	0.100
0.100	0.100	0.700	0.100
0.100	0.100	0.100	0.700
0.100	0.700	0.100	0.100
0.700	0.100	0.100	0.100
0.100	0.100	0.700	0.100
>TTTGCTTTGCTT	23-TTTGCTTTGCTT	6.517702	-4.348982	0	T:161.0(80.50%),B:72919.9(73.46%),P:1e-1	Tpos:397.1,Tstd:238.8,Bpos:372.7,Bstd:236.0,StrandBias:-0.2,Multiplicity:2.03
0.100	0.100	0.100	0.700
0.100	0.100	0.100	0.700
0.100	0.100	0.100	0.700
0.100	0.100	0.700	0.100
0.100	0.700	0.100	0.100
0.100	0.100	0.100	0.700
0.100	0.100	0.100	0.700
0.100	0.100	0.100	0.700
0.100	0.100	0.700	0.100
0.100	0.700	0.100	0.100
0.100	0.100	0.100	0.700
0.100	0.100	0.100	0.700
>GGGTGCTGTCAT	24-GGGTGCTGTCAT	12.355432	-3.734269	0	T:1.0(0.50%),B:12.3(0.01%),P:1e-1	Tpos:598.6,Tstd:54.7,Bpos:376.5,Bstd:235.2,StrandBias:10.0,Multiplicity:5.00
0.100	0.100	0.700	0.100
0.100	0.100	0.700	0.100
0.100	0.100	0.700	0.100
0.100	0.100	0.100	0.700
0.100	0.100	0.700	0.100
0.100	0.700	0.100	0.100
0.100	0.100	0.100	0.700
0.100	0.100	0.700	0.100
0.100	0.100	0.100	0.700
0.100	0.700	0.100	0.100
0.700	0.100	0.100	0.100
0.100	0.100	0.100	0.700
>TGTTTATT	1-TGTTTATT	9.078365	-36.931334	0	T:54.0(27.00%),B:7478.9(7.53%),P:1e-16	Tpos:424.2,Tstd:248.9,Bpos:374.9,Bstd:230.7,StrandBias:0.1,Multiplicity:1.06
0.001	0.059	0.001	0.939
0.001	0.001	0.997	0.001
0.001	0.001	0.001	0.997
0.001	0.001	0.001	0.997
0.001	0.001	0.001	0.997
0.997	0.001	0.001	0.001
0.001	0.001	0.001	0.997
0.001	0.145	0.001	0.853
>CCAGATGH	2-CCAGATGH	7.068628	-25.217289	0	T:115.0(57.50%),B:33838.6(34.09%),P:1e-10	Tpos:414.8,Tstd:231.4,Bpos:373.8,Bstd:229.5,StrandBias:0.2,Multiplicity:1.48
0.150	0.635	0.183	0.032
0.020	0.933	0.012	0.035
0.774	0.046	0.001	0.179
0.040	0.276	0.671	0.013
0.819	0.114	0.027	0.040
0.001	0.053	0.001	0.945
0.019	0.001	0.948	0.032
0.299	0.193	0.171	0.337
>GATTGACA	3-GATTGACA	8.621564	-23.156986	0	T:52.0(26.00%),B:9909.8(9.98%),P:1e-10	Tpos:353.9,Tstd:195.9,Bpos:373.8,Bstd:234.9,StrandBias:-0.9,Multiplicity:1.15
0.001	0.001	0.997	0.001
0.858	0.001	0.140	0.001
0.001	0.182	0.174	0.643
0.001	0.001	0.001	0.997
0.001	0.001	0.997	0.001
0.997	0.001	0.001	0.001
0.001	0.997	0.001	0.001
0.955	0.001	0.043	0.001
>GGTTTGTT	4-GGTTTGTT	8.722163	-18.887080	0	T:70.0(35.00%),B:17775.8(17.91%),P:1e-8	Tpos:441.2,Tstd:270.1,Bpos:376.8,Bstd:242.9,StrandBias:0.4,Multiplicity:1.54
0.001	0.038	0.707	0.254
0.001	0.001	0.997	0.001
0.001	0.001	0.001	0.997
0.077	0.001	0.001	0.921
0.001	0.001	0.001	0.997
0.001	0.146	0.852	0.001
0.001	0.001	0.001	0.997
0.001	0.001	0.001	0.997
>TGTTTACC	5-TGTTTACC	7.129937	-18.844596	0	T:72.0(36.00%),B:18569.8(18.71%),P:1e-8	Tpos:396.8,Tstd:244.1,Bpos:371.8,Bstd:230.8,StrandBias:0.2,Multiplicity:1.24
0.138	0.001	0.105	0.756
0.064	0.046	0.856	0.034
0.001	0.009	0.001	0.989
0.026	0.014	0.023	0.937
0.010	0.015	0.069	0.906
0.860	0.044	0.001	0.095
0.015	0.983	0.001	0.001
0.171	0.772	0.022	0.035
>CCTGCTGG	6-CCTGCTGG	7.764143	-18.813764	0	T:97.0(48.50%),B:28952.7(29.17%),P:1e-8	Tpos:386.8,Tstd:202.3,Bpos:374.5,Bstd:240.2,StrandBias:0.5,Multiplicity:1.35
0.001	0.997	0.001	0.001
0.001	0.997	0.001	0.001
0.128	0.009	0.001	0.862
0.001	0.001	0.997	0.001
0.068	0.930	0.001	0.001
0.001	0.001	0.001	0.997
0.001	0.007	0.991	0.001
0.142	0.124	0.626	0.108
>CGTGACAG	7-CGTGACAG	7.888281	-16.740527	0	T:57.0(28.50%),B:13754.0(13.86%),P:1e-7	Tpos:348.6,Tstd:222.4,Bpos:370.9,Bstd:237.0,StrandBias:-1.0,Multiplicity:1.14
0.194	0.642	0.078	0.086
0.074	0.001	0.890	0.035
0.001	0.001	0.123	0.875
0.036	0.001	0.940	0.023
0.997	0.001	0.001	0.001
0.001	0.997	0.001	0.001
0.997	0.001	0.001	0.001
0.048	0.088	0.652	0.212
>GAGAAAAC	8-GAGAAAAC	9.042635	-15.018419	0	T:45.0(22.50%),B:10115.8(10.19%),P:1e-6	Tpos:434.5,Tstd:288.1,Bpos:371.2,Bstd:230.9,StrandBias:-0.2,Multiplicity:1.11
0.001	0.001	0.997	0.001
0.997	0.001	0.001	0.001
0.001	0.001	0.997	0.001
0.952	0.001	0.001	0.046
0.997	0.001	0.001	0.001
0.694	0.167	0.001	0.138
0.997	0.001	0.001	0.001
0.001	0.997	0.001	0.001
>GCCTGTCA	9-GCCTGTCA	8.564853	-13.645659	0	T:33.0(16.50%),B:6564.2(6.61%),P:1e-5	Tpos:381.2,Tstd:240.4,Bpos:368.4,Bstd:235.8,StrandBias:-0.2,Multiplicity:1.07
0.001	0.001	0.997	0.001
0.001	0.997	0.001	0.001
0.181	0.817	0.001	0.001
0.001	0.042	0.001	0.956
0.001	0.001	0.997	0.001
0.001	0.001	0.001	0.997
0.001	0.997	0.001	0.001
0.894	0.001	0.104	0.001
>GCAAAGCA	10-GCAAAGCA	4.099500	-7.225530	0	T:140.0(70.00%),B:58416.6(58.85%),P:1e-3	Tpos:356.7,Tstd:229.0,Bpos:371.7,Bstd:238.8,StrandBias:-0.3,Multiplicity:1.81
0.001	0.001	0.997	0.001
0.001	0.997	0.001	0.001
0.997	0.001	0.001	0.001
0.997	0.001	0.001	0.001
0.997	0.001	0.001	0.001
0.001	0.001	0.997	0.001
0.001	0.937	0.001	0.061
0.997	0.001	0.001	0.001
