>TGTTTATT	1-TGTTTATT	9.078365	-36.931334	0	T:54.0(27.00%),B:7478.9(7.53%),P:1e-16	Tpos:424.2,Tstd:248.9,Bpos:374.9,Bstd:230.7,StrandBias:0.1,Multiplicity:1.06
0.001	0.059	0.001	0.939
0.001	0.001	0.997	0.001
0.001	0.001	0.001	0.997
0.001	0.001	0.001	0.997
0.001	0.001	0.001	0.997
0.997	0.001	0.001	0.001
0.001	0.001	0.001	0.997
0.001	0.145	0.001	0.853
>CCAGATGH	2-CCAGATGH	7.068628	-25.217289	0	T:115.0(57.50%),B:33838.6(34.09%),P:1e-10	Tpos:414.8,Tstd:231.4,Bpos:373.8,Bstd:229.5,StrandBias:0.2,Multiplicity:1.48
0.150	0.635	0.183	0.032
0.020	0.933	0.012	0.035
0.774	0.046	0.001	0.179
0.040	0.276	0.671	0.013
0.819	0.114	0.027	0.040
0.001	0.053	0.001	0.945
0.019	0.001	0.948	0.032
0.299	0.193	0.171	0.337
>GATTGACA	3-GATTGACA	8.621564	-23.156986	0	T:52.0(26.00%),B:9909.8(9.98%),P:1e-10	Tpos:353.9,Tstd:195.9,Bpos:373.8,Bstd:234.9,StrandBias:-0.9,Multiplicity:1.15
0.001	0.001	0.997	0.001
0.858	0.001	0.140	0.001
0.001	0.182	0.174	0.643
0.001	0.001	0.001	0.997
0.001	0.001	0.997	0.001
0.997	0.001	0.001	0.001
0.001	0.997	0.001	0.001
0.955	0.001	0.043	0.001
>GGTTTGTT	4-GGTTTGTT	8.722163	-18.887080	0	T:70.0(35.00%),B:17775.8(17.91%),P:1e-8	Tpos:441.2,Tstd:270.1,Bpos:376.8,Bstd:242.9,StrandBias:0.4,Multiplicity:1.54
0.001	0.038	0.707	0.254
0.001	0.001	0.997	0.001
0.001	0.001	0.001	0.997
0.077	0.001	0.001	0.921
0.001	0.001	0.001	0.997
0.001	0.146	0.852	0.001
0.001	0.001	0.001	0.997
0.001	0.001	0.001	0.997
>TGTTTACC	5-TGTTTACC	7.129937	-18.844596	0	T:72.0(36.00%),B:18569.8(18.71%),P:1e-8	Tpos:396.8,Tstd:244.1,Bpos:371.8,Bstd:230.8,StrandBias:0.2,Multiplicity:1.24
0.138	0.001	0.105	0.756
0.064	0.046	0.856	0.034
0.001	0.009	0.001	0.989
0.026	0.014	0.023	0.937
0.010	0.015	0.069	0.906
0.860	0.044	0.001	0.095
0.015	0.983	0.001	0.001
0.171	0.772	0.022	0.035
>CCTGCTGG	6-CCTGCTGG	7.764143	-18.813764	0	T:97.0(48.50%),B:28952.7(29.17%),P:1e-8	Tpos:386.8,Tstd:202.3,Bpos:374.5,Bstd:240.2,StrandBias:0.5,Multiplicity:1.35
0.001	0.997	0.001	0.001
0.001	0.997	0.001	0.001
0.128	0.009	0.001	0.862
0.001	0.001	0.997	0.001
0.068	0.930	0.001	0.001
0.001	0.001	0.001	0.997
0.001	0.007	0.991	0.001
0.142	0.124	0.626	0.108
>CGTGACAG	7-CGTGACAG	7.888281	-16.740527	0	T:57.0(28.50%),B:13754.0(13.86%),P:1e-7	Tpos:348.6,Tstd:222.4,Bpos:370.9,Bstd:237.0,StrandBias:-1.0,Multiplicity:1.14
0.194	0.642	0.078	0.086
0.074	0.001	0.890	0.035
0.001	0.001	0.123	0.875
0.036	0.001	0.940	0.023
0.997	0.001	0.001	0.001
0.001	0.997	0.001	0.001
0.997	0.001	0.001	0.001
0.048	0.088	0.652	0.212
>GAGAAAAC	8-GAGAAAAC	9.042635	-15.018419	0	T:45.0(22.50%),B:10115.8(10.19%),P:1e-6	Tpos:434.5,Tstd:288.1,Bpos:371.2,Bstd:230.9,StrandBias:-0.2,Multiplicity:1.11
0.001	0.001	0.997	0.001
0.997	0.001	0.001	0.001
0.001	0.001	0.997	0.001
0.952	0.001	0.001	0.046
0.997	0.001	0.001	0.001
0.694	0.167	0.001	0.138
0.997	0.001	0.001	0.001
0.001	0.997	0.001	0.001
>GCCTGTCA	9-GCCTGTCA	8.564853	-13.645659	0	T:33.0(16.50%),B:6564.2(6.61%),P:1e-5	Tpos:381.2,Tstd:240.4,Bpos:368.4,Bstd:235.8,StrandBias:-0.2,Multiplicity:1.07
0.001	0.001	0.997	0.001
0.001	0.997	0.001	0.001
0.181	0.817	0.001	0.001
0.001	0.042	0.001	0.956
0.001	0.001	0.997	0.001
0.001	0.001	0.001	0.997
0.001	0.997	0.001	0.001
0.894	0.001	0.104	0.001
>GCAAAGCA	10-GCAAAGCA	4.099500	-7.225530	0	T:140.0(70.00%),B:58416.6(58.85%),P:1e-3	Tpos:356.7,Tstd:229.0,Bpos:371.7,Bstd:238.8,StrandBias:-0.3,Multiplicity:1.81
0.001	0.001	0.997	0.001
0.001	0.997	0.001	0.001
0.997	0.001	0.001	0.001
0.997	0.001	0.001	0.001
0.997	0.001	0.001	0.001
0.001	0.001	0.997	0.001
0.001	0.937	0.001	0.061
0.997	0.001	0.001	0.001
