>TGTTTATTTT	1-TGTTTATTTT	9.013428	-46.590114	0	T:76.0(38.00%),B:11949.4(12.04%),P:1e-20	Tpos:384.7,Tstd:260.6,Bpos:376.1,Bstd:234.3,StrandBias:0.2,Multiplicity:1.18
0.013	0.046	0.001	0.940
0.041	0.069	0.889	0.001
0.017	0.020	0.016	0.947
0.018	0.001	0.001	0.980
0.060	0.001	0.015	0.924
0.912	0.005	0.082	0.001
0.016	0.001	0.001	0.982
0.022	0.001	0.001	0.976
0.051	0.001	0.020	0.928
0.209	0.017	0.136	0.638
>BCCTGCTGKG	2-BCCTGCTGKG	7.290459	-37.203195	0	T:138.0(69.00%),B:39519.4(39.81%),P:1e-16	Tpos:370.1,Tstd:206.8,Bpos:373.0,Bstd:237.9,StrandBias:0.1,Multiplicity:1.46
0.135	0.278	0.273	0.314
0.001	0.997	0.001	0.001
0.090	0.908	0.001	0.001
0.379	0.001	0.001	0.619
0.160	0.001	0.715	0.124
0.001	0.929	0.069	0.001
0.132	0.001	0.001	0.866
0.004	0.001	0.959	0.036
0.139	0.001	0.459	0.401
0.001	0.098	0.768	0.133
>GTAAACATGC	3-GTAAACATGC	7.182245	-32.129151	0	T:77.0(38.50%),B:15773.7(15.89%),P:1e-13	Tpos:441.8,Tstd:230.5,Bpos:373.6,Bstd:227.9,StrandBias:0.2,Multiplicity:1.13
0.001	0.079	0.845	0.075
0.148	0.077	0.092	0.683
0.876	0.072	0.029	0.023
0.829	0.055	0.002	0.114
0.954	0.020	0.001	0.025
0.044	0.762	0.088	0.106
0.686	0.157	0.081	0.076
0.077	0.001	0.091	0.831
0.045	0.137	0.721	0.097
0.085	0.826	0.037	0.052
>TGATTKACAN	4-TGATTKACAN	6.564952	-29.403850	0	T:34.0(17.00%),B:3694.9(3.72%),P:1e-12	Tpos:353.4,Tstd:158.7,Bpos:380.7,Bstd:231.6,StrandBias:-0.9,Multiplicity:1.15
0.284	0.086	0.047	0.583
0.161	0.102	0.640	0.097
0.674	0.098	0.122	0.106
0.196	0.209	0.139	0.456
0.277	0.089	0.027	0.607
0.092	0.228	0.413	0.267
0.572	0.084	0.245	0.099
0.076	0.564	0.289	0.071
0.570	0.090	0.003	0.337
0.193	0.277	0.335	0.195
>TGTDBTMTCY	5-TGTDBTMTCY	7.537917	-20.501058	0	T:28.0(14.00%),B:3599.2(3.63%),P:1e-8	Tpos:356.7,Tstd:296.4,Bpos:369.8,Bstd:233.4,StrandBias:1.7,Multiplicity:1.21
0.174	0.001	0.327	0.498
0.028	0.019	0.952	0.001
0.217	0.010	0.178	0.595
0.362	0.013	0.314	0.311
0.178	0.249	0.223	0.350
0.032	0.001	0.013	0.954
0.550	0.406	0.027	0.017
0.041	0.214	0.147	0.598
0.032	0.606	0.331	0.031
0.152	0.357	0.040	0.450
>CTCATGTCAC	6-CTCATGTCAC	8.687889	-20.428362	0	T:30.0(15.00%),B:4114.7(4.15%),P:1e-8	Tpos:396.5,Tstd:197.7,Bpos:369.9,Bstd:229.2,StrandBias:0.5,Multiplicity:1.04
0.138	0.734	0.127	0.001
0.086	0.001	0.001	0.912
0.001	0.910	0.001	0.088
0.855	0.065	0.001	0.079
0.001	0.001	0.001	0.997
0.001	0.001	0.915	0.083
0.001	0.001	0.001	0.997
0.001	0.900	0.098	0.001
0.913	0.085	0.001	0.001
0.146	0.852	0.001	0.001
>CHDRWGGTCA	7-CHDRWGGTCA	8.042491	-20.301726	0	T:60.0(30.00%),B:13515.5(13.62%),P:1e-8	Tpos:396.4,Tstd:231.0,Bpos:375.0,Bstd:231.0,StrandBias:-0.3,Multiplicity:1.12
0.003	0.866	0.088	0.043
0.325	0.314	0.001	0.361
0.308	0.001	0.421	0.271
0.374	0.160	0.464	0.002
0.471	0.001	0.053	0.475
0.002	0.037	0.958	0.003
0.025	0.001	0.789	0.185
0.001	0.416	0.002	0.581
0.242	0.552	0.001	0.205
0.923	0.075	0.001	0.001
>TCTCCCTGGG	8-TCTCCCTGGG	9.010052	-19.879904	0	T:41.0(20.50%),B:7333.9(7.39%),P:1e-8	Tpos:392.7,Tstd:262.0,Bpos:371.3,Bstd:231.6,StrandBias:-0.3,Multiplicity:1.12
0.012	0.001	0.019	0.968
0.057	0.836	0.020	0.087
0.001	0.001	0.001	0.997
0.001	0.864	0.021	0.114
0.086	0.912	0.001	0.001
0.039	0.822	0.100	0.039
0.131	0.001	0.001	0.867
0.001	0.001	0.955	0.043
0.001	0.001	0.976	0.022
0.001	0.139	0.820	0.040
>CTGTCACTGA	9-CTGTCACTGA	8.853967	-19.580271	0	T:42.0(21.00%),B:7718.0(7.78%),P:1e-8	Tpos:394.5,Tstd:240.1,Bpos:376.0,Bstd:233.8,StrandBias:-0.1,Multiplicity:1.12
0.001	0.944	0.054	0.001
0.038	0.001	0.001	0.960
0.001	0.017	0.981	0.001
0.043	0.035	0.106	0.816
0.075	0.861	0.001	0.063
0.932	0.020	0.001	0.047
0.001	0.953	0.045	0.001
0.001	0.119	0.001	0.879
0.001	0.027	0.901	0.071
0.767	0.040	0.076	0.117
>AAGGCTTCTC	10-AAGGCTTCTC	9.287494	-12.187317	0	T:24.0(12.00%),B:4206.2(4.24%),P:1e-5	Tpos:335.9,Tstd:232.6,Bpos:374.0,Bstd:226.8,StrandBias:0.4,Multiplicity:1.17
0.887	0.111	0.001	0.001
0.902	0.001	0.001	0.096
0.020	0.001	0.978	0.001
0.157	0.001	0.841	0.001
0.001	0.997	0.001	0.001
0.001	0.192	0.001	0.806
0.001	0.125	0.001	0.873
0.001	0.997	0.001	0.001
0.001	0.130	0.001	0.868
0.151	0.756	0.092	0.001
>AAGVAAAMTV	11-AAGVAAAMTV	8.979912	-10.315940	0	T:37.0(18.50%),B:9127.3(9.20%),P:1e-4	Tpos:317.4,Tstd:244.6,Bpos:368.4,Bstd:228.9,StrandBias:0.4,Multiplicity:1.03
0.837	0.053	0.055	0.055
0.795	0.086	0.059	0.060
0.135	0.047	0.817	0.001
0.342	0.283	0.354	0.021
0.777	0.068	0.074	0.081
0.906	0.028	0.050	0.016
0.860	0.097	0.022	0.021
0.430	0.540	0.001	0.029
0.401	0.021	0.027	0.551
0.363	0.284	0.305	0.049
>AAGCAAAGCA	12-AAGCAAAGCA	6.404373	-9.173648	0	T:168.0(84.00%),B:72077.8(72.62%),P:1e-3	Tpos:374.3,Tstd:222.7,Bpos:372.0,Bstd:237.9,StrandBias:-0.0,Multiplicity:2.42
0.700	0.100	0.100	0.100
0.700	0.100	0.100	0.100
0.100	0.100	0.700	0.100
0.100	0.700	0.100	0.100
0.700	0.100	0.100	0.100
0.700	0.100	0.100	0.100
0.700	0.100	0.100	0.100
0.100	0.100	0.700	0.100
0.100	0.700	0.100	0.100
0.700	0.100	0.100	0.100
>CTCCTGCTGC	13-CTCCTGCTGC	9.245555	-8.834150	0	T:31.0(15.50%),B:7611.0(7.67%),P:1e-3	Tpos:547.5,Tstd:262.0,Bpos:388.2,Bstd:256.9,StrandBias:-0.2,Multiplicity:1.12
0.338	0.519	0.001	0.142
0.001	0.052	0.001	0.946
0.119	0.751	0.129	0.001
0.001	0.647	0.218	0.134
0.001	0.001	0.001	0.997
0.092	0.001	0.906	0.001
0.223	0.556	0.137	0.084
0.025	0.001	0.001	0.973
0.001	0.001	0.997	0.001
0.001	0.837	0.161	0.001
>WAGGGTAGTC	14-WAGGGTAGTC	8.397310	-7.256587	0	T:19.0(9.50%),B:4102.2(4.13%),P:1e-3	Tpos:363.7,Tstd:198.4,Bpos:377.4,Bstd:224.3,StrandBias:1.0,Multiplicity:1.26
0.408	0.001	0.165	0.426
0.892	0.001	0.106	0.001
0.001	0.001	0.715	0.283
0.001	0.001	0.881	0.117
0.001	0.342	0.656	0.001
0.001	0.001	0.001	0.997
0.997	0.001	0.001	0.001
0.165	0.146	0.688	0.001
0.001	0.001	0.121	0.877
0.001	0.997	0.001	0.001
