>TGTTTATTTT	1-TGTTTATTTT,BestGuess:fd59A/MA2232.1/Jaspar(0.907)	9.013428	-46.590114	0	T:76.0(38.00%),B:11949.4(12.04%),P:1e-20
0.013	0.046	0.001	0.940
0.041	0.069	0.889	0.001
0.017	0.020	0.016	0.947
0.018	0.001	0.001	0.980
0.060	0.001	0.015	0.924
0.912	0.005	0.082	0.001
0.016	0.001	0.001	0.982
0.022	0.001	0.001	0.976
0.051	0.001	0.020	0.928
0.209	0.017	0.136	0.638
>BCCTGCTGKG	2-BCCTGCTGKG,BestGuess:Zic2/MA1629.2/Jaspar(0.953)	7.290459	-37.203195	0	T:138.0(69.00%),B:39519.4(39.81%),P:1e-16
0.135	0.278	0.273	0.314
0.001	0.997	0.001	0.001
0.090	0.908	0.001	0.001
0.379	0.001	0.001	0.619
0.160	0.001	0.715	0.124
0.001	0.929	0.069	0.001
0.132	0.001	0.001	0.866
0.004	0.001	0.959	0.036
0.139	0.001	0.459	0.401
0.001	0.098	0.768	0.133
>GTAAACATGC	3-GTAAACATGC,BestGuess:FOXA1/MA0148.5/Jaspar(0.886)	7.182245	-32.129151	0	T:77.0(38.50%),B:15773.7(15.89%),P:1e-13
0.001	0.079	0.845	0.075
0.148	0.077	0.092	0.683
0.876	0.072	0.029	0.023
0.829	0.055	0.002	0.114
0.954	0.020	0.001	0.025
0.044	0.762	0.088	0.106
0.686	0.157	0.081	0.076
0.077	0.001	0.091	0.831
0.045	0.137	0.721	0.097
0.085	0.826	0.037	0.052
>TGATTKACAN	4-TGATTKACAN,BestGuess:ceh-60/MA2162.1/Jaspar(0.893)	6.564952	-29.403850	0	T:34.0(17.00%),B:3694.9(3.72%),P:1e-12
0.284	0.086	0.047	0.583
0.161	0.102	0.640	0.097
0.674	0.098	0.122	0.106
0.196	0.209	0.139	0.456
0.277	0.089	0.027	0.607
0.092	0.228	0.413	0.267
0.572	0.084	0.245	0.099
0.076	0.564	0.289	0.071
0.570	0.090	0.003	0.337
0.193	0.277	0.335	0.195
>CTGTGACCACCA	5-CTGTGACCACCA,BestGuess:hr3/MA2314.1/Jaspar(0.717)	9.376932	-23.781752	0	T:35.0(17.50%),B:4802.4(4.84%),P:1e-10
0.069	0.727	0.111	0.093
0.001	0.073	0.001	0.925
0.029	0.088	0.882	0.001
0.059	0.001	0.001	0.939
0.001	0.095	0.903	0.001
0.865	0.074	0.031	0.030
0.175	0.603	0.057	0.165
0.021	0.883	0.033	0.063
0.663	0.098	0.097	0.142
0.063	0.781	0.052	0.104
0.090	0.864	0.001	0.045
0.970	0.001	0.001	0.028
>TGTTTTCTCTGC	6-TGTTTTCTCTGC,BestGuess:SRSF10(RRM)/Homo_sapiens-RNCMPT00019-PBM/HughesRNA(0.754)	13.641050	-23.554982	0	T:12.0(6.00%),B:402.1(0.41%),P:1e-10
0.001	0.001	0.001	0.997
0.001	0.001	0.997	0.001
0.001	0.001	0.182	0.816
0.001	0.001	0.128	0.870
0.001	0.001	0.001	0.997
0.001	0.001	0.001	0.997
0.168	0.830	0.001	0.001
0.001	0.001	0.001	0.997
0.001	0.997	0.001	0.001
0.001	0.001	0.001	0.997
0.001	0.001	0.882	0.116
0.001	0.748	0.138	0.113
>GGTCTGTGTTTG	7-GGTCTGTGTTTG,BestGuess:BRUNOL4(RRM)/Homo_sapiens-RNCMPT00004-PBM/HughesRNA(0.717)	10.414528	-22.460049	0	T:23.0(11.50%),B:2200.1(2.22%),P:1e-9
0.127	0.061	0.717	0.095
0.309	0.184	0.506	0.001
0.001	0.127	0.001	0.871
0.001	0.869	0.048	0.082
0.080	0.001	0.001	0.918
0.109	0.001	0.889	0.001
0.001	0.001	0.002	0.996
0.001	0.001	0.907	0.091
0.070	0.001	0.064	0.865
0.001	0.001	0.075	0.923
0.001	0.124	0.001	0.874
0.268	0.003	0.680	0.049
>AGAAAWASRATT	8-AGAAAWASRATT,BestGuess:Tb_0253(RRM)/Trypanosoma_brucei-RNCMPT00253-PBM/HughesRNA(0.752)	11.611631	-22.257102	0	T:15.0(7.50%),B:825.3(0.83%),P:1e-9
0.997	0.001	0.001	0.001
0.001	0.078	0.920	0.001
0.771	0.001	0.227	0.001
0.997	0.001	0.001	0.001
0.997	0.001	0.001	0.001
0.362	0.134	0.001	0.503
0.926	0.001	0.072	0.001
0.001	0.317	0.461	0.221
0.494	0.001	0.504	0.001
0.536	0.087	0.090	0.287
0.001	0.001	0.001	0.997
0.001	0.001	0.001	0.997
>CAGAGGTCATGC	9-CAGAGGTCATGC,BestGuess:Hr78/MA2245.1/Jaspar(0.776)	13.443235	-21.338868	0	T:9.0(4.50%),B:204.2(0.21%),P:1e-9
0.001	0.997	0.001	0.001
0.997	0.001	0.001	0.001
0.001	0.001	0.997	0.001
0.997	0.001	0.001	0.001
0.001	0.256	0.742	0.001
0.001	0.001	0.997	0.001
0.001	0.001	0.001	0.997
0.001	0.997	0.001	0.001
0.997	0.001	0.001	0.001
0.001	0.001	0.103	0.895
0.001	0.142	0.704	0.153
0.090	0.795	0.001	0.114
>CTCATGTCAC	6-CTCATGTCAC,BestGuess:Hth/dmmpmm(Noyes_hd)/fly(0.750)	8.687889	-20.428362	0	T:30.0(15.00%),B:4114.7(4.15%),P:1e-8
0.138	0.734	0.127	0.001
0.086	0.001	0.001	0.912
0.001	0.910	0.001	0.088
0.855	0.065	0.001	0.079
0.001	0.001	0.001	0.997
0.001	0.001	0.915	0.083
0.001	0.001	0.001	0.997
0.001	0.900	0.098	0.001
0.913	0.085	0.001	0.001
0.146	0.852	0.001	0.001
>TCTCCCTGGG	8-TCTCCCTGGG,BestGuess:kn/MA1841.2/Jaspar(0.742)	9.010052	-19.879904	0	T:41.0(20.50%),B:7333.9(7.39%),P:1e-8
0.012	0.001	0.019	0.968
0.057	0.836	0.020	0.087
0.001	0.001	0.001	0.997
0.001	0.864	0.021	0.114
0.086	0.912	0.001	0.001
0.039	0.822	0.100	0.039
0.131	0.001	0.001	0.867
0.001	0.001	0.955	0.043
0.001	0.001	0.976	0.022
0.001	0.139	0.820	0.040
>GCACATCACCAG	10-GCACATCACCAG,BestGuess:AGL55/MA1202.1/Jaspar(0.650)	10.386211	-19.480767	0	T:15.0(7.50%),B:1015.6(1.02%),P:1e-8
0.001	0.066	0.796	0.137
0.230	0.683	0.001	0.086
0.997	0.001	0.001	0.001
0.001	0.608	0.389	0.002
0.835	0.104	0.058	0.003
0.001	0.011	0.138	0.850
0.001	0.828	0.067	0.104
0.889	0.001	0.001	0.109
0.206	0.672	0.121	0.001
0.001	0.700	0.104	0.195
0.745	0.139	0.001	0.115
0.001	0.001	0.997	0.001
>TCAACCCTGACC	11-TCAACCCTGACC,BestGuess:TBF1/MA0403.3/Jaspar(0.732)	14.169585	-19.432341	0	T:6.0(3.00%),B:60.7(0.06%),P:1e-8
0.001	0.001	0.001	0.997
0.001	0.997	0.001	0.001
0.997	0.001	0.001	0.001
0.997	0.001	0.001	0.001
0.001	0.997	0.001	0.001
0.001	0.997	0.001	0.001
0.001	0.997	0.001	0.001
0.001	0.001	0.001	0.997
0.237	0.001	0.761	0.001
0.637	0.001	0.194	0.168
0.180	0.818	0.001	0.001
0.001	0.997	0.001	0.001
>AAACAACATGTG	13-AAACAACATGTG,BestGuess:twi/dmmpmm(Papatsenko)/fly(0.746)	8.941730	-18.493061	0	T:12.0(6.00%),B:634.2(0.64%),P:1e-8
0.689	0.111	0.121	0.079
0.642	0.107	0.160	0.091
0.648	0.109	0.141	0.102
0.167	0.618	0.114	0.101
0.708	0.136	0.074	0.082
0.623	0.101	0.149	0.127
0.135	0.682	0.112	0.071
0.674	0.134	0.086	0.106
0.107	0.077	0.145	0.671
0.097	0.131	0.684	0.088
0.129	0.059	0.135	0.677
0.085	0.117	0.685	0.113
>GTTTGTTRWTAT	14-GTTTGTTRWTAT,BestGuess:PB0119.1_Foxa2_2/Jaspar(0.733)	9.977135	-16.231551	0	T:16.0(8.00%),B:1498.7(1.51%),P:1e-7
0.001	0.001	0.997	0.001
0.001	0.001	0.001	0.997
0.001	0.001	0.250	0.748
0.001	0.001	0.001	0.997
0.251	0.001	0.747	0.001
0.001	0.002	0.001	0.996
0.250	0.226	0.001	0.523
0.505	0.001	0.493	0.001
0.463	0.001	0.001	0.535
0.001	0.001	0.001	0.997
0.717	0.254	0.001	0.028
0.237	0.001	0.001	0.761
>TGDTTACTACAA	16-TGDTTACTACAA,BestGuess:odr-7/MA2149.1/Jaspar(0.714)	12.880648	-13.799395	0	T:5.0(2.50%),B:85.9(0.09%),P:1e-5
0.001	0.001	0.001	0.997
0.320	0.001	0.678	0.001
0.321	0.073	0.311	0.295
0.001	0.310	0.001	0.688
0.001	0.001	0.001	0.997
0.997	0.001	0.001	0.001
0.001	0.997	0.001	0.001
0.001	0.001	0.001	0.997
0.704	0.001	0.294	0.001
0.001	0.997	0.001	0.001
0.997	0.001	0.001	0.001
0.997	0.001	0.001	0.001
>AAGGCTTCTC	10-AAGGCTTCTC,BestGuess:che-1/MA0260.1/Jaspar(0.710)	9.287494	-12.187317	0	T:24.0(12.00%),B:4206.2(4.24%),P:1e-5
0.887	0.111	0.001	0.001
0.902	0.001	0.001	0.096
0.020	0.001	0.978	0.001
0.157	0.001	0.841	0.001
0.001	0.997	0.001	0.001
0.001	0.192	0.001	0.806
0.001	0.125	0.001	0.873
0.001	0.997	0.001	0.001
0.001	0.130	0.001	0.868
0.151	0.756	0.092	0.001
>TAGAATCCATCC	18-TAGAATCCATCC,BestGuess:At1g25550(G2like)/colamp-At1g25550-DAP-Seq(GSE60143)/Homer(0.693)	7.852197	-9.288584	0	T:30.0(15.00%),B:7070.2(7.12%),P:1e-4
0.148	0.083	0.042	0.727
0.826	0.051	0.029	0.094
0.062	0.079	0.807	0.052
0.785	0.068	0.109	0.038
0.601	0.138	0.118	0.143
0.154	0.015	0.050	0.781
0.067	0.799	0.082	0.052
0.055	0.765	0.026	0.154
0.818	0.080	0.001	0.101
0.195	0.065	0.151	0.589
0.100	0.694	0.133	0.073
0.028	0.813	0.115	0.044
>AAGCAAAGCA	12-AAGCAAAGCA,BestGuess:NAC007/MA2044.2/Jaspar(0.760)	6.404373	-9.173648	0	T:168.0(84.00%),B:72077.8(72.62%),P:1e-3
0.700	0.100	0.100	0.100
0.700	0.100	0.100	0.100
0.100	0.100	0.700	0.100
0.100	0.700	0.100	0.100
0.700	0.100	0.100	0.100
0.700	0.100	0.100	0.100
0.700	0.100	0.100	0.100
0.100	0.100	0.700	0.100
0.100	0.700	0.100	0.100
0.700	0.100	0.100	0.100
>CTTCTSTTTCTW	19-CTTCTSTTTCTW,BestGuess:Stat2/MA1623.2/Jaspar(0.726)	11.324010	-8.990503	0	T:18.0(9.00%),B:3262.5(3.29%),P:1e-3
0.001	0.966	0.001	0.032
0.001	0.001	0.001	0.997
0.001	0.149	0.001	0.849
0.001	0.571	0.233	0.195
0.405	0.038	0.001	0.556
0.001	0.424	0.338	0.237
0.028	0.132	0.001	0.839
0.001	0.001	0.001	0.997
0.028	0.001	0.005	0.966
0.001	0.997	0.001	0.001
0.001	0.376	0.001	0.622
0.451	0.148	0.001	0.400
>TGCTGCTGCWKG	20-TGCTGCTGCWKG,BestGuess:GRF4/MA1815.2/Jaspar(0.837)	11.441184	-7.460350	0	T:17.0(8.50%),B:3393.9(3.42%),P:1e-3
0.001	0.001	0.001	0.997
0.001	0.281	0.717	0.001
0.001	0.712	0.286	0.001
0.001	0.001	0.001	0.997
0.001	0.001	0.997	0.001
0.001	0.997	0.001	0.001
0.001	0.001	0.001	0.997
0.001	0.001	0.997	0.001
0.001	0.658	0.340	0.001
0.438	0.267	0.001	0.294
0.001	0.001	0.529	0.469
0.001	0.351	0.647	0.001
>WAGGGTAGTC	14-WAGGGTAGTC,BestGuess:nhr-86/MA2146.1/Jaspar(0.747)	8.397310	-7.256587	0	T:19.0(9.50%),B:4102.2(4.13%),P:1e-3
0.408	0.001	0.165	0.426
0.892	0.001	0.106	0.001
0.001	0.001	0.715	0.283
0.001	0.001	0.881	0.117
0.001	0.342	0.656	0.001
0.001	0.001	0.001	0.997
0.997	0.001	0.001	0.001
0.165	0.146	0.688	0.001
0.001	0.001	0.121	0.877
0.001	0.997	0.001	0.001
>GGGTGCTGTCAT	24-GGGTGCTGTCAT,BestGuess:RCS1/RCS1_H2O2Hi/35-RCS1(Harbison)/Yeast(0.711)	12.355432	-3.734269	0	T:1.0(0.50%),B:12.3(0.01%),P:1e-1
0.100	0.100	0.700	0.100
0.100	0.100	0.700	0.100
0.100	0.100	0.700	0.100
0.100	0.100	0.100	0.700
0.100	0.100	0.700	0.100
0.100	0.700	0.100	0.100
0.100	0.100	0.100	0.700
0.100	0.100	0.700	0.100
0.100	0.100	0.100	0.700
0.100	0.700	0.100	0.100
0.700	0.100	0.100	0.100
0.100	0.100	0.100	0.700
