>CACATGTTGTTT	13-AAACAACATGTG	8.941730	-18.493061	0	T:12.0(6.00%),B:634.2(0.64%),P:1e-8
0.113	0.685	0.117	0.085
0.677	0.135	0.059	0.129
0.088	0.684	0.131	0.097
0.671	0.145	0.077	0.107
0.106	0.086	0.134	0.674
0.071	0.112	0.682	0.135
0.127	0.149	0.101	0.623
0.082	0.074	0.136	0.708
0.101	0.114	0.618	0.167
0.102	0.141	0.109	0.648
0.091	0.160	0.107	0.642
0.079	0.121	0.111	0.689
