>TGGTGGTCACAG	5-CTGTGACCACCA	9.376932	-23.781752	0	T:35.0(17.50%),B:4802.4(4.84%),P:1e-10
0.028	0.001	0.001	0.970
0.045	0.001	0.864	0.090
0.104	0.052	0.781	0.063
0.142	0.097	0.098	0.663
0.063	0.033	0.883	0.021
0.165	0.057	0.603	0.175
0.030	0.031	0.074	0.865
0.001	0.903	0.095	0.001
0.939	0.001	0.001	0.059
0.001	0.882	0.088	0.029
0.925	0.001	0.073	0.001
0.093	0.111	0.727	0.069
