>TAGAATCCATCC	18-TAGAATCCATCC,BestGuess:At1g25550(G2like)/colamp-At1g25550-DAP-Seq(GSE60143)/Homer(0.693)	7.852197	-9.288584	0	T:30.0(15.00%),B:7070.2(7.12%),P:1e-4
0.148	0.083	0.042	0.727
0.826	0.051	0.029	0.094
0.062	0.079	0.807	0.052
0.785	0.068	0.109	0.038
0.601	0.138	0.118	0.143
0.154	0.015	0.050	0.781
0.067	0.799	0.082	0.052
0.055	0.765	0.026	0.154
0.818	0.080	0.001	0.101
0.195	0.065	0.151	0.589
0.100	0.694	0.133	0.073
0.028	0.813	0.115	0.044
