>AAACAACATGTG	13-AAACAACATGTG,BestGuess:twi/dmmpmm(Papatsenko)/fly(0.746)	8.941730	-18.493061	0	T:12.0(6.00%),B:634.2(0.64%),P:1e-8
0.689	0.111	0.121	0.079
0.642	0.107	0.160	0.091
0.648	0.109	0.141	0.102
0.167	0.618	0.114	0.101
0.708	0.136	0.074	0.082
0.623	0.101	0.149	0.127
0.135	0.682	0.112	0.071
0.674	0.134	0.086	0.106
0.107	0.077	0.145	0.671
0.097	0.131	0.684	0.088
0.129	0.059	0.135	0.677
0.085	0.117	0.685	0.113
