>GGATGGATTCTA	18-TAGAATCCATCC	7.852197	-9.288584	0	T:30.0(15.00%),B:7070.2(7.12%),P:1e-4
0.044	0.115	0.813	0.028
0.073	0.133	0.694	0.100
0.589	0.151	0.065	0.195
0.101	0.001	0.080	0.818
0.154	0.026	0.765	0.055
0.052	0.082	0.799	0.067
0.781	0.050	0.015	0.154
0.143	0.118	0.138	0.601
0.038	0.109	0.068	0.785
0.052	0.807	0.079	0.062
0.094	0.029	0.051	0.826
0.727	0.042	0.083	0.148
