>GTGTTTATTTTC	1-GTGTTTATTTTC	8.878529	-31.371079	0	T:55.0(27.50%),B:8842.7(8.91%),P:1e-13
0.154	0.070	0.654	0.122
0.001	0.054	0.041	0.904
0.041	0.036	0.922	0.001
0.042	0.001	0.001	0.956
0.052	0.001	0.034	0.913
0.100	0.089	0.001	0.810
0.741	0.146	0.074	0.039
0.086	0.001	0.042	0.871
0.003	0.001	0.034	0.962
0.046	0.035	0.046	0.873
0.118	0.001	0.073	0.808
0.001	0.597	0.289	0.113
