>AAGGTGTGAAAT	4-AAGGTGTGAAAT	7.984770	-64.636138	0	T:140.0(28.00%),B:5034.8(10.21%),P:1e-28
0.610	0.043	0.278	0.069
0.758	0.006	0.167	0.069
0.217	0.021	0.639	0.123
0.132	0.109	0.733	0.026
0.137	0.013	0.071	0.779
0.029	0.070	0.869	0.032
0.135	0.017	0.149	0.699
0.063	0.124	0.607	0.206
0.929	0.007	0.042	0.022
0.541	0.186	0.250	0.023
0.560	0.120	0.141	0.179
0.268	0.032	0.234	0.466
