>CTTCAAAGCCTC	3-CTTCAAAGCCTC	8.235132	-65.840098	0	T:145.0(29.00%),B:5287.5(10.72%),P:1e-28
0.075	0.611	0.089	0.225
0.196	0.053	0.001	0.750
0.071	0.063	0.144	0.722
0.056	0.889	0.028	0.027
0.794	0.120	0.001	0.085
0.680	0.181	0.123	0.016
0.857	0.087	0.038	0.018
0.034	0.109	0.810	0.047
0.046	0.675	0.185	0.094
0.065	0.819	0.087	0.029
0.064	0.111	0.029	0.796
0.096	0.609	0.148	0.147
