>CTTCCTGACACC	14-CTTCCTGACACC	9.855015	-26.162939	0	T:54.0(10.80%),B:1825.1(3.70%),P:1e-11
0.041	0.880	0.001	0.078
0.025	0.126	0.054	0.795
0.002	0.079	0.140	0.779
0.025	0.929	0.026	0.020
0.032	0.780	0.109	0.079
0.097	0.054	0.001	0.848
0.027	0.061	0.899	0.013
0.717	0.114	0.085	0.084
0.043	0.902	0.054	0.001
0.901	0.001	0.001	0.097
0.070	0.816	0.057	0.057
0.107	0.764	0.001	0.128
