>CCTTTTGAAGTT	13-CCTTTTGAAGTT	8.899297	-26.677553	0	T:65.0(13.00%),B:2447.1(4.96%),P:1e-11
0.062	0.731	0.041	0.166
0.088	0.789	0.075	0.048
0.028	0.032	0.001	0.939
0.001	0.022	0.080	0.897
0.001	0.067	0.061	0.871
0.078	0.001	0.028	0.893
0.050	0.077	0.845	0.028
0.809	0.043	0.001	0.147
0.825	0.001	0.025	0.149
0.125	0.104	0.680	0.091
0.093	0.003	0.001	0.903
0.042	0.060	0.075	0.823
