>GACTTTGATCAG	7-GACTTTGATCAG	9.088495	-33.448067	0	T:55.0(11.00%),B:1564.3(3.17%),P:1e-14
0.110	0.151	0.630	0.109
0.509	0.149	0.341	0.001
0.001	0.752	0.001	0.246
0.204	0.073	0.001	0.722
0.001	0.001	0.219	0.779
0.001	0.029	0.027	0.943
0.351	0.001	0.605	0.043
0.788	0.050	0.161	0.001
0.146	0.028	0.052	0.774
0.001	0.877	0.121	0.001
0.834	0.051	0.001	0.114
0.157	0.001	0.775	0.067
