>TGCTCTTTGAAG	6-TGCTCTTTGAAG	7.128477	-45.597283	0	T:263.0(52.60%),B:16027.8(32.51%),P:1e-19
0.093	0.026	0.107	0.774
0.071	0.093	0.716	0.120
0.076	0.737	0.079	0.108
0.102	0.103	0.043	0.752
0.056	0.761	0.088	0.095
0.089	0.092	0.012	0.807
0.028	0.116	0.123	0.733
0.145	0.049	0.058	0.748
0.101	0.059	0.790	0.050
0.755	0.084	0.068	0.093
0.742	0.019	0.125	0.114
0.111	0.082	0.687	0.120
