>TGACAGCTTTGA	8-TGACAGCTTTGA	9.295629	-30.051327	0	T:64.0(12.80%),B:2207.2(4.48%),P:1e-13
0.055	0.001	0.070	0.874
0.037	0.028	0.859	0.076
0.801	0.075	0.048	0.076
0.001	0.858	0.053	0.088
0.912	0.001	0.001	0.086
0.001	0.034	0.964	0.001
0.025	0.857	0.042	0.076
0.032	0.078	0.025	0.865
0.083	0.093	0.115	0.709
0.060	0.071	0.115	0.754
0.115	0.001	0.811	0.073
0.742	0.085	0.068	0.105
