>AGGCCATAAA	1-AGGCCATAAA	7.776746	-117.702495	0	T:82.0(41.00%),B:5083.8(5.09%),P:1e-51	Tpos:307.6,Tstd:181.6,Bpos:299.0,Bstd:185.8,StrandBias:0.0,Multiplicity:1.20
0.894	0.001	0.085	0.020
0.180	0.001	0.734	0.085
0.040	0.001	0.958	0.001
0.001	0.801	0.001	0.197
0.226	0.753	0.001	0.020
0.977	0.021	0.001	0.001
0.001	0.001	0.001	0.997
0.997	0.001	0.001	0.001
0.951	0.023	0.001	0.025
0.997	0.001	0.001	0.001
>TTTATGGGCG	2-TTTATGGGCG	6.546951	-80.949030	0	T:128.0(64.00%),B:22517.7(22.57%),P:1e-35	Tpos:323.1,Tstd:168.8,Bpos:297.9,Bstd:184.2,StrandBias:-0.7,Multiplicity:1.44
0.001	0.001	0.020	0.978
0.001	0.040	0.030	0.929
0.001	0.024	0.001	0.974
0.914	0.029	0.056	0.001
0.034	0.052	0.072	0.842
0.001	0.001	0.753	0.245
0.135	0.001	0.863	0.001
0.087	0.094	0.745	0.074
0.203	0.407	0.211	0.180
0.178	0.119	0.603	0.100
>DRGYWGTAAA	3-DRGYWGTAAA	7.180876	-67.366141	0	T:68.0(34.00%),B:6693.3(6.71%),P:1e-29	Tpos:320.1,Tstd:159.6,Bpos:297.5,Bstd:185.0,StrandBias:0.1,Multiplicity:1.13
0.326	0.014	0.402	0.258
0.427	0.047	0.452	0.073
0.236	0.239	0.493	0.032
0.011	0.427	0.061	0.501
0.453	0.046	0.044	0.458
0.292	0.042	0.608	0.058
0.042	0.182	0.054	0.722
0.769	0.060	0.069	0.102
0.588	0.023	0.169	0.220
0.830	0.016	0.079	0.075
>AASATCAAAG	4-AASATCAAAG	8.312239	-59.929231	0	T:78.0(39.00%),B:10204.7(10.23%),P:1e-26	Tpos:306.8,Tstd:173.7,Bpos:295.2,Bstd:184.4,StrandBias:0.2,Multiplicity:1.23
0.523	0.055	0.250	0.172
0.704	0.001	0.129	0.166
0.001	0.415	0.513	0.071
0.564	0.027	0.001	0.408
0.139	0.001	0.001	0.859
0.073	0.782	0.115	0.030
0.997	0.001	0.001	0.001
0.997	0.001	0.001	0.001
0.949	0.001	0.001	0.049
0.056	0.058	0.744	0.142
>KYAATWACCC	5-KYAATWACCC	6.436809	-50.161710	0	T:111.0(55.50%),B:23339.8(23.39%),P:1e-21	Tpos:323.6,Tstd:204.3,Bpos:296.1,Bstd:187.0,StrandBias:0.4,Multiplicity:1.29
0.001	0.121	0.456	0.423
0.108	0.308	0.141	0.443
0.801	0.001	0.001	0.197
0.683	0.072	0.001	0.244
0.174	0.001	0.138	0.687
0.384	0.001	0.120	0.496
0.606	0.001	0.392	0.001
0.162	0.669	0.168	0.001
0.075	0.923	0.001	0.001
0.001	0.680	0.001	0.318
>CTTTTGAAGT	6-CTTTTGAAGT	10.366364	-35.182879	0	T:20.0(10.00%),B:803.8(0.81%),P:1e-15	Tpos:278.8,Tstd:124.4,Bpos:292.3,Bstd:195.2,StrandBias:0.4,Multiplicity:1.07
0.001	0.739	0.213	0.047
0.001	0.214	0.001	0.784
0.001	0.001	0.001	0.997
0.078	0.039	0.001	0.882
0.001	0.145	0.001	0.853
0.029	0.001	0.969	0.001
0.893	0.001	0.050	0.056
0.948	0.001	0.001	0.050
0.034	0.001	0.964	0.001
0.001	0.001	0.001	0.997
>TTGAGCCCAG	7-TTGAGCCCAG	8.939728	-21.988656	0	T:37.0(18.50%),B:5713.5(5.73%),P:1e-9	Tpos:301.8,Tstd:218.6,Bpos:298.2,Bstd:187.5,StrandBias:-0.3,Multiplicity:1.14
0.001	0.285	0.001	0.713
0.001	0.001	0.001	0.997
0.001	0.001	0.997	0.001
0.997	0.001	0.001	0.001
0.001	0.001	0.615	0.383
0.001	0.997	0.001	0.001
0.125	0.752	0.001	0.122
0.001	0.630	0.247	0.122
0.997	0.001	0.001	0.001
0.001	0.122	0.876	0.001
>GTAATAAAAC	8-GTAATAAAAC	7.893812	-21.683319	0	T:37.0(18.50%),B:5777.1(5.79%),P:1e-9	Tpos:294.7,Tstd:167.3,Bpos:297.3,Bstd:184.8,StrandBias:-0.2,Multiplicity:1.06
0.210	0.072	0.644	0.074
0.020	0.121	0.064	0.795
0.790	0.001	0.122	0.087
0.936	0.062	0.001	0.001
0.001	0.067	0.065	0.867
0.740	0.158	0.101	0.001
0.759	0.239	0.001	0.001
0.722	0.001	0.276	0.001
0.781	0.001	0.083	0.135
0.049	0.924	0.013	0.014
>CCTTCAATGC	9-CCTTCAATGC	9.243357	-20.579348	0	T:18.0(9.00%),B:1442.1(1.45%),P:1e-8	Tpos:305.5,Tstd:115.6,Bpos:301.0,Bstd:184.9,StrandBias:-0.3,Multiplicity:1.00
0.144	0.814	0.041	0.001
0.001	0.997	0.001	0.001
0.001	0.001	0.001	0.997
0.001	0.108	0.109	0.782
0.001	0.997	0.001	0.001
0.858	0.001	0.001	0.140
0.879	0.001	0.001	0.119
0.089	0.001	0.091	0.819
0.001	0.001	0.997	0.001
0.119	0.879	0.001	0.001
>TAAATTAGTC	10-TAAATTAGTC	11.571224	-20.349733	0	T:9.0(4.50%),B:230.1(0.23%),P:1e-8	Tpos:252.8,Tstd:129.5,Bpos:290.1,Bstd:196.9,StrandBias:-0.3,Multiplicity:1.00
0.001	0.001	0.001	0.997
0.855	0.001	0.001	0.143
0.997	0.001	0.001	0.001
0.860	0.001	0.001	0.138
0.001	0.001	0.001	0.997
0.001	0.001	0.001	0.997
0.997	0.001	0.001	0.001
0.001	0.001	0.997	0.001
0.001	0.001	0.001	0.997
0.001	0.875	0.123	0.001
>TAATTAGGCA	11-TAATTAGGCA	10.683697	-19.648072	0	T:14.0(7.00%),B:852.2(0.85%),P:1e-8	Tpos:268.1,Tstd:136.2,Bpos:304.0,Bstd:187.9,StrandBias:0.4,Multiplicity:1.00
0.100	0.001	0.001	0.898
0.869	0.129	0.001	0.001
0.997	0.001	0.001	0.001
0.001	0.001	0.001	0.997
0.001	0.001	0.001	0.997
0.997	0.001	0.001	0.001
0.105	0.001	0.893	0.001
0.117	0.166	0.716	0.001
0.103	0.895	0.001	0.001
0.847	0.001	0.001	0.151
>GCAGGTGCAG	12-GCAGGTGCAG	8.430469	-19.159794	0	T:16.0(8.00%),B:1215.5(1.22%),P:1e-8	Tpos:213.6,Tstd:146.9,Bpos:285.2,Bstd:184.3,StrandBias:1.6,Multiplicity:1.00
0.001	0.053	0.945	0.001
0.001	0.997	0.001	0.001
0.997	0.001	0.001	0.001
0.001	0.001	0.997	0.001
0.001	0.001	0.997	0.001
0.001	0.001	0.001	0.997
0.001	0.001	0.997	0.001
0.001	0.997	0.001	0.001
0.851	0.001	0.147	0.001
0.099	0.001	0.837	0.063
>TCTGTGGGAA	13-TCTGTGGGAA	7.447298	-19.126218	0	T:63.0(31.50%),B:15115.4(15.15%),P:1e-8	Tpos:309.4,Tstd:228.2,Bpos:299.0,Bstd:180.0,StrandBias:0.0,Multiplicity:1.13
0.071	0.083	0.082	0.764
0.043	0.827	0.056	0.074
0.038	0.119	0.020	0.823
0.021	0.114	0.779	0.086
0.109	0.009	0.069	0.813
0.045	0.043	0.797	0.115
0.149	0.105	0.681	0.065
0.028	0.073	0.879	0.020
0.839	0.054	0.037	0.070
0.810	0.060	0.086	0.044
>ATACAGCCCT	14-ATACAGCCCT	10.170693	-16.546411	0	T:16.0(8.00%),B:1471.6(1.47%),P:1e-7	Tpos:294.9,Tstd:211.3,Bpos:301.5,Bstd:185.6,StrandBias:0.2,Multiplicity:1.00
0.887	0.001	0.001	0.111
0.001	0.210	0.055	0.734
0.930	0.001	0.068	0.001
0.001	0.891	0.107	0.001
0.898	0.001	0.001	0.100
0.120	0.001	0.878	0.001
0.001	0.997	0.001	0.001
0.093	0.905	0.001	0.001
0.001	0.997	0.001	0.001
0.001	0.129	0.001	0.869
>GGCTGAGAGG	15-GGCTGAGAGG	9.260734	-14.683294	0	T:28.0(14.00%),B:4783.5(4.79%),P:1e-6	Tpos:232.3,Tstd:199.5,Bpos:298.8,Bstd:186.3,StrandBias:-1.1,Multiplicity:1.36
0.075	0.002	0.877	0.046
0.001	0.082	0.795	0.122
0.001	0.803	0.195	0.001
0.040	0.001	0.046	0.913
0.001	0.001	0.997	0.001
0.689	0.241	0.001	0.069
0.001	0.001	0.997	0.001
0.989	0.001	0.009	0.001
0.001	0.001	0.906	0.092
0.068	0.073	0.858	0.001
>CCCCCCCACC	16-CCCCCCCACC	9.078091	-9.235550	0	T:42.0(21.00%),B:11557.5(11.58%),P:1e-4	Tpos:349.0,Tstd:207.0,Bpos:301.3,Bstd:190.6,StrandBias:-0.4,Multiplicity:1.31
0.064	0.692	0.002	0.242
0.066	0.919	0.001	0.014
0.075	0.827	0.001	0.097
0.038	0.798	0.105	0.059
0.369	0.605	0.025	0.001
0.100	0.772	0.046	0.082
0.025	0.935	0.037	0.003
0.699	0.299	0.001	0.001
0.022	0.876	0.072	0.030
0.049	0.805	0.081	0.065
>GGGTAGGATC	17-GGGTAGGATC	11.496866	-8.067507	0	T:5.0(2.50%),B:287.6(0.29%),P:1e-3	Tpos:445.1,Tstd:126.6,Bpos:311.1,Bstd:191.3,StrandBias:0.5,Multiplicity:3.40
0.001	0.001	0.997	0.001
0.001	0.001	0.997	0.001
0.001	0.001	0.696	0.302
0.001	0.001	0.336	0.662
0.997	0.001	0.001	0.001
0.001	0.223	0.775	0.001
0.001	0.001	0.997	0.001
0.930	0.068	0.001	0.001
0.001	0.001	0.001	0.997
0.001	0.997	0.001	0.001
>AGCTATTAGA	18-AGCTATTAGA	12.190837	-6.952918	0	T:3.0(1.50%),B:94.2(0.09%),P:1e-3	Tpos:502.3,Tstd:106.4,Bpos:280.2,Bstd:170.4,StrandBias:2.3,Multiplicity:4.00
0.805	0.193	0.001	0.001
0.001	0.001	0.997	0.001
0.001	0.997	0.001	0.001
0.001	0.001	0.001	0.997
0.997	0.001	0.001	0.001
0.001	0.001	0.001	0.997
0.001	0.001	0.001	0.997
0.997	0.001	0.001	0.001
0.001	0.001	0.997	0.001
0.997	0.001	0.001	0.001
>NTTGTGGGTN	19-NTTGTGGGTN	6.411102	-3.819109	0	T:7.0(3.50%),B:1377.9(1.38%),P:1e-1	Tpos:327.0,Tstd:178.6,Bpos:287.9,Bstd:176.0,StrandBias:-10.0,Multiplicity:1.00
0.235	0.230	0.255	0.280
0.148	0.168	0.141	0.543
0.154	0.089	0.169	0.588
0.152	0.160	0.534	0.154
0.178	0.096	0.153	0.573
0.165	0.104	0.563	0.168
0.192	0.087	0.556	0.165
0.159	0.155	0.522	0.164
0.153	0.126	0.149	0.572
0.237	0.227	0.268	0.269
>GTTTTATKGCTT	1-GTTTTATKGCTT	8.429573	-100.019870	0	T:96.0(48.00%),B:9549.5(9.57%),P:1e-43	Tpos:299.7,Tstd:174.1,Bpos:298.1,Bstd:183.2,StrandBias:-0.6,Multiplicity:1.19
0.136	0.202	0.450	0.212
0.001	0.238	0.269	0.491
0.027	0.040	0.001	0.932
0.001	0.001	0.001	0.997
0.001	0.001	0.133	0.865
0.997	0.001	0.001	0.001
0.001	0.001	0.001	0.997
0.119	0.054	0.449	0.379
0.378	0.001	0.594	0.027
0.001	0.568	0.175	0.256
0.262	0.209	0.001	0.528
0.081	0.266	0.211	0.442
>TCYCTTTGATGK	2-TCYCTTTGATGK	9.472896	-38.696812	0	T:40.0(20.00%),B:3873.4(3.88%),P:1e-16	Tpos:264.1,Tstd:132.3,Bpos:299.4,Bstd:178.5,StrandBias:0.6,Multiplicity:1.09
0.155	0.001	0.001	0.843
0.001	0.481	0.194	0.324
0.160	0.493	0.001	0.346
0.147	0.751	0.101	0.001
0.001	0.001	0.001	0.997
0.001	0.001	0.288	0.710
0.001	0.001	0.146	0.852
0.001	0.266	0.681	0.052
0.647	0.001	0.001	0.351
0.344	0.002	0.001	0.653
0.001	0.290	0.708	0.001
0.001	0.207	0.393	0.400
>CCCTTTGAAGTT	3-CCCTTTGAAGTT	8.177578	-37.629119	0	T:48.0(24.00%),B:5850.5(5.86%),P:1e-16	Tpos:313.2,Tstd:192.7,Bpos:296.5,Bstd:186.1,StrandBias:-0.2,Multiplicity:1.15
0.110	0.705	0.180	0.005
0.064	0.766	0.169	0.001
0.001	0.821	0.001	0.177
0.110	0.063	0.110	0.717
0.076	0.063	0.001	0.860
0.063	0.110	0.182	0.645
0.110	0.073	0.765	0.052
0.889	0.001	0.109	0.001
0.652	0.052	0.110	0.186
0.109	0.052	0.838	0.001
0.296	0.109	0.001	0.594
0.001	0.234	0.003	0.762
>GGTTTATGGCCT	4-GGTTTATGGCCT	8.463612	-37.138294	0	T:40.0(20.00%),B:4057.3(4.07%),P:1e-16	Tpos:314.4,Tstd:185.1,Bpos:297.6,Bstd:186.2,StrandBias:-0.4,Multiplicity:1.02
0.100	0.100	0.700	0.100
0.100	0.100	0.700	0.100
0.100	0.100	0.100	0.700
0.100	0.100	0.100	0.700
0.100	0.100	0.100	0.700
0.700	0.100	0.100	0.100
0.100	0.100	0.100	0.700
0.100	0.100	0.700	0.100
0.100	0.100	0.700	0.100
0.100	0.700	0.100	0.100
0.100	0.700	0.100	0.100
0.100	0.100	0.100	0.700
>TGCCTCCCTTKA	5-TGCCTCCCTTKA	11.182560	-29.174361	0	T:17.0(8.50%),B:722.6(0.72%),P:1e-12	Tpos:299.2,Tstd:150.9,Bpos:286.3,Bstd:182.6,StrandBias:0.5,Multiplicity:1.00
0.001	0.315	0.001	0.683
0.001	0.189	0.809	0.001
0.001	0.687	0.001	0.311
0.001	0.997	0.001	0.001
0.001	0.001	0.001	0.997
0.001	0.997	0.001	0.001
0.001	0.997	0.001	0.001
0.001	0.677	0.001	0.321
0.001	0.145	0.001	0.853
0.001	0.001	0.001	0.997
0.001	0.001	0.497	0.501
0.997	0.001	0.001	0.001
>ATAGCCCCATAA	6-ATAGCCCCATAA	14.334707	-28.360954	0	T:7.0(3.50%),B:30.3(0.03%),P:1e-12	Tpos:308.9,Tstd:104.7,Bpos:311.3,Bstd:181.9,StrandBias:1.3,Multiplicity:1.00
0.997	0.001	0.001	0.001
0.001	0.001	0.294	0.704
0.736	0.001	0.001	0.262
0.001	0.001	0.997	0.001
0.001	0.997	0.001	0.001
0.001	0.997	0.001	0.001
0.001	0.997	0.001	0.001
0.001	0.997	0.001	0.001
0.997	0.001	0.001	0.001
0.001	0.211	0.230	0.558
0.997	0.001	0.001	0.001
0.997	0.001	0.001	0.001
>ACCTGCACCTGC	7-ACCTGCACCTGC	12.799615	-28.026449	0	T:11.0(5.50%),B:203.9(0.20%),P:1e-12	Tpos:194.9,Tstd:103.6,Bpos:279.4,Bstd:194.5,StrandBias:-1.4,Multiplicity:1.00
0.554	0.001	0.148	0.297
0.001	0.706	0.292	0.001
0.001	0.624	0.001	0.374
0.001	0.001	0.001	0.997
0.001	0.001	0.997	0.001
0.001	0.997	0.001	0.001
0.997	0.001	0.001	0.001
0.001	0.997	0.001	0.001
0.001	0.997	0.001	0.001
0.001	0.001	0.001	0.997
0.001	0.001	0.997	0.001
0.001	0.779	0.219	0.001
>GCTGGGCTCAAG	8-GCTGGGCTCAAG	13.928568	-26.247234	0	T:8.0(4.00%),B:74.0(0.07%),P:1e-11	Tpos:320.3,Tstd:283.8,Bpos:300.7,Bstd:180.6,StrandBias:1.0,Multiplicity:1.12
0.184	0.001	0.814	0.001
0.001	0.997	0.001	0.001
0.001	0.001	0.001	0.997
0.225	0.001	0.773	0.001
0.001	0.001	0.825	0.173
0.001	0.001	0.997	0.001
0.001	0.997	0.001	0.001
0.001	0.001	0.001	0.997
0.001	0.997	0.001	0.001
0.997	0.001	0.001	0.001
0.810	0.001	0.001	0.188
0.001	0.001	0.773	0.225
>TGTCTGATTGTC	9-TGTCTGATTGTC	12.124117	-25.785901	0	T:10.0(5.00%),B:181.8(0.18%),P:1e-11	Tpos:256.0,Tstd:92.2,Bpos:295.4,Bstd:179.0,StrandBias:-1.0,Multiplicity:1.20
0.001	0.001	0.001	0.997
0.001	0.001	0.997	0.001
0.001	0.345	0.001	0.653
0.194	0.804	0.001	0.001
0.001	0.001	0.001	0.997
0.231	0.001	0.473	0.295
0.997	0.001	0.001	0.001
0.001	0.133	0.116	0.750
0.001	0.001	0.001	0.997
0.218	0.001	0.780	0.001
0.001	0.302	0.001	0.696
0.001	0.997	0.001	0.001
>TCTCTTTGATCT	10-TCTCTTTGATCT	13.680415	-24.601478	0	T:8.0(4.00%),B:90.3(0.09%),P:1e-10	Tpos:271.8,Tstd:52.3,Bpos:325.1,Bstd:197.6,StrandBias:-0.7,Multiplicity:1.00
0.001	0.001	0.134	0.864
0.001	0.643	0.246	0.110
0.128	0.001	0.001	0.870
0.001	0.997	0.001	0.001
0.001	0.001	0.001	0.997
0.001	0.001	0.001	0.997
0.001	0.001	0.001	0.997
0.001	0.086	0.912	0.001
0.820	0.088	0.001	0.091
0.001	0.001	0.001	0.997
0.001	0.997	0.001	0.001
0.001	0.001	0.001	0.997
>CACATCATAAAA	11-CACATCATAAAA	7.438872	-24.575175	0	T:60.0(30.00%),B:12204.5(12.23%),P:1e-10	Tpos:301.9,Tstd:207.4,Bpos:298.0,Bstd:182.8,StrandBias:0.0,Multiplicity:1.15
0.140	0.683	0.109	0.068
0.654	0.187	0.090	0.069
0.106	0.611	0.161	0.122
0.745	0.099	0.044	0.112
0.062	0.116	0.062	0.760
0.091	0.748	0.081	0.080
0.848	0.065	0.067	0.020
0.051	0.064	0.097	0.788
0.747	0.117	0.015	0.121
0.885	0.047	0.015	0.053
0.810	0.032	0.076	0.082
0.728	0.072	0.142	0.058
>TGAGAAAAGGCA	12-TGAGAAAAGGCA	13.893133	-24.416220	0	T:9.0(4.50%),B:144.2(0.14%),P:1e-10	Tpos:357.6,Tstd:192.7,Bpos:310.0,Bstd:168.0,StrandBias:0.3,Multiplicity:1.00
0.001	0.001	0.001	0.997
0.001	0.001	0.997	0.001
0.997	0.001	0.001	0.001
0.001	0.001	0.997	0.001
0.841	0.001	0.157	0.001
0.997	0.001	0.001	0.001
0.997	0.001	0.001	0.001
0.825	0.001	0.173	0.001
0.001	0.001	0.848	0.150
0.001	0.001	0.997	0.001
0.001	0.634	0.162	0.203
0.997	0.001	0.001	0.001
>CAGTCAACAGGG	13-CAGTCAACAGGG	14.252222	-23.445639	0	T:7.0(3.50%),B:61.2(0.06%),P:1e-10	Tpos:234.9,Tstd:197.6,Bpos:334.4,Bstd:190.9,StrandBias:-1.3,Multiplicity:1.00
0.001	0.997	0.001	0.001
0.997	0.001	0.001	0.001
0.001	0.001	0.997	0.001
0.158	0.179	0.001	0.662
0.001	0.997	0.001	0.001
0.997	0.001	0.001	0.001
0.997	0.001	0.001	0.001
0.001	0.997	0.001	0.001
0.997	0.001	0.001	0.001
0.219	0.001	0.779	0.001
0.001	0.001	0.997	0.001
0.001	0.228	0.770	0.001
>GCCCCAATAAAA	14-GCCCCAATAAAA	9.211072	-21.409456	0	T:27.0(13.50%),B:3233.7(3.24%),P:1e-9	Tpos:318.9,Tstd:147.7,Bpos:297.1,Bstd:182.3,StrandBias:0.5,Multiplicity:1.04
0.108	0.058	0.779	0.055
0.067	0.722	0.152	0.059
0.118	0.821	0.001	0.060
0.172	0.826	0.001	0.001
0.056	0.884	0.001	0.059
0.875	0.063	0.001	0.061
0.926	0.001	0.001	0.072
0.060	0.063	0.167	0.710
0.858	0.001	0.140	0.001
0.936	0.062	0.001	0.001
0.997	0.001	0.001	0.001
0.671	0.047	0.069	0.213
>TCCTCCCCAGCC	15-TCCTCCCCAGCC	13.133783	-21.147609	0	T:13.0(6.50%),B:624.0(0.63%),P:1e-9	Tpos:347.8,Tstd:174.4,Bpos:301.5,Bstd:185.5,StrandBias:-0.2,Multiplicity:1.00
0.001	0.001	0.001	0.997
0.001	0.898	0.001	0.100
0.001	0.997	0.001	0.001
0.107	0.178	0.001	0.714
0.001	0.904	0.094	0.001
0.001	0.909	0.001	0.089
0.001	0.914	0.001	0.084
0.001	0.997	0.001	0.001
0.997	0.001	0.001	0.001
0.001	0.082	0.846	0.071
0.103	0.895	0.001	0.001
0.001	0.997	0.001	0.001
>TTTACCTTGATC	16-TTTACCTTGATC	10.432444	-20.138958	0	T:15.0(7.50%),B:971.0(0.97%),P:1e-8	Tpos:257.6,Tstd:137.0,Bpos:291.2,Bstd:186.9,StrandBias:-0.2,Multiplicity:1.13
0.001	0.001	0.126	0.872
0.001	0.278	0.001	0.720
0.001	0.088	0.204	0.707
0.638	0.137	0.224	0.001
0.001	0.817	0.001	0.181
0.001	0.997	0.001	0.001
0.001	0.001	0.001	0.997
0.001	0.001	0.172	0.826
0.127	0.094	0.778	0.001
0.859	0.063	0.077	0.001
0.001	0.001	0.001	0.997
0.001	0.816	0.182	0.001
>CAGGGTTTMCAG	17-CAGGGTTTMCAG	11.780924	-20.070319	0	T:12.0(6.00%),B:552.1(0.55%),P:1e-8	Tpos:279.8,Tstd:143.5,Bpos:288.3,Bstd:182.6,StrandBias:0.0,Multiplicity:1.00
0.001	0.902	0.096	0.001
0.750	0.001	0.097	0.152
0.001	0.001	0.997	0.001
0.001	0.001	0.881	0.117
0.001	0.209	0.789	0.001
0.001	0.123	0.005	0.871
0.001	0.001	0.001	0.997
0.001	0.001	0.127	0.871
0.401	0.486	0.001	0.113
0.001	0.997	0.001	0.001
0.598	0.001	0.147	0.254
0.001	0.001	0.881	0.117
>TAAATTAGTCTC	18-TAAATTAGTCTC	10.697562	-18.639602	0	T:10.0(5.00%),B:383.4(0.38%),P:1e-8	Tpos:227.1,Tstd:156.0,Bpos:302.4,Bstd:183.7,StrandBias:0.0,Multiplicity:1.20
0.001	0.001	0.137	0.861
0.969	0.001	0.001	0.029
0.997	0.001	0.001	0.001
0.997	0.001	0.001	0.001
0.001	0.326	0.001	0.672
0.322	0.001	0.138	0.539
0.830	0.001	0.001	0.168
0.001	0.001	0.997	0.001
0.001	0.180	0.001	0.818
0.001	0.822	0.176	0.001
0.001	0.002	0.177	0.820
0.326	0.643	0.001	0.030
>TCAGATAAGWAT	19-TCAGATAAGWAT	9.694726	-18.323730	0	T:5.0(2.50%),B:34.3(0.03%),P:1e-7	Tpos:230.0,Tstd:191.0,Bpos:308.4,Bstd:202.7,StrandBias:-0.6,Multiplicity:1.00
0.001	0.001	0.001	0.997
0.001	0.997	0.001	0.001
0.997	0.001	0.001	0.001
0.001	0.001	0.997	0.001
0.997	0.001	0.001	0.001
0.001	0.001	0.001	0.997
0.997	0.001	0.001	0.001
0.997	0.001	0.001	0.001
0.001	0.001	0.997	0.001
0.569	0.001	0.001	0.429
0.997	0.001	0.001	0.001
0.001	0.001	0.001	0.997
>GCMTCTCAGCCT	20-GCMTCTCAGCCT	8.674278	-15.854349	0	T:38.0(19.00%),B:7541.8(7.56%),P:1e-6	Tpos:220.8,Tstd:194.8,Bpos:299.5,Bstd:188.3,StrandBias:0.5,Multiplicity:1.34
0.001	0.055	0.859	0.085
0.001	0.997	0.001	0.001
0.424	0.465	0.001	0.110
0.001	0.001	0.061	0.937
0.001	0.846	0.001	0.152
0.059	0.048	0.092	0.801
0.001	0.899	0.099	0.001
0.788	0.001	0.001	0.210
0.001	0.052	0.946	0.001
0.001	0.798	0.122	0.079
0.136	0.862	0.001	0.001
0.059	0.090	0.001	0.850
>TCTTTTACAATG	21-TCTTTTACAATG	10.511603	-13.377994	0	T:13.0(6.50%),B:1228.5(1.23%),P:1e-5	Tpos:267.3,Tstd:135.8,Bpos:300.9,Bstd:182.1,StrandBias:0.0,Multiplicity:1.08
0.001	0.001	0.001	0.997
0.001	0.997	0.001	0.001
0.001	0.001	0.001	0.997
0.001	0.001	0.275	0.723
0.001	0.001	0.001	0.997
0.019	0.318	0.149	0.514
0.801	0.197	0.001	0.001
0.001	0.701	0.297	0.001
0.997	0.001	0.001	0.001
0.997	0.001	0.001	0.001
0.345	0.001	0.001	0.653
0.001	0.019	0.663	0.317
>GGGGGKGGGGGG	22-GGGGGKGGGGGG	10.327244	-6.650665	0	T:38.0(19.00%),B:11461.9(11.49%),P:1e-2	Tpos:357.6,Tstd:231.2,Bpos:299.7,Bstd:189.8,StrandBias:0.6,Multiplicity:1.24
0.001	0.001	0.687	0.311
0.001	0.001	0.902	0.096
0.001	0.001	0.997	0.001
0.001	0.001	0.925	0.073
0.111	0.001	0.745	0.143
0.001	0.001	0.544	0.454
0.001	0.001	0.872	0.126
0.086	0.001	0.912	0.001
0.119	0.001	0.879	0.001
0.078	0.001	0.919	0.002
0.107	0.001	0.755	0.137
0.013	0.183	0.598	0.206
>CCCTCCTGCAGC	23-CCCTCCTGCAGC	12.355432	-5.798078	0	T:2.0(1.00%),B:40.9(0.04%),P:1e-2	Tpos:498.4,Tstd:160.5,Bpos:302.0,Bstd:167.9,StrandBias:10.0,Multiplicity:6.00
0.100	0.700	0.100	0.100
0.100	0.700	0.100	0.100
0.100	0.700	0.100	0.100
0.100	0.100	0.100	0.700
0.100	0.700	0.100	0.100
0.100	0.700	0.100	0.100
0.100	0.100	0.100	0.700
0.100	0.100	0.700	0.100
0.100	0.700	0.100	0.100
0.700	0.100	0.100	0.100
0.100	0.100	0.700	0.100
0.100	0.700	0.100	0.100
>AAGGGTTAACCT	24-AAGGGTTAACCT	12.355432	-5.521312	0	T:1.0(0.50%),B:2.5(0.00%),P:1e-2	Tpos:123.0,Tstd:32.7,Bpos:456.5,Bstd:93.5,StrandBias:10.0,Multiplicity:3.00
0.700	0.100	0.100	0.100
0.700	0.100	0.100	0.100
0.100	0.100	0.700	0.100
0.100	0.100	0.700	0.100
0.100	0.100	0.700	0.100
0.100	0.100	0.100	0.700
0.100	0.100	0.100	0.700
0.700	0.100	0.100	0.100
0.700	0.100	0.100	0.100
0.100	0.700	0.100	0.100
0.100	0.700	0.100	0.100
0.100	0.100	0.100	0.700
>ATTAGAGGTTAG	25-ATTAGAGGTTAG	12.355432	-5.521312	0	T:1.0(0.50%),B:2.9(0.00%),P:1e-2	Tpos:534.0,Tstd:91.9,Bpos:363.0,Bstd:69.0,StrandBias:10.0,Multiplicity:10.00
0.700	0.100	0.100	0.100
0.100	0.100	0.100	0.700
0.100	0.100	0.100	0.700
0.700	0.100	0.100	0.100
0.100	0.100	0.700	0.100
0.700	0.100	0.100	0.100
0.100	0.100	0.700	0.100
0.100	0.100	0.700	0.100
0.100	0.100	0.100	0.700
0.100	0.100	0.100	0.700
0.700	0.100	0.100	0.100
0.100	0.100	0.700	0.100
>GCCATAAA	1-GCCATAAA	7.141196	-140.968200	0	T:130.0(65.00%),B:13788.0(13.82%),P:1e-61	Tpos:317.1,Tstd:180.5,Bpos:299.5,Bstd:184.4,StrandBias:0.4,Multiplicity:1.43
0.083	0.079	0.771	0.067
0.001	0.795	0.001	0.203
0.175	0.791	0.001	0.033
0.975	0.023	0.001	0.001
0.001	0.001	0.001	0.997
0.986	0.001	0.001	0.012
0.997	0.001	0.001	0.001
0.997	0.001	0.001	0.001
>GCCGTAAA	2-GCCGTAAA	6.497580	-56.543296	0	T:72.0(36.00%),B:9113.0(9.13%),P:1e-24	Tpos:319.8,Tstd:176.1,Bpos:299.3,Bstd:184.3,StrandBias:-0.3,Multiplicity:1.10
0.037	0.075	0.827	0.061
0.041	0.580	0.093	0.286
0.168	0.507	0.105	0.220
0.057	0.110	0.832	0.001
0.035	0.034	0.103	0.828
0.790	0.048	0.046	0.116
0.850	0.067	0.050	0.033
0.795	0.066	0.049	0.090
>ACAATAAA	3-ACAATAAA	5.147577	-46.831333	0	T:117.0(58.50%),B:26732.8(26.79%),P:1e-20	Tpos:322.6,Tstd:196.4,Bpos:296.1,Bstd:186.1,StrandBias:0.4,Multiplicity:1.26
0.639	0.359	0.001	0.001
0.001	0.965	0.001	0.033
0.687	0.311	0.001	0.001
0.721	0.277	0.001	0.001
0.001	0.001	0.001	0.997
0.997	0.001	0.001	0.001
0.997	0.001	0.001	0.001
0.997	0.001	0.001	0.001
>GCCTTTGA	4-GCCTTTGA	7.041249	-31.158553	0	T:101.0(50.50%),B:25392.3(25.45%),P:1e-13	Tpos:334.0,Tstd:219.5,Bpos:300.4,Bstd:187.4,StrandBias:0.1,Multiplicity:1.21
0.016	0.144	0.749	0.091
0.016	0.806	0.162	0.016
0.001	0.987	0.001	0.011
0.074	0.020	0.040	0.866
0.025	0.001	0.001	0.973
0.015	0.001	0.017	0.967
0.048	0.061	0.822	0.069
0.946	0.001	0.001	0.052
>ASATCAAA	5-ASATCAAA	8.030356	-30.603957	0	T:61.0(30.50%),B:10903.4(10.93%),P:1e-13	Tpos:335.2,Tstd:185.8,Bpos:297.0,Bstd:183.9,StrandBias:0.4,Multiplicity:1.38
0.722	0.166	0.111	0.001
0.001	0.557	0.441	0.001
0.562	0.211	0.040	0.187
0.001	0.001	0.031	0.967
0.001	0.997	0.001	0.001
0.819	0.001	0.001	0.179
0.997	0.001	0.001	0.001
0.792	0.001	0.001	0.206
>TAATTACG	6-TAATTACG	5.076191	-29.165013	0	T:131.0(65.50%),B:39757.2(39.84%),P:1e-12	Tpos:322.1,Tstd:195.4,Bpos:296.9,Bstd:189.4,StrandBias:0.1,Multiplicity:1.57
0.042	0.184	0.100	0.674
0.814	0.060	0.088	0.038
0.907	0.020	0.016	0.057
0.001	0.050	0.022	0.927
0.121	0.014	0.101	0.764
0.800	0.027	0.139	0.034
0.090	0.625	0.150	0.135
0.033	0.315	0.504	0.148
>CAGTTGCA	7-CAGTTGCA	7.650486	-13.268106	0	T:47.0(23.50%),B:11565.1(11.59%),P:1e-5	Tpos:309.4,Tstd:221.7,Bpos:296.4,Bstd:182.0,StrandBias:0.9,Multiplicity:1.13
0.101	0.897	0.001	0.001
0.598	0.001	0.337	0.064
0.001	0.295	0.546	0.158
0.001	0.001	0.247	0.751
0.001	0.001	0.001	0.997
0.001	0.001	0.883	0.115
0.176	0.739	0.001	0.084
0.941	0.050	0.008	0.001
>TTACGATC	8-TTACGATC	7.958289	-8.570794	0	T:16.0(8.00%),B:2798.9(2.80%),P:1e-3	Tpos:385.7,Tstd:189.0,Bpos:295.3,Bstd:180.0,StrandBias:1.2,Multiplicity:1.44
0.001	0.001	0.120	0.878
0.001	0.001	0.001	0.997
0.847	0.066	0.086	0.001
0.001	0.720	0.278	0.001
0.236	0.059	0.704	0.001
0.925	0.001	0.001	0.073
0.001	0.001	0.077	0.921
0.001	0.997	0.001	0.001
