>AGGCCATAAA	1-AGGCCATAAA	7.776746	-117.702495	0	T:82.0(41.00%),B:5083.8(5.09%),P:1e-51	Tpos:307.6,Tstd:181.6,Bpos:299.0,Bstd:185.8,StrandBias:0.0,Multiplicity:1.20
0.894	0.001	0.085	0.020
0.180	0.001	0.734	0.085
0.040	0.001	0.958	0.001
0.001	0.801	0.001	0.197
0.226	0.753	0.001	0.020
0.977	0.021	0.001	0.001
0.001	0.001	0.001	0.997
0.997	0.001	0.001	0.001
0.951	0.023	0.001	0.025
0.997	0.001	0.001	0.001
>TTTATGGGCG	2-TTTATGGGCG	6.546951	-80.949030	0	T:128.0(64.00%),B:22517.7(22.57%),P:1e-35	Tpos:323.1,Tstd:168.8,Bpos:297.9,Bstd:184.2,StrandBias:-0.7,Multiplicity:1.44
0.001	0.001	0.020	0.978
0.001	0.040	0.030	0.929
0.001	0.024	0.001	0.974
0.914	0.029	0.056	0.001
0.034	0.052	0.072	0.842
0.001	0.001	0.753	0.245
0.135	0.001	0.863	0.001
0.087	0.094	0.745	0.074
0.203	0.407	0.211	0.180
0.178	0.119	0.603	0.100
>DRGYWGTAAA	3-DRGYWGTAAA	7.180876	-67.366141	0	T:68.0(34.00%),B:6693.3(6.71%),P:1e-29	Tpos:320.1,Tstd:159.6,Bpos:297.5,Bstd:185.0,StrandBias:0.1,Multiplicity:1.13
0.326	0.014	0.402	0.258
0.427	0.047	0.452	0.073
0.236	0.239	0.493	0.032
0.011	0.427	0.061	0.501
0.453	0.046	0.044	0.458
0.292	0.042	0.608	0.058
0.042	0.182	0.054	0.722
0.769	0.060	0.069	0.102
0.588	0.023	0.169	0.220
0.830	0.016	0.079	0.075
>AASATCAAAG	4-AASATCAAAG	8.312239	-59.929231	0	T:78.0(39.00%),B:10204.7(10.23%),P:1e-26	Tpos:306.8,Tstd:173.7,Bpos:295.2,Bstd:184.4,StrandBias:0.2,Multiplicity:1.23
0.523	0.055	0.250	0.172
0.704	0.001	0.129	0.166
0.001	0.415	0.513	0.071
0.564	0.027	0.001	0.408
0.139	0.001	0.001	0.859
0.073	0.782	0.115	0.030
0.997	0.001	0.001	0.001
0.997	0.001	0.001	0.001
0.949	0.001	0.001	0.049
0.056	0.058	0.744	0.142
>KYAATWACCC	5-KYAATWACCC	6.436809	-50.161710	0	T:111.0(55.50%),B:23339.8(23.39%),P:1e-21	Tpos:323.6,Tstd:204.3,Bpos:296.1,Bstd:187.0,StrandBias:0.4,Multiplicity:1.29
0.001	0.121	0.456	0.423
0.108	0.308	0.141	0.443
0.801	0.001	0.001	0.197
0.683	0.072	0.001	0.244
0.174	0.001	0.138	0.687
0.384	0.001	0.120	0.496
0.606	0.001	0.392	0.001
0.162	0.669	0.168	0.001
0.075	0.923	0.001	0.001
0.001	0.680	0.001	0.318
>CTTTTGAAGT	6-CTTTTGAAGT	10.366364	-35.182879	0	T:20.0(10.00%),B:803.8(0.81%),P:1e-15	Tpos:278.8,Tstd:124.4,Bpos:292.3,Bstd:195.2,StrandBias:0.4,Multiplicity:1.07
0.001	0.739	0.213	0.047
0.001	0.214	0.001	0.784
0.001	0.001	0.001	0.997
0.078	0.039	0.001	0.882
0.001	0.145	0.001	0.853
0.029	0.001	0.969	0.001
0.893	0.001	0.050	0.056
0.948	0.001	0.001	0.050
0.034	0.001	0.964	0.001
0.001	0.001	0.001	0.997
>TTGAGCCCAG	7-TTGAGCCCAG	8.939728	-21.988656	0	T:37.0(18.50%),B:5713.5(5.73%),P:1e-9	Tpos:301.8,Tstd:218.6,Bpos:298.2,Bstd:187.5,StrandBias:-0.3,Multiplicity:1.14
0.001	0.285	0.001	0.713
0.001	0.001	0.001	0.997
0.001	0.001	0.997	0.001
0.997	0.001	0.001	0.001
0.001	0.001	0.615	0.383
0.001	0.997	0.001	0.001
0.125	0.752	0.001	0.122
0.001	0.630	0.247	0.122
0.997	0.001	0.001	0.001
0.001	0.122	0.876	0.001
>GTAATAAAAC	8-GTAATAAAAC	7.893812	-21.683319	0	T:37.0(18.50%),B:5777.1(5.79%),P:1e-9	Tpos:294.7,Tstd:167.3,Bpos:297.3,Bstd:184.8,StrandBias:-0.2,Multiplicity:1.06
0.210	0.072	0.644	0.074
0.020	0.121	0.064	0.795
0.790	0.001	0.122	0.087
0.936	0.062	0.001	0.001
0.001	0.067	0.065	0.867
0.740	0.158	0.101	0.001
0.759	0.239	0.001	0.001
0.722	0.001	0.276	0.001
0.781	0.001	0.083	0.135
0.049	0.924	0.013	0.014
>CCTTCAATGC	9-CCTTCAATGC	9.243357	-20.579348	0	T:18.0(9.00%),B:1442.1(1.45%),P:1e-8	Tpos:305.5,Tstd:115.6,Bpos:301.0,Bstd:184.9,StrandBias:-0.3,Multiplicity:1.00
0.144	0.814	0.041	0.001
0.001	0.997	0.001	0.001
0.001	0.001	0.001	0.997
0.001	0.108	0.109	0.782
0.001	0.997	0.001	0.001
0.858	0.001	0.001	0.140
0.879	0.001	0.001	0.119
0.089	0.001	0.091	0.819
0.001	0.001	0.997	0.001
0.119	0.879	0.001	0.001
>TAAATTAGTC	10-TAAATTAGTC	11.571224	-20.349733	0	T:9.0(4.50%),B:230.1(0.23%),P:1e-8	Tpos:252.8,Tstd:129.5,Bpos:290.1,Bstd:196.9,StrandBias:-0.3,Multiplicity:1.00
0.001	0.001	0.001	0.997
0.855	0.001	0.001	0.143
0.997	0.001	0.001	0.001
0.860	0.001	0.001	0.138
0.001	0.001	0.001	0.997
0.001	0.001	0.001	0.997
0.997	0.001	0.001	0.001
0.001	0.001	0.997	0.001
0.001	0.001	0.001	0.997
0.001	0.875	0.123	0.001
>TAATTAGGCA	11-TAATTAGGCA	10.683697	-19.648072	0	T:14.0(7.00%),B:852.2(0.85%),P:1e-8	Tpos:268.1,Tstd:136.2,Bpos:304.0,Bstd:187.9,StrandBias:0.4,Multiplicity:1.00
0.100	0.001	0.001	0.898
0.869	0.129	0.001	0.001
0.997	0.001	0.001	0.001
0.001	0.001	0.001	0.997
0.001	0.001	0.001	0.997
0.997	0.001	0.001	0.001
0.105	0.001	0.893	0.001
0.117	0.166	0.716	0.001
0.103	0.895	0.001	0.001
0.847	0.001	0.001	0.151
>GCAGGTGCAG	12-GCAGGTGCAG	8.430469	-19.159794	0	T:16.0(8.00%),B:1215.5(1.22%),P:1e-8	Tpos:213.6,Tstd:146.9,Bpos:285.2,Bstd:184.3,StrandBias:1.6,Multiplicity:1.00
0.001	0.053	0.945	0.001
0.001	0.997	0.001	0.001
0.997	0.001	0.001	0.001
0.001	0.001	0.997	0.001
0.001	0.001	0.997	0.001
0.001	0.001	0.001	0.997
0.001	0.001	0.997	0.001
0.001	0.997	0.001	0.001
0.851	0.001	0.147	0.001
0.099	0.001	0.837	0.063
>TCTGTGGGAA	13-TCTGTGGGAA	7.447298	-19.126218	0	T:63.0(31.50%),B:15115.4(15.15%),P:1e-8	Tpos:309.4,Tstd:228.2,Bpos:299.0,Bstd:180.0,StrandBias:0.0,Multiplicity:1.13
0.071	0.083	0.082	0.764
0.043	0.827	0.056	0.074
0.038	0.119	0.020	0.823
0.021	0.114	0.779	0.086
0.109	0.009	0.069	0.813
0.045	0.043	0.797	0.115
0.149	0.105	0.681	0.065
0.028	0.073	0.879	0.020
0.839	0.054	0.037	0.070
0.810	0.060	0.086	0.044
>ATACAGCCCT	14-ATACAGCCCT	10.170693	-16.546411	0	T:16.0(8.00%),B:1471.6(1.47%),P:1e-7	Tpos:294.9,Tstd:211.3,Bpos:301.5,Bstd:185.6,StrandBias:0.2,Multiplicity:1.00
0.887	0.001	0.001	0.111
0.001	0.210	0.055	0.734
0.930	0.001	0.068	0.001
0.001	0.891	0.107	0.001
0.898	0.001	0.001	0.100
0.120	0.001	0.878	0.001
0.001	0.997	0.001	0.001
0.093	0.905	0.001	0.001
0.001	0.997	0.001	0.001
0.001	0.129	0.001	0.869
>GGCTGAGAGG	15-GGCTGAGAGG	9.260734	-14.683294	0	T:28.0(14.00%),B:4783.5(4.79%),P:1e-6	Tpos:232.3,Tstd:199.5,Bpos:298.8,Bstd:186.3,StrandBias:-1.1,Multiplicity:1.36
0.075	0.002	0.877	0.046
0.001	0.082	0.795	0.122
0.001	0.803	0.195	0.001
0.040	0.001	0.046	0.913
0.001	0.001	0.997	0.001
0.689	0.241	0.001	0.069
0.001	0.001	0.997	0.001
0.989	0.001	0.009	0.001
0.001	0.001	0.906	0.092
0.068	0.073	0.858	0.001
>CCCCCCCACC	16-CCCCCCCACC	9.078091	-9.235550	0	T:42.0(21.00%),B:11557.5(11.58%),P:1e-4	Tpos:349.0,Tstd:207.0,Bpos:301.3,Bstd:190.6,StrandBias:-0.4,Multiplicity:1.31
0.064	0.692	0.002	0.242
0.066	0.919	0.001	0.014
0.075	0.827	0.001	0.097
0.038	0.798	0.105	0.059
0.369	0.605	0.025	0.001
0.100	0.772	0.046	0.082
0.025	0.935	0.037	0.003
0.699	0.299	0.001	0.001
0.022	0.876	0.072	0.030
0.049	0.805	0.081	0.065
>GGGTAGGATC	17-GGGTAGGATC	11.496866	-8.067507	0	T:5.0(2.50%),B:287.6(0.29%),P:1e-3	Tpos:445.1,Tstd:126.6,Bpos:311.1,Bstd:191.3,StrandBias:0.5,Multiplicity:3.40
0.001	0.001	0.997	0.001
0.001	0.001	0.997	0.001
0.001	0.001	0.696	0.302
0.001	0.001	0.336	0.662
0.997	0.001	0.001	0.001
0.001	0.223	0.775	0.001
0.001	0.001	0.997	0.001
0.930	0.068	0.001	0.001
0.001	0.001	0.001	0.997
0.001	0.997	0.001	0.001
>AGCTATTAGA	18-AGCTATTAGA	12.190837	-6.952918	0	T:3.0(1.50%),B:94.2(0.09%),P:1e-3	Tpos:502.3,Tstd:106.4,Bpos:280.2,Bstd:170.4,StrandBias:2.3,Multiplicity:4.00
0.805	0.193	0.001	0.001
0.001	0.001	0.997	0.001
0.001	0.997	0.001	0.001
0.001	0.001	0.001	0.997
0.997	0.001	0.001	0.001
0.001	0.001	0.001	0.997
0.001	0.001	0.001	0.997
0.997	0.001	0.001	0.001
0.001	0.001	0.997	0.001
0.997	0.001	0.001	0.001
>NTTGTGGGTN	19-NTTGTGGGTN	6.411102	-3.819109	0	T:7.0(3.50%),B:1377.9(1.38%),P:1e-1	Tpos:327.0,Tstd:178.6,Bpos:287.9,Bstd:176.0,StrandBias:-10.0,Multiplicity:1.00
0.235	0.230	0.255	0.280
0.148	0.168	0.141	0.543
0.154	0.089	0.169	0.588
0.152	0.160	0.534	0.154
0.178	0.096	0.153	0.573
0.165	0.104	0.563	0.168
0.192	0.087	0.556	0.165
0.159	0.155	0.522	0.164
0.153	0.126	0.149	0.572
0.237	0.227	0.268	0.269
