>GCCATAAA	1-GCCATAAA	7.141196	-140.968200	0	T:130.0(65.00%),B:13788.0(13.82%),P:1e-61	Tpos:317.1,Tstd:180.5,Bpos:299.5,Bstd:184.4,StrandBias:0.4,Multiplicity:1.43
0.083	0.079	0.771	0.067
0.001	0.795	0.001	0.203
0.175	0.791	0.001	0.033
0.975	0.023	0.001	0.001
0.001	0.001	0.001	0.997
0.986	0.001	0.001	0.012
0.997	0.001	0.001	0.001
0.997	0.001	0.001	0.001
>GCCGTAAA	2-GCCGTAAA	6.497580	-56.543296	0	T:72.0(36.00%),B:9113.0(9.13%),P:1e-24	Tpos:319.8,Tstd:176.1,Bpos:299.3,Bstd:184.3,StrandBias:-0.3,Multiplicity:1.10
0.037	0.075	0.827	0.061
0.041	0.580	0.093	0.286
0.168	0.507	0.105	0.220
0.057	0.110	0.832	0.001
0.035	0.034	0.103	0.828
0.790	0.048	0.046	0.116
0.850	0.067	0.050	0.033
0.795	0.066	0.049	0.090
>ACAATAAA	3-ACAATAAA	5.147577	-46.831333	0	T:117.0(58.50%),B:26732.8(26.79%),P:1e-20	Tpos:322.6,Tstd:196.4,Bpos:296.1,Bstd:186.1,StrandBias:0.4,Multiplicity:1.26
0.639	0.359	0.001	0.001
0.001	0.965	0.001	0.033
0.687	0.311	0.001	0.001
0.721	0.277	0.001	0.001
0.001	0.001	0.001	0.997
0.997	0.001	0.001	0.001
0.997	0.001	0.001	0.001
0.997	0.001	0.001	0.001
>GCCTTTGA	4-GCCTTTGA	7.041249	-31.158553	0	T:101.0(50.50%),B:25392.3(25.45%),P:1e-13	Tpos:334.0,Tstd:219.5,Bpos:300.4,Bstd:187.4,StrandBias:0.1,Multiplicity:1.21
0.016	0.144	0.749	0.091
0.016	0.806	0.162	0.016
0.001	0.987	0.001	0.011
0.074	0.020	0.040	0.866
0.025	0.001	0.001	0.973
0.015	0.001	0.017	0.967
0.048	0.061	0.822	0.069
0.946	0.001	0.001	0.052
>ASATCAAA	5-ASATCAAA	8.030356	-30.603957	0	T:61.0(30.50%),B:10903.4(10.93%),P:1e-13	Tpos:335.2,Tstd:185.8,Bpos:297.0,Bstd:183.9,StrandBias:0.4,Multiplicity:1.38
0.722	0.166	0.111	0.001
0.001	0.557	0.441	0.001
0.562	0.211	0.040	0.187
0.001	0.001	0.031	0.967
0.001	0.997	0.001	0.001
0.819	0.001	0.001	0.179
0.997	0.001	0.001	0.001
0.792	0.001	0.001	0.206
>TAATTACG	6-TAATTACG	5.076191	-29.165013	0	T:131.0(65.50%),B:39757.2(39.84%),P:1e-12	Tpos:322.1,Tstd:195.4,Bpos:296.9,Bstd:189.4,StrandBias:0.1,Multiplicity:1.57
0.042	0.184	0.100	0.674
0.814	0.060	0.088	0.038
0.907	0.020	0.016	0.057
0.001	0.050	0.022	0.927
0.121	0.014	0.101	0.764
0.800	0.027	0.139	0.034
0.090	0.625	0.150	0.135
0.033	0.315	0.504	0.148
>CAGTTGCA	7-CAGTTGCA	7.650486	-13.268106	0	T:47.0(23.50%),B:11565.1(11.59%),P:1e-5	Tpos:309.4,Tstd:221.7,Bpos:296.4,Bstd:182.0,StrandBias:0.9,Multiplicity:1.13
0.101	0.897	0.001	0.001
0.598	0.001	0.337	0.064
0.001	0.295	0.546	0.158
0.001	0.001	0.247	0.751
0.001	0.001	0.001	0.997
0.001	0.001	0.883	0.115
0.176	0.739	0.001	0.084
0.941	0.050	0.008	0.001
>TTACGATC	8-TTACGATC	7.958289	-8.570794	0	T:16.0(8.00%),B:2798.9(2.80%),P:1e-3	Tpos:385.7,Tstd:189.0,Bpos:295.3,Bstd:180.0,StrandBias:1.2,Multiplicity:1.44
0.001	0.001	0.120	0.878
0.001	0.001	0.001	0.997
0.847	0.066	0.086	0.001
0.001	0.720	0.278	0.001
0.236	0.059	0.704	0.001
0.925	0.001	0.001	0.073
0.001	0.001	0.077	0.921
0.001	0.997	0.001	0.001
