>GTTTTATKGCTT	1-GTTTTATKGCTT	8.429573	-100.019870	0	T:96.0(48.00%),B:9549.5(9.57%),P:1e-43	Tpos:299.7,Tstd:174.1,Bpos:298.1,Bstd:183.2,StrandBias:-0.6,Multiplicity:1.19
0.136	0.202	0.450	0.212
0.001	0.238	0.269	0.491
0.027	0.040	0.001	0.932
0.001	0.001	0.001	0.997
0.001	0.001	0.133	0.865
0.997	0.001	0.001	0.001
0.001	0.001	0.001	0.997
0.119	0.054	0.449	0.379
0.378	0.001	0.594	0.027
0.001	0.568	0.175	0.256
0.262	0.209	0.001	0.528
0.081	0.266	0.211	0.442
>TCYCTTTGATGK	2-TCYCTTTGATGK	9.472896	-38.696812	0	T:40.0(20.00%),B:3873.4(3.88%),P:1e-16	Tpos:264.1,Tstd:132.3,Bpos:299.4,Bstd:178.5,StrandBias:0.6,Multiplicity:1.09
0.155	0.001	0.001	0.843
0.001	0.481	0.194	0.324
0.160	0.493	0.001	0.346
0.147	0.751	0.101	0.001
0.001	0.001	0.001	0.997
0.001	0.001	0.288	0.710
0.001	0.001	0.146	0.852
0.001	0.266	0.681	0.052
0.647	0.001	0.001	0.351
0.344	0.002	0.001	0.653
0.001	0.290	0.708	0.001
0.001	0.207	0.393	0.400
>CCCTTTGAAGTT	3-CCCTTTGAAGTT	8.177578	-37.629119	0	T:48.0(24.00%),B:5850.5(5.86%),P:1e-16	Tpos:313.2,Tstd:192.7,Bpos:296.5,Bstd:186.1,StrandBias:-0.2,Multiplicity:1.15
0.110	0.705	0.180	0.005
0.064	0.766	0.169	0.001
0.001	0.821	0.001	0.177
0.110	0.063	0.110	0.717
0.076	0.063	0.001	0.860
0.063	0.110	0.182	0.645
0.110	0.073	0.765	0.052
0.889	0.001	0.109	0.001
0.652	0.052	0.110	0.186
0.109	0.052	0.838	0.001
0.296	0.109	0.001	0.594
0.001	0.234	0.003	0.762
>GGTTTATGGCCT	4-GGTTTATGGCCT	8.463612	-37.138294	0	T:40.0(20.00%),B:4057.3(4.07%),P:1e-16	Tpos:314.4,Tstd:185.1,Bpos:297.6,Bstd:186.2,StrandBias:-0.4,Multiplicity:1.02
0.100	0.100	0.700	0.100
0.100	0.100	0.700	0.100
0.100	0.100	0.100	0.700
0.100	0.100	0.100	0.700
0.100	0.100	0.100	0.700
0.700	0.100	0.100	0.100
0.100	0.100	0.100	0.700
0.100	0.100	0.700	0.100
0.100	0.100	0.700	0.100
0.100	0.700	0.100	0.100
0.100	0.700	0.100	0.100
0.100	0.100	0.100	0.700
>TGCCTCCCTTKA	5-TGCCTCCCTTKA	11.182560	-29.174361	0	T:17.0(8.50%),B:722.6(0.72%),P:1e-12	Tpos:299.2,Tstd:150.9,Bpos:286.3,Bstd:182.6,StrandBias:0.5,Multiplicity:1.00
0.001	0.315	0.001	0.683
0.001	0.189	0.809	0.001
0.001	0.687	0.001	0.311
0.001	0.997	0.001	0.001
0.001	0.001	0.001	0.997
0.001	0.997	0.001	0.001
0.001	0.997	0.001	0.001
0.001	0.677	0.001	0.321
0.001	0.145	0.001	0.853
0.001	0.001	0.001	0.997
0.001	0.001	0.497	0.501
0.997	0.001	0.001	0.001
>ATAGCCCCATAA	6-ATAGCCCCATAA	14.334707	-28.360954	0	T:7.0(3.50%),B:30.3(0.03%),P:1e-12	Tpos:308.9,Tstd:104.7,Bpos:311.3,Bstd:181.9,StrandBias:1.3,Multiplicity:1.00
0.997	0.001	0.001	0.001
0.001	0.001	0.294	0.704
0.736	0.001	0.001	0.262
0.001	0.001	0.997	0.001
0.001	0.997	0.001	0.001
0.001	0.997	0.001	0.001
0.001	0.997	0.001	0.001
0.001	0.997	0.001	0.001
0.997	0.001	0.001	0.001
0.001	0.211	0.230	0.558
0.997	0.001	0.001	0.001
0.997	0.001	0.001	0.001
>ACCTGCACCTGC	7-ACCTGCACCTGC	12.799615	-28.026449	0	T:11.0(5.50%),B:203.9(0.20%),P:1e-12	Tpos:194.9,Tstd:103.6,Bpos:279.4,Bstd:194.5,StrandBias:-1.4,Multiplicity:1.00
0.554	0.001	0.148	0.297
0.001	0.706	0.292	0.001
0.001	0.624	0.001	0.374
0.001	0.001	0.001	0.997
0.001	0.001	0.997	0.001
0.001	0.997	0.001	0.001
0.997	0.001	0.001	0.001
0.001	0.997	0.001	0.001
0.001	0.997	0.001	0.001
0.001	0.001	0.001	0.997
0.001	0.001	0.997	0.001
0.001	0.779	0.219	0.001
>GCTGGGCTCAAG	8-GCTGGGCTCAAG	13.928568	-26.247234	0	T:8.0(4.00%),B:74.0(0.07%),P:1e-11	Tpos:320.3,Tstd:283.8,Bpos:300.7,Bstd:180.6,StrandBias:1.0,Multiplicity:1.12
0.184	0.001	0.814	0.001
0.001	0.997	0.001	0.001
0.001	0.001	0.001	0.997
0.225	0.001	0.773	0.001
0.001	0.001	0.825	0.173
0.001	0.001	0.997	0.001
0.001	0.997	0.001	0.001
0.001	0.001	0.001	0.997
0.001	0.997	0.001	0.001
0.997	0.001	0.001	0.001
0.810	0.001	0.001	0.188
0.001	0.001	0.773	0.225
>TGTCTGATTGTC	9-TGTCTGATTGTC	12.124117	-25.785901	0	T:10.0(5.00%),B:181.8(0.18%),P:1e-11	Tpos:256.0,Tstd:92.2,Bpos:295.4,Bstd:179.0,StrandBias:-1.0,Multiplicity:1.20
0.001	0.001	0.001	0.997
0.001	0.001	0.997	0.001
0.001	0.345	0.001	0.653
0.194	0.804	0.001	0.001
0.001	0.001	0.001	0.997
0.231	0.001	0.473	0.295
0.997	0.001	0.001	0.001
0.001	0.133	0.116	0.750
0.001	0.001	0.001	0.997
0.218	0.001	0.780	0.001
0.001	0.302	0.001	0.696
0.001	0.997	0.001	0.001
>TCTCTTTGATCT	10-TCTCTTTGATCT	13.680415	-24.601478	0	T:8.0(4.00%),B:90.3(0.09%),P:1e-10	Tpos:271.8,Tstd:52.3,Bpos:325.1,Bstd:197.6,StrandBias:-0.7,Multiplicity:1.00
0.001	0.001	0.134	0.864
0.001	0.643	0.246	0.110
0.128	0.001	0.001	0.870
0.001	0.997	0.001	0.001
0.001	0.001	0.001	0.997
0.001	0.001	0.001	0.997
0.001	0.001	0.001	0.997
0.001	0.086	0.912	0.001
0.820	0.088	0.001	0.091
0.001	0.001	0.001	0.997
0.001	0.997	0.001	0.001
0.001	0.001	0.001	0.997
>CACATCATAAAA	11-CACATCATAAAA	7.438872	-24.575175	0	T:60.0(30.00%),B:12204.5(12.23%),P:1e-10	Tpos:301.9,Tstd:207.4,Bpos:298.0,Bstd:182.8,StrandBias:0.0,Multiplicity:1.15
0.140	0.683	0.109	0.068
0.654	0.187	0.090	0.069
0.106	0.611	0.161	0.122
0.745	0.099	0.044	0.112
0.062	0.116	0.062	0.760
0.091	0.748	0.081	0.080
0.848	0.065	0.067	0.020
0.051	0.064	0.097	0.788
0.747	0.117	0.015	0.121
0.885	0.047	0.015	0.053
0.810	0.032	0.076	0.082
0.728	0.072	0.142	0.058
>TGAGAAAAGGCA	12-TGAGAAAAGGCA	13.893133	-24.416220	0	T:9.0(4.50%),B:144.2(0.14%),P:1e-10	Tpos:357.6,Tstd:192.7,Bpos:310.0,Bstd:168.0,StrandBias:0.3,Multiplicity:1.00
0.001	0.001	0.001	0.997
0.001	0.001	0.997	0.001
0.997	0.001	0.001	0.001
0.001	0.001	0.997	0.001
0.841	0.001	0.157	0.001
0.997	0.001	0.001	0.001
0.997	0.001	0.001	0.001
0.825	0.001	0.173	0.001
0.001	0.001	0.848	0.150
0.001	0.001	0.997	0.001
0.001	0.634	0.162	0.203
0.997	0.001	0.001	0.001
>CAGTCAACAGGG	13-CAGTCAACAGGG	14.252222	-23.445639	0	T:7.0(3.50%),B:61.2(0.06%),P:1e-10	Tpos:234.9,Tstd:197.6,Bpos:334.4,Bstd:190.9,StrandBias:-1.3,Multiplicity:1.00
0.001	0.997	0.001	0.001
0.997	0.001	0.001	0.001
0.001	0.001	0.997	0.001
0.158	0.179	0.001	0.662
0.001	0.997	0.001	0.001
0.997	0.001	0.001	0.001
0.997	0.001	0.001	0.001
0.001	0.997	0.001	0.001
0.997	0.001	0.001	0.001
0.219	0.001	0.779	0.001
0.001	0.001	0.997	0.001
0.001	0.228	0.770	0.001
>GCCCCAATAAAA	14-GCCCCAATAAAA	9.211072	-21.409456	0	T:27.0(13.50%),B:3233.7(3.24%),P:1e-9	Tpos:318.9,Tstd:147.7,Bpos:297.1,Bstd:182.3,StrandBias:0.5,Multiplicity:1.04
0.108	0.058	0.779	0.055
0.067	0.722	0.152	0.059
0.118	0.821	0.001	0.060
0.172	0.826	0.001	0.001
0.056	0.884	0.001	0.059
0.875	0.063	0.001	0.061
0.926	0.001	0.001	0.072
0.060	0.063	0.167	0.710
0.858	0.001	0.140	0.001
0.936	0.062	0.001	0.001
0.997	0.001	0.001	0.001
0.671	0.047	0.069	0.213
>TCCTCCCCAGCC	15-TCCTCCCCAGCC	13.133783	-21.147609	0	T:13.0(6.50%),B:624.0(0.63%),P:1e-9	Tpos:347.8,Tstd:174.4,Bpos:301.5,Bstd:185.5,StrandBias:-0.2,Multiplicity:1.00
0.001	0.001	0.001	0.997
0.001	0.898	0.001	0.100
0.001	0.997	0.001	0.001
0.107	0.178	0.001	0.714
0.001	0.904	0.094	0.001
0.001	0.909	0.001	0.089
0.001	0.914	0.001	0.084
0.001	0.997	0.001	0.001
0.997	0.001	0.001	0.001
0.001	0.082	0.846	0.071
0.103	0.895	0.001	0.001
0.001	0.997	0.001	0.001
>TTTACCTTGATC	16-TTTACCTTGATC	10.432444	-20.138958	0	T:15.0(7.50%),B:971.0(0.97%),P:1e-8	Tpos:257.6,Tstd:137.0,Bpos:291.2,Bstd:186.9,StrandBias:-0.2,Multiplicity:1.13
0.001	0.001	0.126	0.872
0.001	0.278	0.001	0.720
0.001	0.088	0.204	0.707
0.638	0.137	0.224	0.001
0.001	0.817	0.001	0.181
0.001	0.997	0.001	0.001
0.001	0.001	0.001	0.997
0.001	0.001	0.172	0.826
0.127	0.094	0.778	0.001
0.859	0.063	0.077	0.001
0.001	0.001	0.001	0.997
0.001	0.816	0.182	0.001
>CAGGGTTTMCAG	17-CAGGGTTTMCAG	11.780924	-20.070319	0	T:12.0(6.00%),B:552.1(0.55%),P:1e-8	Tpos:279.8,Tstd:143.5,Bpos:288.3,Bstd:182.6,StrandBias:0.0,Multiplicity:1.00
0.001	0.902	0.096	0.001
0.750	0.001	0.097	0.152
0.001	0.001	0.997	0.001
0.001	0.001	0.881	0.117
0.001	0.209	0.789	0.001
0.001	0.123	0.005	0.871
0.001	0.001	0.001	0.997
0.001	0.001	0.127	0.871
0.401	0.486	0.001	0.113
0.001	0.997	0.001	0.001
0.598	0.001	0.147	0.254
0.001	0.001	0.881	0.117
>TAAATTAGTCTC	18-TAAATTAGTCTC	10.697562	-18.639602	0	T:10.0(5.00%),B:383.4(0.38%),P:1e-8	Tpos:227.1,Tstd:156.0,Bpos:302.4,Bstd:183.7,StrandBias:0.0,Multiplicity:1.20
0.001	0.001	0.137	0.861
0.969	0.001	0.001	0.029
0.997	0.001	0.001	0.001
0.997	0.001	0.001	0.001
0.001	0.326	0.001	0.672
0.322	0.001	0.138	0.539
0.830	0.001	0.001	0.168
0.001	0.001	0.997	0.001
0.001	0.180	0.001	0.818
0.001	0.822	0.176	0.001
0.001	0.002	0.177	0.820
0.326	0.643	0.001	0.030
>TCAGATAAGWAT	19-TCAGATAAGWAT	9.694726	-18.323730	0	T:5.0(2.50%),B:34.3(0.03%),P:1e-7	Tpos:230.0,Tstd:191.0,Bpos:308.4,Bstd:202.7,StrandBias:-0.6,Multiplicity:1.00
0.001	0.001	0.001	0.997
0.001	0.997	0.001	0.001
0.997	0.001	0.001	0.001
0.001	0.001	0.997	0.001
0.997	0.001	0.001	0.001
0.001	0.001	0.001	0.997
0.997	0.001	0.001	0.001
0.997	0.001	0.001	0.001
0.001	0.001	0.997	0.001
0.569	0.001	0.001	0.429
0.997	0.001	0.001	0.001
0.001	0.001	0.001	0.997
>GCMTCTCAGCCT	20-GCMTCTCAGCCT	8.674278	-15.854349	0	T:38.0(19.00%),B:7541.8(7.56%),P:1e-6	Tpos:220.8,Tstd:194.8,Bpos:299.5,Bstd:188.3,StrandBias:0.5,Multiplicity:1.34
0.001	0.055	0.859	0.085
0.001	0.997	0.001	0.001
0.424	0.465	0.001	0.110
0.001	0.001	0.061	0.937
0.001	0.846	0.001	0.152
0.059	0.048	0.092	0.801
0.001	0.899	0.099	0.001
0.788	0.001	0.001	0.210
0.001	0.052	0.946	0.001
0.001	0.798	0.122	0.079
0.136	0.862	0.001	0.001
0.059	0.090	0.001	0.850
>TCTTTTACAATG	21-TCTTTTACAATG	10.511603	-13.377994	0	T:13.0(6.50%),B:1228.5(1.23%),P:1e-5	Tpos:267.3,Tstd:135.8,Bpos:300.9,Bstd:182.1,StrandBias:0.0,Multiplicity:1.08
0.001	0.001	0.001	0.997
0.001	0.997	0.001	0.001
0.001	0.001	0.001	0.997
0.001	0.001	0.275	0.723
0.001	0.001	0.001	0.997
0.019	0.318	0.149	0.514
0.801	0.197	0.001	0.001
0.001	0.701	0.297	0.001
0.997	0.001	0.001	0.001
0.997	0.001	0.001	0.001
0.345	0.001	0.001	0.653
0.001	0.019	0.663	0.317
>GGGGGKGGGGGG	22-GGGGGKGGGGGG	10.327244	-6.650665	0	T:38.0(19.00%),B:11461.9(11.49%),P:1e-2	Tpos:357.6,Tstd:231.2,Bpos:299.7,Bstd:189.8,StrandBias:0.6,Multiplicity:1.24
0.001	0.001	0.687	0.311
0.001	0.001	0.902	0.096
0.001	0.001	0.997	0.001
0.001	0.001	0.925	0.073
0.111	0.001	0.745	0.143
0.001	0.001	0.544	0.454
0.001	0.001	0.872	0.126
0.086	0.001	0.912	0.001
0.119	0.001	0.879	0.001
0.078	0.001	0.919	0.002
0.107	0.001	0.755	0.137
0.013	0.183	0.598	0.206
>CCCTCCTGCAGC	23-CCCTCCTGCAGC	12.355432	-5.798078	0	T:2.0(1.00%),B:40.9(0.04%),P:1e-2	Tpos:498.4,Tstd:160.5,Bpos:302.0,Bstd:167.9,StrandBias:10.0,Multiplicity:6.00
0.100	0.700	0.100	0.100
0.100	0.700	0.100	0.100
0.100	0.700	0.100	0.100
0.100	0.100	0.100	0.700
0.100	0.700	0.100	0.100
0.100	0.700	0.100	0.100
0.100	0.100	0.100	0.700
0.100	0.100	0.700	0.100
0.100	0.700	0.100	0.100
0.700	0.100	0.100	0.100
0.100	0.100	0.700	0.100
0.100	0.700	0.100	0.100
>AAGGGTTAACCT	24-AAGGGTTAACCT	12.355432	-5.521312	0	T:1.0(0.50%),B:2.5(0.00%),P:1e-2	Tpos:123.0,Tstd:32.7,Bpos:456.5,Bstd:93.5,StrandBias:10.0,Multiplicity:3.00
0.700	0.100	0.100	0.100
0.700	0.100	0.100	0.100
0.100	0.100	0.700	0.100
0.100	0.100	0.700	0.100
0.100	0.100	0.700	0.100
0.100	0.100	0.100	0.700
0.100	0.100	0.100	0.700
0.700	0.100	0.100	0.100
0.700	0.100	0.100	0.100
0.100	0.700	0.100	0.100
0.100	0.700	0.100	0.100
0.100	0.100	0.100	0.700
>ATTAGAGGTTAG	25-ATTAGAGGTTAG	12.355432	-5.521312	0	T:1.0(0.50%),B:2.9(0.00%),P:1e-2	Tpos:534.0,Tstd:91.9,Bpos:363.0,Bstd:69.0,StrandBias:10.0,Multiplicity:10.00
0.700	0.100	0.100	0.100
0.100	0.100	0.100	0.700
0.100	0.100	0.100	0.700
0.700	0.100	0.100	0.100
0.100	0.100	0.700	0.100
0.700	0.100	0.100	0.100
0.100	0.100	0.700	0.100
0.100	0.100	0.700	0.100
0.100	0.100	0.100	0.700
0.100	0.100	0.100	0.700
0.700	0.100	0.100	0.100
0.100	0.100	0.700	0.100
