>GCCATAAA	1-GCCATAAA,BestGuess:caudal(Homeobox)/Drosophila-Embryos-ChIP-Chip(modEncode)/Homer(0.953)	7.141196	-140.968200	0	T:130.0(65.00%),B:13788.0(13.82%),P:1e-61
0.083	0.079	0.771	0.067
0.001	0.795	0.001	0.203
0.175	0.791	0.001	0.033
0.975	0.023	0.001	0.001
0.001	0.001	0.001	0.997
0.986	0.001	0.001	0.012
0.997	0.001	0.001	0.001
0.997	0.001	0.001	0.001
>AASATCAAAG	4-AASATCAAAG,BestGuess:TCF7L2/MA0523.2/Jaspar(0.975)	8.312239	-59.929231	0	T:78.0(39.00%),B:10204.7(10.23%),P:1e-26
0.523	0.055	0.250	0.172
0.704	0.001	0.129	0.166
0.001	0.415	0.513	0.071
0.564	0.027	0.001	0.408
0.139	0.001	0.001	0.859
0.073	0.782	0.115	0.030
0.997	0.001	0.001	0.001
0.997	0.001	0.001	0.001
0.949	0.001	0.001	0.049
0.056	0.058	0.744	0.142
>KYAATWACCC	5-KYAATWACCC,BestGuess:PH0053.1_Hoxa6/Jaspar(0.746)	6.436809	-50.161710	0	T:111.0(55.50%),B:23339.8(23.39%),P:1e-21
0.001	0.121	0.456	0.423
0.108	0.308	0.141	0.443
0.801	0.001	0.001	0.197
0.683	0.072	0.001	0.244
0.174	0.001	0.138	0.687
0.384	0.001	0.120	0.496
0.606	0.001	0.392	0.001
0.162	0.669	0.168	0.001
0.075	0.923	0.001	0.001
0.001	0.680	0.001	0.318
>TGCCTCCCTTKA	5-TGCCTCCCTTKA,BestGuess:ARF10/MA1685.2/Jaspar(0.733)	11.182560	-29.174361	0	T:17.0(8.50%),B:722.6(0.72%),P:1e-12
0.001	0.315	0.001	0.683
0.001	0.189	0.809	0.001
0.001	0.687	0.001	0.311
0.001	0.997	0.001	0.001
0.001	0.001	0.001	0.997
0.001	0.997	0.001	0.001
0.001	0.997	0.001	0.001
0.001	0.677	0.001	0.321
0.001	0.145	0.001	0.853
0.001	0.001	0.001	0.997
0.001	0.001	0.497	0.501
0.997	0.001	0.001	0.001
>ATAGCCCCATAA	6-ATAGCCCCATAA,BestGuess:Plagl1/MA1615.2/Jaspar(0.681)	14.334707	-28.360954	0	T:7.0(3.50%),B:30.3(0.03%),P:1e-12
0.997	0.001	0.001	0.001
0.001	0.001	0.294	0.704
0.736	0.001	0.001	0.262
0.001	0.001	0.997	0.001
0.001	0.997	0.001	0.001
0.001	0.997	0.001	0.001
0.001	0.997	0.001	0.001
0.001	0.997	0.001	0.001
0.997	0.001	0.001	0.001
0.001	0.211	0.230	0.558
0.997	0.001	0.001	0.001
0.997	0.001	0.001	0.001
>ACCTGCACCTGC	7-ACCTGCACCTGC,BestGuess:TCF4/MA0830.3/Jaspar(0.872)	12.799615	-28.026449	0	T:11.0(5.50%),B:203.9(0.20%),P:1e-12
0.554	0.001	0.148	0.297
0.001	0.706	0.292	0.001
0.001	0.624	0.001	0.374
0.001	0.001	0.001	0.997
0.001	0.001	0.997	0.001
0.001	0.997	0.001	0.001
0.997	0.001	0.001	0.001
0.001	0.997	0.001	0.001
0.001	0.997	0.001	0.001
0.001	0.001	0.001	0.997
0.001	0.001	0.997	0.001
0.001	0.779	0.219	0.001
>GCTGGGCTCAAG	8-GCTGGGCTCAAG,BestGuess:ZBTB6/MA1581.2/Jaspar(0.794)	13.928568	-26.247234	0	T:8.0(4.00%),B:74.0(0.07%),P:1e-11
0.184	0.001	0.814	0.001
0.001	0.997	0.001	0.001
0.001	0.001	0.001	0.997
0.225	0.001	0.773	0.001
0.001	0.001	0.825	0.173
0.001	0.001	0.997	0.001
0.001	0.997	0.001	0.001
0.001	0.001	0.001	0.997
0.001	0.997	0.001	0.001
0.997	0.001	0.001	0.001
0.810	0.001	0.001	0.188
0.001	0.001	0.773	0.225
>TGTCTGATTGTC	9-TGTCTGATTGTC,BestGuess:Elba1/MA1837.2/Jaspar(0.692)	12.124117	-25.785901	0	T:10.0(5.00%),B:181.8(0.18%),P:1e-11
0.001	0.001	0.001	0.997
0.001	0.001	0.997	0.001
0.001	0.345	0.001	0.653
0.194	0.804	0.001	0.001
0.001	0.001	0.001	0.997
0.231	0.001	0.473	0.295
0.997	0.001	0.001	0.001
0.001	0.133	0.116	0.750
0.001	0.001	0.001	0.997
0.218	0.001	0.780	0.001
0.001	0.302	0.001	0.696
0.001	0.997	0.001	0.001
>TGAGAAAAGGCA	12-TGAGAAAAGGCA,BestGuess:PTBP1(RRM)/Homo_sapiens-RNCMPT00268-PBM/HughesRNA(0.731)	13.893133	-24.416220	0	T:9.0(4.50%),B:144.2(0.14%),P:1e-10
0.001	0.001	0.001	0.997
0.001	0.001	0.997	0.001
0.997	0.001	0.001	0.001
0.001	0.001	0.997	0.001
0.841	0.001	0.157	0.001
0.997	0.001	0.001	0.001
0.997	0.001	0.001	0.001
0.825	0.001	0.173	0.001
0.001	0.001	0.848	0.150
0.001	0.001	0.997	0.001
0.001	0.634	0.162	0.203
0.997	0.001	0.001	0.001
>CAGTCAACAGGG	13-CAGTCAACAGGG,BestGuess:WRKY42/MA1310.2/Jaspar(0.721)	14.252222	-23.445639	0	T:7.0(3.50%),B:61.2(0.06%),P:1e-10
0.001	0.997	0.001	0.001
0.997	0.001	0.001	0.001
0.001	0.001	0.997	0.001
0.158	0.179	0.001	0.662
0.001	0.997	0.001	0.001
0.997	0.001	0.001	0.001
0.997	0.001	0.001	0.001
0.001	0.997	0.001	0.001
0.997	0.001	0.001	0.001
0.219	0.001	0.779	0.001
0.001	0.001	0.997	0.001
0.001	0.228	0.770	0.001
>TCCTCCCCAGCC	15-TCCTCCCCAGCC,BestGuess:ZNF263/MA0528.3/Jaspar(0.734)	13.133783	-21.147609	0	T:13.0(6.50%),B:624.0(0.63%),P:1e-9
0.001	0.001	0.001	0.997
0.001	0.898	0.001	0.100
0.001	0.997	0.001	0.001
0.107	0.178	0.001	0.714
0.001	0.904	0.094	0.001
0.001	0.909	0.001	0.089
0.001	0.914	0.001	0.084
0.001	0.997	0.001	0.001
0.997	0.001	0.001	0.001
0.001	0.082	0.846	0.071
0.103	0.895	0.001	0.001
0.001	0.997	0.001	0.001
>CCTTCAATGC	9-CCTTCAATGC,BestGuess:Tb_0230(RRM)/Trypanosoma_brucei-RNCMPT00230-PBM/HughesRNA(0.670)	9.243357	-20.579348	0	T:18.0(9.00%),B:1442.1(1.45%),P:1e-8
0.144	0.814	0.041	0.001
0.001	0.997	0.001	0.001
0.001	0.001	0.001	0.997
0.001	0.108	0.109	0.782
0.001	0.997	0.001	0.001
0.858	0.001	0.001	0.140
0.879	0.001	0.001	0.119
0.089	0.001	0.091	0.819
0.001	0.001	0.997	0.001
0.119	0.879	0.001	0.001
>TAAATTAGTC	10-TAAATTAGTC,BestGuess:ZHD1/MA1329.3/Jaspar(0.802)	11.571224	-20.349733	0	T:9.0(4.50%),B:230.1(0.23%),P:1e-8
0.001	0.001	0.001	0.997
0.855	0.001	0.001	0.143
0.997	0.001	0.001	0.001
0.860	0.001	0.001	0.138
0.001	0.001	0.001	0.997
0.001	0.001	0.001	0.997
0.997	0.001	0.001	0.001
0.001	0.001	0.997	0.001
0.001	0.001	0.001	0.997
0.001	0.875	0.123	0.001
>TTTACCTTGATC	16-TTTACCTTGATC,BestGuess:SNRNP70(RRM)/Homo_sapiens-RNCMPT00070-PBM/HughesRNA(0.761)	10.432444	-20.138958	0	T:15.0(7.50%),B:971.0(0.97%),P:1e-8
0.001	0.001	0.126	0.872
0.001	0.278	0.001	0.720
0.001	0.088	0.204	0.707
0.638	0.137	0.224	0.001
0.001	0.817	0.001	0.181
0.001	0.997	0.001	0.001
0.001	0.001	0.001	0.997
0.001	0.001	0.172	0.826
0.127	0.094	0.778	0.001
0.859	0.063	0.077	0.001
0.001	0.001	0.001	0.997
0.001	0.816	0.182	0.001
>CAGGGTTTMCAG	17-CAGGGTTTMCAG,BestGuess:TRP2(MYBrelated)/colamp-TRP2-DAP-Seq(GSE60143)/Homer(0.767)	11.780924	-20.070319	0	T:12.0(6.00%),B:552.1(0.55%),P:1e-8
0.001	0.902	0.096	0.001
0.750	0.001	0.097	0.152
0.001	0.001	0.997	0.001
0.001	0.001	0.881	0.117
0.001	0.209	0.789	0.001
0.001	0.123	0.005	0.871
0.001	0.001	0.001	0.997
0.001	0.001	0.127	0.871
0.401	0.486	0.001	0.113
0.001	0.997	0.001	0.001
0.598	0.001	0.147	0.254
0.001	0.001	0.881	0.117
>TCTGTGGGAA	13-TCTGTGGGAA,BestGuess:Su(H)/MA0085.2/Jaspar(0.828)	7.447298	-19.126218	0	T:63.0(31.50%),B:15115.4(15.15%),P:1e-8
0.071	0.083	0.082	0.764
0.043	0.827	0.056	0.074
0.038	0.119	0.020	0.823
0.021	0.114	0.779	0.086
0.109	0.009	0.069	0.813
0.045	0.043	0.797	0.115
0.149	0.105	0.681	0.065
0.028	0.073	0.879	0.020
0.839	0.054	0.037	0.070
0.810	0.060	0.086	0.044
>TCAGATAAGWAT	19-TCAGATAAGWAT,BestGuess:elt-1/MA2165.1/Jaspar(0.788)	9.694726	-18.323730	0	T:5.0(2.50%),B:34.3(0.03%),P:1e-7
0.001	0.001	0.001	0.997
0.001	0.997	0.001	0.001
0.997	0.001	0.001	0.001
0.001	0.001	0.997	0.001
0.997	0.001	0.001	0.001
0.001	0.001	0.001	0.997
0.997	0.001	0.001	0.001
0.997	0.001	0.001	0.001
0.001	0.001	0.997	0.001
0.569	0.001	0.001	0.429
0.997	0.001	0.001	0.001
0.001	0.001	0.001	0.997
>ATACAGCCCT	14-ATACAGCCCT,BestGuess:ZIPIC/MA2322.1/Jaspar(0.747)	10.170693	-16.546411	0	T:16.0(8.00%),B:1471.6(1.47%),P:1e-7
0.887	0.001	0.001	0.111
0.001	0.210	0.055	0.734
0.930	0.001	0.068	0.001
0.001	0.891	0.107	0.001
0.898	0.001	0.001	0.100
0.120	0.001	0.878	0.001
0.001	0.997	0.001	0.001
0.093	0.905	0.001	0.001
0.001	0.997	0.001	0.001
0.001	0.129	0.001	0.869
>GCMTCTCAGCCT	20-GCMTCTCAGCCT,BestGuess:FEZF2/MA2341.1/Jaspar(0.708)	8.674278	-15.854349	0	T:38.0(19.00%),B:7541.8(7.56%),P:1e-6
0.001	0.055	0.859	0.085
0.001	0.997	0.001	0.001
0.424	0.465	0.001	0.110
0.001	0.001	0.061	0.937
0.001	0.846	0.001	0.152
0.059	0.048	0.092	0.801
0.001	0.899	0.099	0.001
0.788	0.001	0.001	0.210
0.001	0.052	0.946	0.001
0.001	0.798	0.122	0.079
0.136	0.862	0.001	0.001
0.059	0.090	0.001	0.850
>TTACGATC	8-TTACGATC,BestGuess:GATA15(C2C2gata)/col-GATA15-DAP-Seq(GSE60143)/Homer(0.740)	7.958289	-8.570794	0	T:16.0(8.00%),B:2798.9(2.80%),P:1e-3
0.001	0.001	0.120	0.878
0.001	0.001	0.001	0.997
0.847	0.066	0.086	0.001
0.001	0.720	0.278	0.001
0.236	0.059	0.704	0.001
0.925	0.001	0.001	0.073
0.001	0.001	0.077	0.921
0.001	0.997	0.001	0.001
>AGCTATTAGA	18-AGCTATTAGA,BestGuess:Dlx2/MA0885.3/Jaspar(0.739)	12.190837	-6.952918	0	T:3.0(1.50%),B:94.2(0.09%),P:1e-3
0.805	0.193	0.001	0.001
0.001	0.001	0.997	0.001
0.001	0.997	0.001	0.001
0.001	0.001	0.001	0.997
0.997	0.001	0.001	0.001
0.001	0.001	0.001	0.997
0.001	0.001	0.001	0.997
0.997	0.001	0.001	0.001
0.001	0.001	0.997	0.001
0.997	0.001	0.001	0.001
>CCCTCCTGCAGC	23-CCCTCCTGCAGC,BestGuess:PHD1/PHD1_BUT90/8-SUT1(Harbison)/Yeast(0.698)	12.355432	-5.798078	0	T:2.0(1.00%),B:40.9(0.04%),P:1e-2
0.100	0.700	0.100	0.100
0.100	0.700	0.100	0.100
0.100	0.700	0.100	0.100
0.100	0.100	0.100	0.700
0.100	0.700	0.100	0.100
0.100	0.700	0.100	0.100
0.100	0.100	0.100	0.700
0.100	0.100	0.700	0.100
0.100	0.700	0.100	0.100
0.700	0.100	0.100	0.100
0.100	0.100	0.700	0.100
0.100	0.700	0.100	0.100
>AAGGGTTAACCT	24-AAGGGTTAACCT,BestGuess:ZNF652/HepG2-ZNF652.Flag-ChIP-Seq(Encode)/Homer(0.821)	12.355432	-5.521312	0	T:1.0(0.50%),B:2.5(0.00%),P:1e-2
0.700	0.100	0.100	0.100
0.700	0.100	0.100	0.100
0.100	0.100	0.700	0.100
0.100	0.100	0.700	0.100
0.100	0.100	0.700	0.100
0.100	0.100	0.100	0.700
0.100	0.100	0.100	0.700
0.700	0.100	0.100	0.100
0.700	0.100	0.100	0.100
0.100	0.700	0.100	0.100
0.100	0.700	0.100	0.100
0.100	0.100	0.100	0.700
>ATTAGAGGTTAG	25-ATTAGAGGTTAG,BestGuess:RUNX3/MA0684.3/Jaspar(0.634)	12.355432	-5.521312	0	T:1.0(0.50%),B:2.9(0.00%),P:1e-2
0.700	0.100	0.100	0.100
0.100	0.100	0.100	0.700
0.100	0.100	0.100	0.700
0.700	0.100	0.100	0.100
0.100	0.100	0.700	0.100
0.700	0.100	0.100	0.100
0.100	0.100	0.700	0.100
0.100	0.100	0.700	0.100
0.100	0.100	0.100	0.700
0.100	0.100	0.100	0.700
0.700	0.100	0.100	0.100
0.100	0.100	0.700	0.100
