>GTTAGAATAACA	3-TGTTATTCTAAC	7.290562	-28.783002	0	T:61.0(30.50%),B:11339.7(11.39%),P:1e-12
0.096	0.081	0.751	0.072
0.033	0.135	0.036	0.796
0.070	0.027	0.070	0.833
0.745	0.019	0.108	0.128
0.161	0.116	0.683	0.040
0.771	0.056	0.014	0.159
0.626	0.116	0.177	0.081
0.170	0.176	0.122	0.532
0.764	0.070	0.072	0.094
0.854	0.038	0.090	0.018
0.049	0.785	0.043	0.123
0.865	0.095	0.026	0.014
