>CTGTGAAAACAG	6-CTGTGAAAACAG,BestGuess:Fox:Ebox(Forkhead,bHLH)/Panc1-Foxa2-ChIP-Seq(GSE47459)/Homer(0.781)	9.029887	-22.826050	0	T:36.0(18.00%),B:5259.4(5.28%),P:1e-9
0.054	0.944	0.001	0.001
0.097	0.001	0.001	0.901
0.063	0.087	0.744	0.106
0.131	0.001	0.001	0.867
0.001	0.056	0.885	0.058
0.881	0.001	0.001	0.117
0.796	0.168	0.035	0.001
0.877	0.083	0.039	0.001
0.728	0.113	0.059	0.100
0.063	0.782	0.092	0.063
0.877	0.001	0.001	0.121
0.043	0.119	0.727	0.111
