>ATTTGACCCTGA	10-TCAGGGTCAAAT	9.318279	-19.454601	0	T:20.0(10.00%),B:1942.7(1.95%),P:1e-8
0.641	0.167	0.115	0.077
0.051	0.103	0.129	0.717
0.086	0.149	0.139	0.626
0.068	0.025	0.019	0.888
0.081	0.016	0.819	0.084
0.676	0.061	0.169	0.094
0.081	0.645	0.148	0.126
0.087	0.812	0.015	0.086
0.038	0.836	0.029	0.097
0.086	0.073	0.020	0.821
0.094	0.068	0.795	0.043
0.727	0.087	0.111	0.075
