>CTGTTTTCACAG	6-CTGTGAAAACAG	9.029887	-22.826050	0	T:36.0(18.00%),B:5259.4(5.28%),P:1e-9
0.111	0.727	0.119	0.043
0.121	0.001	0.001	0.877
0.063	0.092	0.782	0.063
0.100	0.059	0.113	0.728
0.001	0.039	0.083	0.877
0.001	0.035	0.168	0.796
0.117	0.001	0.001	0.881
0.058	0.885	0.056	0.001
0.867	0.001	0.001	0.131
0.106	0.744	0.087	0.063
0.901	0.001	0.001	0.097
0.001	0.001	0.944	0.054
