>GGTCAAGGGTCA	4-GGTCAAGGGTCA	7.294665	-24.125350	0	T:65.0(32.50%),B:14045.3(14.11%),P:1e-10
0.102	0.021	0.726	0.151
0.054	0.066	0.763	0.117
0.076	0.078	0.158	0.688
0.081	0.839	0.040	0.040
0.811	0.054	0.064	0.071
0.686	0.009	0.137	0.168
0.155	0.001	0.767	0.077
0.042	0.039	0.850	0.069
0.101	0.164	0.693	0.042
0.088	0.056	0.164	0.692
0.040	0.738	0.148	0.074
0.751	0.138	0.042	0.069
