>TGTTATTCTAAC	3-TGTTATTCTAAC,BestGuess:ara/dmmpmm(Noyes_hd)/fly(0.701)	7.290562	-28.783002	0	T:61.0(30.50%),B:11339.7(11.39%),P:1e-12
0.014	0.026	0.095	0.865
0.123	0.043	0.785	0.049
0.018	0.090	0.038	0.854
0.094	0.072	0.070	0.764
0.532	0.122	0.176	0.170
0.081	0.177	0.116	0.626
0.159	0.014	0.056	0.771
0.040	0.683	0.116	0.161
0.128	0.108	0.019	0.745
0.833	0.070	0.027	0.070
0.796	0.036	0.135	0.033
0.072	0.751	0.081	0.096
