>CCCTTTGAAGTT	3-CCCTTTGAAGTT	8.177578	-37.629119	0	T:48.0(24.00%),B:5850.5(5.86%),P:1e-16
0.110	0.705	0.180	0.005
0.064	0.766	0.169	0.001
0.001	0.821	0.001	0.177
0.110	0.063	0.110	0.717
0.076	0.063	0.001	0.860
0.063	0.110	0.182	0.645
0.110	0.073	0.765	0.052
0.889	0.001	0.109	0.001
0.652	0.052	0.110	0.186
0.109	0.052	0.838	0.001
0.296	0.109	0.001	0.594
0.001	0.234	0.003	0.762
