>CACATCATAAAA	11-CACATCATAAAA	7.438872	-24.575175	0	T:60.0(30.00%),B:12204.5(12.23%),P:1e-10
0.140	0.683	0.109	0.068
0.654	0.187	0.090	0.069
0.106	0.611	0.161	0.122
0.745	0.099	0.044	0.112
0.062	0.116	0.062	0.760
0.091	0.748	0.081	0.080
0.848	0.065	0.067	0.020
0.051	0.064	0.097	0.788
0.747	0.117	0.015	0.121
0.885	0.047	0.015	0.053
0.810	0.032	0.076	0.082
0.728	0.072	0.142	0.058
