>GGRMCAAATGGG	1-GGRMCAAATGGG	8.371033	-214.968668	0	T:122.0(61.31%),B:6104.9(6.16%),P:1e-93	Tpos:279.6,Tstd:165.8,Bpos:258.6,Bstd:161.6,StrandBias:0.3,Multiplicity:1.30
0.178	0.191	0.547	0.084
0.150	0.191	0.444	0.215
0.343	0.193	0.463	0.001
0.429	0.449	0.121	0.001
0.001	0.997	0.001	0.001
0.997	0.001	0.001	0.001
0.865	0.001	0.133	0.001
0.997	0.001	0.001	0.001
0.001	0.001	0.117	0.881
0.001	0.001	0.997	0.001
0.001	0.115	0.819	0.065
0.001	0.287	0.467	0.245
>AGCAGATGGTCA	2-AGCAGATGGTCA	7.818323	-86.560906	0	T:95.0(47.74%),B:10937.8(11.03%),P:1e-37	Tpos:185.6,Tstd:133.2,Bpos:260.2,Bstd:160.5,StrandBias:0.1,Multiplicity:1.15
0.667	0.067	0.206	0.060
0.138	0.169	0.530	0.163
0.030	0.858	0.111	0.001
0.905	0.001	0.001	0.093
0.305	0.001	0.636	0.058
0.750	0.105	0.079	0.066
0.099	0.001	0.122	0.778
0.033	0.001	0.941	0.025
0.085	0.001	0.857	0.057
0.174	0.158	0.001	0.667
0.090	0.508	0.246	0.156
0.565	0.091	0.092	0.252
>GGAAACAAATGG	3-GGAAACAAATGG	9.575855	-69.061381	0	T:44.0(22.11%),B:2170.3(2.19%),P:1e-29	Tpos:280.8,Tstd:185.4,Bpos:262.3,Bstd:162.2,StrandBias:0.5,Multiplicity:1.07
0.056	0.001	0.808	0.135
0.046	0.001	0.858	0.095
0.715	0.200	0.006	0.079
0.958	0.001	0.040	0.001
0.716	0.240	0.043	0.001
0.001	0.913	0.085	0.001
0.935	0.001	0.001	0.063
0.851	0.059	0.089	0.001
0.997	0.001	0.001	0.001
0.114	0.001	0.090	0.795
0.001	0.057	0.830	0.112
0.047	0.050	0.630	0.273
>CAACAAATGGTG	4-CAACAAATGGTG	7.545127	-53.718944	0	T:80.0(40.20%),B:11832.0(11.94%),P:1e-23	Tpos:341.1,Tstd:298.7,Bpos:260.5,Bstd:164.2,StrandBias:0.4,Multiplicity:1.05
0.041	0.703	0.223	0.033
0.712	0.093	0.072	0.123
0.837	0.070	0.092	0.001
0.088	0.806	0.082	0.024
0.952	0.046	0.001	0.001
0.721	0.087	0.159	0.033
0.858	0.062	0.001	0.079
0.096	0.001	0.192	0.711
0.119	0.057	0.757	0.067
0.130	0.191	0.594	0.085
0.117	0.079	0.114	0.690
0.085	0.062	0.666	0.187
>GCCAAATGGCCT	5-GCCAAATGGCCT	8.463612	-38.073612	0	T:42.0(21.11%),B:4376.2(4.41%),P:1e-16	Tpos:323.0,Tstd:185.2,Bpos:263.8,Bstd:163.6,StrandBias:0.7,Multiplicity:1.00
0.100	0.100	0.700	0.100
0.100	0.700	0.100	0.100
0.100	0.700	0.100	0.100
0.700	0.100	0.100	0.100
0.700	0.100	0.100	0.100
0.700	0.100	0.100	0.100
0.100	0.100	0.100	0.700
0.100	0.100	0.700	0.100
0.100	0.100	0.700	0.100
0.100	0.700	0.100	0.100
0.100	0.700	0.100	0.100
0.100	0.100	0.100	0.700
>TGAATTATAGTC	6-TGAATTATAGTC	15.322348	-28.552622	0	T:6.0(3.02%),B:13.9(0.01%),P:1e-12	Tpos:277.3,Tstd:105.1,Bpos:256.8,Bstd:114.2,StrandBias:2.3,Multiplicity:1.00
0.001	0.001	0.001	0.997
0.001	0.001	0.997	0.001
0.997	0.001	0.001	0.001
0.997	0.001	0.001	0.001
0.001	0.001	0.001	0.997
0.001	0.001	0.001	0.997
0.997	0.001	0.001	0.001
0.001	0.001	0.001	0.997
0.720	0.001	0.001	0.278
0.001	0.001	0.997	0.001
0.001	0.001	0.001	0.997
0.001	0.997	0.001	0.001
>CTTAACAGCCCT	7-CTTAACAGCCCT	14.031047	-26.015500	0	T:7.0(3.52%),B:42.3(0.04%),P:1e-11	Tpos:199.2,Tstd:113.0,Bpos:269.6,Bstd:165.5,StrandBias:-0.7,Multiplicity:1.14
0.001	0.997	0.001	0.001
0.001	0.200	0.001	0.798
0.001	0.001	0.001	0.997
0.997	0.001	0.001	0.001
0.997	0.001	0.001	0.001
0.001	0.997	0.001	0.001
0.997	0.001	0.001	0.001
0.001	0.001	0.997	0.001
0.001	0.997	0.001	0.001
0.001	0.841	0.001	0.157
0.001	0.827	0.001	0.171
0.001	0.001	0.267	0.731
>ATGTTTGTTTAA	8-ATGTTTGTTTAA	9.588995	-21.023038	0	T:21.0(10.55%),B:1967.7(1.98%),P:1e-9	Tpos:171.7,Tstd:118.7,Bpos:261.6,Bstd:162.6,StrandBias:0.3,Multiplicity:1.05
0.880	0.058	0.039	0.023
0.101	0.001	0.101	0.797
0.001	0.075	0.923	0.001
0.079	0.001	0.079	0.841
0.001	0.001	0.136	0.862
0.076	0.001	0.181	0.742
0.057	0.047	0.895	0.001
0.001	0.001	0.138	0.860
0.079	0.271	0.059	0.591
0.058	0.001	0.001	0.940
0.865	0.001	0.117	0.017
0.812	0.001	0.058	0.129
>GGTGTGAAATGT	9-GGTGTGAAATGT	10.773457	-20.373225	0	T:10.0(5.03%),B:318.4(0.32%),P:1e-8	Tpos:249.4,Tstd:106.4,Bpos:272.7,Bstd:159.8,StrandBias:2.0,Multiplicity:1.00
0.088	0.001	0.910	0.001
0.147	0.065	0.695	0.093
0.001	0.001	0.074	0.924
0.001	0.111	0.887	0.001
0.001	0.087	0.070	0.842
0.087	0.001	0.837	0.075
0.934	0.001	0.064	0.001
0.823	0.089	0.001	0.087
0.621	0.080	0.100	0.199
0.001	0.001	0.065	0.933
0.001	0.001	0.839	0.159
0.001	0.169	0.065	0.765
>GGAGGTGCSAGC	10-GGAGGTGCSAGC	9.082621	-19.643125	0	T:26.0(13.07%),B:3264.5(3.29%),P:1e-8	Tpos:285.5,Tstd:225.9,Bpos:261.5,Bstd:158.1,StrandBias:0.0,Multiplicity:1.08
0.001	0.199	0.579	0.221
0.001	0.001	0.997	0.001
0.955	0.001	0.001	0.043
0.064	0.001	0.934	0.001
0.068	0.001	0.930	0.001
0.132	0.001	0.001	0.866
0.001	0.001	0.997	0.001
0.241	0.417	0.099	0.243
0.001	0.350	0.422	0.227
0.659	0.174	0.005	0.162
0.173	0.001	0.575	0.251
0.216	0.673	0.055	0.056
>AACGGTCCCTGT	11-AACGGTCCCTGT	8.853994	-19.268160	0	T:7.0(3.52%),B:112.7(0.11%),P:1e-8	Tpos:396.1,Tstd:240.7,Bpos:261.2,Bstd:155.1,StrandBias:-0.4,Multiplicity:1.00
0.997	0.001	0.001	0.001
0.997	0.001	0.001	0.001
0.001	0.626	0.001	0.372
0.001	0.001	0.815	0.183
0.001	0.001	0.997	0.001
0.001	0.001	0.001	0.997
0.001	0.997	0.001	0.001
0.001	0.997	0.001	0.001
0.313	0.685	0.001	0.001
0.001	0.001	0.001	0.997
0.001	0.001	0.997	0.001
0.001	0.001	0.001	0.997
>TATCTCTTCCTG	12-TATCTCTTCCTG	13.349843	-19.207629	0	T:7.0(3.52%),B:113.2(0.11%),P:1e-8	Tpos:264.8,Tstd:125.8,Bpos:287.7,Bstd:150.2,StrandBias:1.0,Multiplicity:1.29
0.001	0.001	0.001	0.997
0.845	0.001	0.153	0.001
0.001	0.001	0.001	0.997
0.001	0.997	0.001	0.001
0.001	0.252	0.001	0.746
0.001	0.997	0.001	0.001
0.001	0.001	0.001	0.997
0.001	0.001	0.001	0.997
0.001	0.997	0.001	0.001
0.001	0.997	0.001	0.001
0.001	0.001	0.001	0.997
0.001	0.001	0.997	0.001
>AGTCTTTTAGAG	13-AGTCTTTTAGAG	9.402505	-18.097296	0	T:18.0(9.05%),B:1694.7(1.71%),P:1e-7	Tpos:272.2,Tstd:196.2,Bpos:263.1,Bstd:155.6,StrandBias:0.7,Multiplicity:1.00
0.819	0.001	0.179	0.001
0.001	0.001	0.997	0.001
0.001	0.001	0.001	0.997
0.199	0.676	0.008	0.117
0.001	0.001	0.001	0.997
0.001	0.150	0.180	0.669
0.001	0.001	0.001	0.997
0.159	0.162	0.001	0.678
0.845	0.153	0.001	0.001
0.271	0.001	0.519	0.209
0.837	0.001	0.001	0.161
0.001	0.001	0.997	0.001
>CCATTTGCTCTG	14-CCATTTGCTCTG	8.463612	-15.648229	0	T:40.0(20.10%),B:8246.1(8.32%),P:1e-6	Tpos:275.6,Tstd:162.0,Bpos:260.3,Bstd:165.3,StrandBias:0.1,Multiplicity:1.04
0.100	0.700	0.100	0.100
0.100	0.700	0.100	0.100
0.700	0.100	0.100	0.100
0.100	0.100	0.100	0.700
0.100	0.100	0.100	0.700
0.100	0.100	0.100	0.700
0.100	0.100	0.700	0.100
0.100	0.700	0.100	0.100
0.100	0.100	0.100	0.700
0.100	0.700	0.100	0.100
0.100	0.100	0.100	0.700
0.100	0.100	0.700	0.100
>AGGCAGCAGGCA	15-AGGCAGCAGGCA	10.206050	-15.305205	0	T:18.0(9.05%),B:2047.5(2.07%),P:1e-6	Tpos:249.5,Tstd:217.9,Bpos:261.1,Bstd:161.5,StrandBias:-0.5,Multiplicity:1.06
0.823	0.001	0.064	0.112
0.001	0.117	0.881	0.001
0.054	0.003	0.821	0.122
0.040	0.902	0.057	0.001
0.774	0.001	0.117	0.108
0.084	0.181	0.734	0.001
0.001	0.845	0.036	0.118
0.893	0.054	0.004	0.049
0.087	0.001	0.854	0.058
0.133	0.057	0.661	0.149
0.001	0.876	0.053	0.070
0.950	0.001	0.001	0.048
>CTCTGCAGAGGT	16-CTCTGCAGAGGT	11.716568	-15.246385	0	T:10.0(5.03%),B:553.8(0.56%),P:1e-6	Tpos:241.0,Tstd:140.7,Bpos:270.2,Bstd:158.8,StrandBias:-0.2,Multiplicity:1.00
0.003	0.855	0.001	0.141
0.076	0.070	0.001	0.853
0.001	0.852	0.146	0.001
0.001	0.001	0.001	0.997
0.005	0.131	0.729	0.135
0.150	0.622	0.148	0.080
0.997	0.001	0.001	0.001
0.062	0.001	0.936	0.001
0.997	0.001	0.001	0.001
0.001	0.001	0.865	0.133
0.072	0.063	0.864	0.001
0.202	0.275	0.082	0.441
