>CAAATGGY	1-CAAATGGY	9.217813	-217.583130	0	T:123.0(61.81%),B:6134.1(6.19%),P:1e-94	Tpos:275.8,Tstd:167.9,Bpos:262.8,Bstd:164.8,StrandBias:0.3,Multiplicity:1.20
0.001	0.997	0.001	0.001
0.997	0.001	0.001	0.001
0.997	0.001	0.001	0.001
0.997	0.001	0.001	0.001
0.001	0.001	0.001	0.997
0.001	0.001	0.997	0.001
0.001	0.001	0.997	0.001
0.001	0.364	0.157	0.479
>RRCAAATG	2-RRCAAATG	7.530521	-169.513452	0	T:166.0(83.42%),B:22253.6(22.45%),P:1e-73	Tpos:278.0,Tstd:203.4,Bpos:261.2,Bstd:165.2,StrandBias:0.6,Multiplicity:1.40
0.466	0.001	0.532	0.001
0.433	0.280	0.285	0.001
0.181	0.817	0.001	0.001
0.946	0.001	0.030	0.023
0.744	0.001	0.252	0.003
0.969	0.029	0.001	0.001
0.001	0.001	0.001	0.997
0.001	0.001	0.997	0.001
>TTTCGCAC	3-TTTCGCAC	6.519286	-39.712951	0	T:70.0(35.18%),B:11604.9(11.71%),P:1e-17	Tpos:278.7,Tstd:180.8,Bpos:262.6,Bstd:167.0,StrandBias:-0.6,Multiplicity:1.21
0.135	0.215	0.068	0.582
0.081	0.064	0.049	0.806
0.055	0.023	0.021	0.901
0.081	0.738	0.127	0.054
0.287	0.058	0.532	0.123
0.043	0.819	0.071	0.067
0.943	0.017	0.010	0.030
0.101	0.691	0.098	0.110
>TTGGCACC	4-TTGGCACC	6.614898	-27.217949	0	T:70.0(35.18%),B:14849.9(14.98%),P:1e-11	Tpos:303.3,Tstd:219.9,Bpos:263.6,Bstd:165.5,StrandBias:0.2,Multiplicity:1.11
0.077	0.115	0.069	0.739
0.099	0.042	0.022	0.837
0.204	0.140	0.540	0.116
0.120	0.187	0.517	0.176
0.010	0.897	0.039	0.054
0.818	0.075	0.026	0.081
0.080	0.869	0.032	0.019
0.018	0.804	0.051	0.127
>AGTCATAC	5-AGTCATAC	7.001016	-18.100718	0	T:51.0(25.63%),B:11162.3(11.26%),P:1e-7	Tpos:289.3,Tstd:244.5,Bpos:260.1,Bstd:160.7,StrandBias:-0.1,Multiplicity:1.14
0.935	0.063	0.001	0.001
0.001	0.048	0.926	0.025
0.001	0.001	0.054	0.944
0.001	0.941	0.037	0.021
0.976	0.001	0.001	0.022
0.339	0.001	0.026	0.634
0.776	0.001	0.167	0.056
0.076	0.875	0.048	0.001
>GGMTGTAA	6-GGMTGTAA	7.271800	-16.789854	0	T:57.0(28.64%),B:13792.5(13.91%),P:1e-7	Tpos:272.7,Tstd:194.9,Bpos:262.3,Bstd:164.2,StrandBias:-0.0,Multiplicity:1.21
0.023	0.176	0.800	0.001
0.001	0.001	0.996	0.002
0.419	0.384	0.195	0.001
0.001	0.001	0.001	0.997
0.077	0.060	0.862	0.001
0.225	0.001	0.001	0.773
0.736	0.001	0.001	0.262
0.812	0.001	0.001	0.186
>TTTCCCAC	7-TTTCCCAC	9.469835	-14.084035	0	T:37.0(18.59%),B:7756.6(7.82%),P:1e-6	Tpos:342.5,Tstd:208.7,Bpos:261.8,Bstd:161.7,StrandBias:0.5,Multiplicity:1.05
0.001	0.001	0.001	0.997
0.001	0.001	0.001	0.997
0.001	0.001	0.001	0.997
0.001	0.997	0.001	0.001
0.001	0.997	0.001	0.001
0.001	0.997	0.001	0.001
0.997	0.001	0.001	0.001
0.167	0.630	0.202	0.001
>AGCAAARG	8-AGCAAARG	9.060636	-13.440287	0	T:34.0(17.09%),B:6977.1(7.04%),P:1e-5	Tpos:271.1,Tstd:200.5,Bpos:261.5,Bstd:166.8,StrandBias:0.3,Multiplicity:1.06
0.997	0.001	0.001	0.001
0.150	0.001	0.848	0.001
0.001	0.997	0.001	0.001
0.912	0.001	0.086	0.001
0.997	0.001	0.001	0.001
0.891	0.107	0.001	0.001
0.346	0.187	0.466	0.001
0.001	0.250	0.556	0.193
