>ACCATTTGKT	1-ACCATTTGKT	8.292017	-245.981181	0	T:131.0(65.83%),B:6032.4(6.09%),P:1e-106	Tpos:280.8,Tstd:167.2,Bpos:264.6,Bstd:163.1,StrandBias:-0.5,Multiplicity:1.24
0.597	0.082	0.256	0.065
0.011	0.930	0.058	0.001
0.040	0.958	0.001	0.001
0.975	0.015	0.001	0.009
0.022	0.048	0.010	0.920
0.013	0.040	0.001	0.946
0.014	0.001	0.001	0.984
0.015	0.009	0.975	0.001
0.046	0.200	0.381	0.373
0.060	0.370	0.049	0.521
>KGMCAAATGB	2-KGMCAAATGB	7.034614	-89.929622	0	T:132.0(66.33%),B:22222.3(22.42%),P:1e-39	Tpos:254.4,Tstd:164.0,Bpos:260.3,Bstd:165.2,StrandBias:0.3,Multiplicity:1.28
0.116	0.001	0.369	0.514
0.125	0.246	0.628	0.001
0.339	0.441	0.219	0.001
0.126	0.684	0.001	0.189
0.752	0.001	0.001	0.246
0.830	0.001	0.168	0.001
0.879	0.119	0.001	0.001
0.077	0.001	0.001	0.921
0.045	0.001	0.953	0.001
0.136	0.314	0.230	0.320
>ACCATCTGTT	3-ACCATCTGTT	7.566809	-49.248497	0	T:66.0(33.17%),B:8655.4(8.73%),P:1e-21	Tpos:258.6,Tstd:207.5,Bpos:257.9,Bstd:160.5,StrandBias:-0.3,Multiplicity:1.21
0.696	0.079	0.169	0.056
0.076	0.795	0.063	0.066
0.071	0.784	0.099	0.046
0.864	0.021	0.001	0.114
0.066	0.030	0.057	0.847
0.117	0.764	0.093	0.026
0.096	0.106	0.001	0.797
0.001	0.070	0.896	0.033
0.020	0.107	0.093	0.780
0.012	0.149	0.054	0.785
>CKGTGTGAAA	4-CKGTGTGAAA	8.744969	-36.953208	0	T:49.0(24.62%),B:6199.0(6.25%),P:1e-16	Tpos:279.1,Tstd:154.9,Bpos:262.1,Bstd:164.8,StrandBias:0.7,Multiplicity:1.29
0.210	0.541	0.179	0.070
0.202	0.051	0.448	0.299
0.001	0.001	0.966	0.032
0.001	0.001	0.001	0.997
0.001	0.027	0.971	0.001
0.161	0.001	0.177	0.661
0.026	0.001	0.972	0.001
0.918	0.001	0.001	0.080
0.887	0.001	0.001	0.111
0.652	0.030	0.206	0.112
>ACTTAACACC	5-ACTTAACACC	6.913392	-31.440008	0	T:67.0(33.67%),B:12619.8(12.73%),P:1e-13	Tpos:328.7,Tstd:205.4,Bpos:263.1,Bstd:162.7,StrandBias:0.0,Multiplicity:1.13
0.672	0.173	0.126	0.029
0.038	0.841	0.045	0.076
0.079	0.021	0.001	0.899
0.003	0.099	0.029	0.869
0.749	0.001	0.249	0.001
0.705	0.001	0.141	0.153
0.025	0.935	0.039	0.001
0.607	0.198	0.083	0.112
0.001	0.826	0.172	0.001
0.070	0.900	0.001	0.029
>GTTTGTTAAA	6-GTTTGTTAAA	9.503411	-25.853943	0	T:23.0(11.56%),B:1856.7(1.87%),P:1e-11	Tpos:193.1,Tstd:159.1,Bpos:260.6,Bstd:166.7,StrandBias:1.0,Multiplicity:1.04
0.001	0.098	0.900	0.001
0.001	0.120	0.001	0.878
0.001	0.001	0.001	0.997
0.001	0.001	0.001	0.997
0.107	0.001	0.891	0.001
0.001	0.001	0.001	0.997
0.001	0.271	0.102	0.626
0.725	0.001	0.089	0.185
0.997	0.001	0.001	0.001
0.859	0.001	0.001	0.139
>AACAAAAGGC	7-AACAAAAGGC	8.997352	-24.085462	0	T:25.0(12.56%),B:2431.1(2.45%),P:1e-10	Tpos:289.7,Tstd:209.3,Bpos:261.7,Bstd:167.4,StrandBias:-0.2,Multiplicity:1.12
0.756	0.075	0.087	0.082
0.736	0.101	0.078	0.085
0.049	0.949	0.001	0.001
0.907	0.091	0.001	0.001
0.861	0.001	0.001	0.137
0.914	0.001	0.084	0.001
0.997	0.001	0.001	0.001
0.001	0.001	0.997	0.001
0.001	0.053	0.945	0.001
0.001	0.997	0.001	0.001
>CTGMAGTCCT	8-CTGMAGTCCT	8.935567	-23.582849	0	T:32.0(16.08%),B:4095.2(4.13%),P:1e-10	Tpos:235.2,Tstd:214.5,Bpos:259.8,Bstd:161.7,StrandBias:0.8,Multiplicity:1.03
0.249	0.749	0.001	0.001
0.181	0.001	0.001	0.817
0.116	0.001	0.882	0.001
0.513	0.366	0.120	0.001
0.816	0.001	0.001	0.182
0.001	0.167	0.539	0.293
0.001	0.001	0.141	0.857
0.178	0.820	0.001	0.001
0.001	0.703	0.001	0.295
0.218	0.049	0.001	0.732
>CCCTGTTCCC	9-CCCTGTTCCC	9.889946	-20.253303	0	T:22.0(11.06%),B:2266.0(2.29%),P:1e-8	Tpos:311.4,Tstd:238.6,Bpos:261.0,Bstd:155.9,StrandBias:1.2,Multiplicity:1.15
0.001	0.876	0.075	0.048
0.070	0.928	0.001	0.001
0.001	0.997	0.001	0.001
0.054	0.001	0.163	0.782
0.224	0.023	0.703	0.050
0.001	0.019	0.001	0.979
0.001	0.039	0.001	0.959
0.001	0.997	0.001	0.001
0.081	0.864	0.001	0.054
0.001	0.953	0.001	0.045
>TGAATTATAG	10-TGAATTATAG	10.421651	-18.774733	0	T:11.0(5.53%),B:492.6(0.50%),P:1e-8	Tpos:269.2,Tstd:153.2,Bpos:279.1,Bstd:161.9,StrandBias:0.8,Multiplicity:1.00
0.001	0.001	0.001	0.997
0.001	0.001	0.997	0.001
0.851	0.001	0.147	0.001
0.893	0.001	0.105	0.001
0.001	0.001	0.001	0.997
0.001	0.001	0.001	0.997
0.997	0.001	0.001	0.001
0.001	0.001	0.001	0.997
0.632	0.001	0.001	0.366
0.001	0.001	0.997	0.001
>TGGCACCTAA	11-TGGCACCTAA	7.800736	-18.248279	0	T:28.0(14.07%),B:4013.1(4.05%),P:1e-7	Tpos:243.3,Tstd:150.6,Bpos:260.5,Bstd:158.9,StrandBias:0.3,Multiplicity:1.12
0.001	0.001	0.001	0.997
0.156	0.129	0.646	0.069
0.177	0.073	0.707	0.043
0.080	0.855	0.064	0.001
0.805	0.079	0.042	0.074
0.107	0.819	0.036	0.038
0.061	0.835	0.079	0.025
0.073	0.062	0.061	0.804
0.838	0.038	0.075	0.049
0.706	0.073	0.114	0.107
