>ACCATTTGKT	1-ACCATTTGKT	8.292017	-245.981181	0	T:131.0(65.83%),B:6032.4(6.09%),P:1e-106	Tpos:280.8,Tstd:167.2,Bpos:264.6,Bstd:163.1,StrandBias:-0.5,Multiplicity:1.24
0.597	0.082	0.256	0.065
0.011	0.930	0.058	0.001
0.040	0.958	0.001	0.001
0.975	0.015	0.001	0.009
0.022	0.048	0.010	0.920
0.013	0.040	0.001	0.946
0.014	0.001	0.001	0.984
0.015	0.009	0.975	0.001
0.046	0.200	0.381	0.373
0.060	0.370	0.049	0.521
>KGMCAAATGB	2-KGMCAAATGB	7.034614	-89.929622	0	T:132.0(66.33%),B:22222.3(22.42%),P:1e-39	Tpos:254.4,Tstd:164.0,Bpos:260.3,Bstd:165.2,StrandBias:0.3,Multiplicity:1.28
0.116	0.001	0.369	0.514
0.125	0.246	0.628	0.001
0.339	0.441	0.219	0.001
0.126	0.684	0.001	0.189
0.752	0.001	0.001	0.246
0.830	0.001	0.168	0.001
0.879	0.119	0.001	0.001
0.077	0.001	0.001	0.921
0.045	0.001	0.953	0.001
0.136	0.314	0.230	0.320
>ACCATCTGTT	3-ACCATCTGTT	7.566809	-49.248497	0	T:66.0(33.17%),B:8655.4(8.73%),P:1e-21	Tpos:258.6,Tstd:207.5,Bpos:257.9,Bstd:160.5,StrandBias:-0.3,Multiplicity:1.21
0.696	0.079	0.169	0.056
0.076	0.795	0.063	0.066
0.071	0.784	0.099	0.046
0.864	0.021	0.001	0.114
0.066	0.030	0.057	0.847
0.117	0.764	0.093	0.026
0.096	0.106	0.001	0.797
0.001	0.070	0.896	0.033
0.020	0.107	0.093	0.780
0.012	0.149	0.054	0.785
>CKGTGTGAAA	4-CKGTGTGAAA	8.744969	-36.953208	0	T:49.0(24.62%),B:6199.0(6.25%),P:1e-16	Tpos:279.1,Tstd:154.9,Bpos:262.1,Bstd:164.8,StrandBias:0.7,Multiplicity:1.29
0.210	0.541	0.179	0.070
0.202	0.051	0.448	0.299
0.001	0.001	0.966	0.032
0.001	0.001	0.001	0.997
0.001	0.027	0.971	0.001
0.161	0.001	0.177	0.661
0.026	0.001	0.972	0.001
0.918	0.001	0.001	0.080
0.887	0.001	0.001	0.111
0.652	0.030	0.206	0.112
>ACTTAACACC	5-ACTTAACACC	6.913392	-31.440008	0	T:67.0(33.67%),B:12619.8(12.73%),P:1e-13	Tpos:328.7,Tstd:205.4,Bpos:263.1,Bstd:162.7,StrandBias:0.0,Multiplicity:1.13
0.672	0.173	0.126	0.029
0.038	0.841	0.045	0.076
0.079	0.021	0.001	0.899
0.003	0.099	0.029	0.869
0.749	0.001	0.249	0.001
0.705	0.001	0.141	0.153
0.025	0.935	0.039	0.001
0.607	0.198	0.083	0.112
0.001	0.826	0.172	0.001
0.070	0.900	0.001	0.029
>GTTTGTTAAA	6-GTTTGTTAAA	9.503411	-25.853943	0	T:23.0(11.56%),B:1856.7(1.87%),P:1e-11	Tpos:193.1,Tstd:159.1,Bpos:260.6,Bstd:166.7,StrandBias:1.0,Multiplicity:1.04
0.001	0.098	0.900	0.001
0.001	0.120	0.001	0.878
0.001	0.001	0.001	0.997
0.001	0.001	0.001	0.997
0.107	0.001	0.891	0.001
0.001	0.001	0.001	0.997
0.001	0.271	0.102	0.626
0.725	0.001	0.089	0.185
0.997	0.001	0.001	0.001
0.859	0.001	0.001	0.139
>AACAAAAGGC	7-AACAAAAGGC	8.997352	-24.085462	0	T:25.0(12.56%),B:2431.1(2.45%),P:1e-10	Tpos:289.7,Tstd:209.3,Bpos:261.7,Bstd:167.4,StrandBias:-0.2,Multiplicity:1.12
0.756	0.075	0.087	0.082
0.736	0.101	0.078	0.085
0.049	0.949	0.001	0.001
0.907	0.091	0.001	0.001
0.861	0.001	0.001	0.137
0.914	0.001	0.084	0.001
0.997	0.001	0.001	0.001
0.001	0.001	0.997	0.001
0.001	0.053	0.945	0.001
0.001	0.997	0.001	0.001
>CTGMAGTCCT	8-CTGMAGTCCT	8.935567	-23.582849	0	T:32.0(16.08%),B:4095.2(4.13%),P:1e-10	Tpos:235.2,Tstd:214.5,Bpos:259.8,Bstd:161.7,StrandBias:0.8,Multiplicity:1.03
0.249	0.749	0.001	0.001
0.181	0.001	0.001	0.817
0.116	0.001	0.882	0.001
0.513	0.366	0.120	0.001
0.816	0.001	0.001	0.182
0.001	0.167	0.539	0.293
0.001	0.001	0.141	0.857
0.178	0.820	0.001	0.001
0.001	0.703	0.001	0.295
0.218	0.049	0.001	0.732
>CCCTGTTCCC	9-CCCTGTTCCC	9.889946	-20.253303	0	T:22.0(11.06%),B:2266.0(2.29%),P:1e-8	Tpos:311.4,Tstd:238.6,Bpos:261.0,Bstd:155.9,StrandBias:1.2,Multiplicity:1.15
0.001	0.876	0.075	0.048
0.070	0.928	0.001	0.001
0.001	0.997	0.001	0.001
0.054	0.001	0.163	0.782
0.224	0.023	0.703	0.050
0.001	0.019	0.001	0.979
0.001	0.039	0.001	0.959
0.001	0.997	0.001	0.001
0.081	0.864	0.001	0.054
0.001	0.953	0.001	0.045
>TGAATTATAG	10-TGAATTATAG	10.421651	-18.774733	0	T:11.0(5.53%),B:492.6(0.50%),P:1e-8	Tpos:269.2,Tstd:153.2,Bpos:279.1,Bstd:161.9,StrandBias:0.8,Multiplicity:1.00
0.001	0.001	0.001	0.997
0.001	0.001	0.997	0.001
0.851	0.001	0.147	0.001
0.893	0.001	0.105	0.001
0.001	0.001	0.001	0.997
0.001	0.001	0.001	0.997
0.997	0.001	0.001	0.001
0.001	0.001	0.001	0.997
0.632	0.001	0.001	0.366
0.001	0.001	0.997	0.001
>TGGCACCTAA	11-TGGCACCTAA	7.800736	-18.248279	0	T:28.0(14.07%),B:4013.1(4.05%),P:1e-7	Tpos:243.3,Tstd:150.6,Bpos:260.5,Bstd:158.9,StrandBias:0.3,Multiplicity:1.12
0.001	0.001	0.001	0.997
0.156	0.129	0.646	0.069
0.177	0.073	0.707	0.043
0.080	0.855	0.064	0.001
0.805	0.079	0.042	0.074
0.107	0.819	0.036	0.038
0.061	0.835	0.079	0.025
0.073	0.062	0.061	0.804
0.838	0.038	0.075	0.049
0.706	0.073	0.114	0.107
>GGRMCAAATGGG	1-GGRMCAAATGGG	8.371033	-214.968668	0	T:122.0(61.31%),B:6104.9(6.16%),P:1e-93	Tpos:279.6,Tstd:165.8,Bpos:258.6,Bstd:161.6,StrandBias:0.3,Multiplicity:1.30
0.178	0.191	0.547	0.084
0.150	0.191	0.444	0.215
0.343	0.193	0.463	0.001
0.429	0.449	0.121	0.001
0.001	0.997	0.001	0.001
0.997	0.001	0.001	0.001
0.865	0.001	0.133	0.001
0.997	0.001	0.001	0.001
0.001	0.001	0.117	0.881
0.001	0.001	0.997	0.001
0.001	0.115	0.819	0.065
0.001	0.287	0.467	0.245
>AGCAGATGGTCA	2-AGCAGATGGTCA	7.818323	-86.560906	0	T:95.0(47.74%),B:10937.8(11.03%),P:1e-37	Tpos:185.6,Tstd:133.2,Bpos:260.2,Bstd:160.5,StrandBias:0.1,Multiplicity:1.15
0.667	0.067	0.206	0.060
0.138	0.169	0.530	0.163
0.030	0.858	0.111	0.001
0.905	0.001	0.001	0.093
0.305	0.001	0.636	0.058
0.750	0.105	0.079	0.066
0.099	0.001	0.122	0.778
0.033	0.001	0.941	0.025
0.085	0.001	0.857	0.057
0.174	0.158	0.001	0.667
0.090	0.508	0.246	0.156
0.565	0.091	0.092	0.252
>GGAAACAAATGG	3-GGAAACAAATGG	9.575855	-69.061381	0	T:44.0(22.11%),B:2170.3(2.19%),P:1e-29	Tpos:280.8,Tstd:185.4,Bpos:262.3,Bstd:162.2,StrandBias:0.5,Multiplicity:1.07
0.056	0.001	0.808	0.135
0.046	0.001	0.858	0.095
0.715	0.200	0.006	0.079
0.958	0.001	0.040	0.001
0.716	0.240	0.043	0.001
0.001	0.913	0.085	0.001
0.935	0.001	0.001	0.063
0.851	0.059	0.089	0.001
0.997	0.001	0.001	0.001
0.114	0.001	0.090	0.795
0.001	0.057	0.830	0.112
0.047	0.050	0.630	0.273
>CAACAAATGGTG	4-CAACAAATGGTG	7.545127	-53.718944	0	T:80.0(40.20%),B:11832.0(11.94%),P:1e-23	Tpos:341.1,Tstd:298.7,Bpos:260.5,Bstd:164.2,StrandBias:0.4,Multiplicity:1.05
0.041	0.703	0.223	0.033
0.712	0.093	0.072	0.123
0.837	0.070	0.092	0.001
0.088	0.806	0.082	0.024
0.952	0.046	0.001	0.001
0.721	0.087	0.159	0.033
0.858	0.062	0.001	0.079
0.096	0.001	0.192	0.711
0.119	0.057	0.757	0.067
0.130	0.191	0.594	0.085
0.117	0.079	0.114	0.690
0.085	0.062	0.666	0.187
>GCCAAATGGCCT	5-GCCAAATGGCCT	8.463612	-38.073612	0	T:42.0(21.11%),B:4376.2(4.41%),P:1e-16	Tpos:323.0,Tstd:185.2,Bpos:263.8,Bstd:163.6,StrandBias:0.7,Multiplicity:1.00
0.100	0.100	0.700	0.100
0.100	0.700	0.100	0.100
0.100	0.700	0.100	0.100
0.700	0.100	0.100	0.100
0.700	0.100	0.100	0.100
0.700	0.100	0.100	0.100
0.100	0.100	0.100	0.700
0.100	0.100	0.700	0.100
0.100	0.100	0.700	0.100
0.100	0.700	0.100	0.100
0.100	0.700	0.100	0.100
0.100	0.100	0.100	0.700
>TGAATTATAGTC	6-TGAATTATAGTC	15.322348	-28.552622	0	T:6.0(3.02%),B:13.9(0.01%),P:1e-12	Tpos:277.3,Tstd:105.1,Bpos:256.8,Bstd:114.2,StrandBias:2.3,Multiplicity:1.00
0.001	0.001	0.001	0.997
0.001	0.001	0.997	0.001
0.997	0.001	0.001	0.001
0.997	0.001	0.001	0.001
0.001	0.001	0.001	0.997
0.001	0.001	0.001	0.997
0.997	0.001	0.001	0.001
0.001	0.001	0.001	0.997
0.720	0.001	0.001	0.278
0.001	0.001	0.997	0.001
0.001	0.001	0.001	0.997
0.001	0.997	0.001	0.001
>CTTAACAGCCCT	7-CTTAACAGCCCT	14.031047	-26.015500	0	T:7.0(3.52%),B:42.3(0.04%),P:1e-11	Tpos:199.2,Tstd:113.0,Bpos:269.6,Bstd:165.5,StrandBias:-0.7,Multiplicity:1.14
0.001	0.997	0.001	0.001
0.001	0.200	0.001	0.798
0.001	0.001	0.001	0.997
0.997	0.001	0.001	0.001
0.997	0.001	0.001	0.001
0.001	0.997	0.001	0.001
0.997	0.001	0.001	0.001
0.001	0.001	0.997	0.001
0.001	0.997	0.001	0.001
0.001	0.841	0.001	0.157
0.001	0.827	0.001	0.171
0.001	0.001	0.267	0.731
>ATGTTTGTTTAA	8-ATGTTTGTTTAA	9.588995	-21.023038	0	T:21.0(10.55%),B:1967.7(1.98%),P:1e-9	Tpos:171.7,Tstd:118.7,Bpos:261.6,Bstd:162.6,StrandBias:0.3,Multiplicity:1.05
0.880	0.058	0.039	0.023
0.101	0.001	0.101	0.797
0.001	0.075	0.923	0.001
0.079	0.001	0.079	0.841
0.001	0.001	0.136	0.862
0.076	0.001	0.181	0.742
0.057	0.047	0.895	0.001
0.001	0.001	0.138	0.860
0.079	0.271	0.059	0.591
0.058	0.001	0.001	0.940
0.865	0.001	0.117	0.017
0.812	0.001	0.058	0.129
>GGTGTGAAATGT	9-GGTGTGAAATGT	10.773457	-20.373225	0	T:10.0(5.03%),B:318.4(0.32%),P:1e-8	Tpos:249.4,Tstd:106.4,Bpos:272.7,Bstd:159.8,StrandBias:2.0,Multiplicity:1.00
0.088	0.001	0.910	0.001
0.147	0.065	0.695	0.093
0.001	0.001	0.074	0.924
0.001	0.111	0.887	0.001
0.001	0.087	0.070	0.842
0.087	0.001	0.837	0.075
0.934	0.001	0.064	0.001
0.823	0.089	0.001	0.087
0.621	0.080	0.100	0.199
0.001	0.001	0.065	0.933
0.001	0.001	0.839	0.159
0.001	0.169	0.065	0.765
>GGAGGTGCSAGC	10-GGAGGTGCSAGC	9.082621	-19.643125	0	T:26.0(13.07%),B:3264.5(3.29%),P:1e-8	Tpos:285.5,Tstd:225.9,Bpos:261.5,Bstd:158.1,StrandBias:0.0,Multiplicity:1.08
0.001	0.199	0.579	0.221
0.001	0.001	0.997	0.001
0.955	0.001	0.001	0.043
0.064	0.001	0.934	0.001
0.068	0.001	0.930	0.001
0.132	0.001	0.001	0.866
0.001	0.001	0.997	0.001
0.241	0.417	0.099	0.243
0.001	0.350	0.422	0.227
0.659	0.174	0.005	0.162
0.173	0.001	0.575	0.251
0.216	0.673	0.055	0.056
>AACGGTCCCTGT	11-AACGGTCCCTGT	8.853994	-19.268160	0	T:7.0(3.52%),B:112.7(0.11%),P:1e-8	Tpos:396.1,Tstd:240.7,Bpos:261.2,Bstd:155.1,StrandBias:-0.4,Multiplicity:1.00
0.997	0.001	0.001	0.001
0.997	0.001	0.001	0.001
0.001	0.626	0.001	0.372
0.001	0.001	0.815	0.183
0.001	0.001	0.997	0.001
0.001	0.001	0.001	0.997
0.001	0.997	0.001	0.001
0.001	0.997	0.001	0.001
0.313	0.685	0.001	0.001
0.001	0.001	0.001	0.997
0.001	0.001	0.997	0.001
0.001	0.001	0.001	0.997
>TATCTCTTCCTG	12-TATCTCTTCCTG	13.349843	-19.207629	0	T:7.0(3.52%),B:113.2(0.11%),P:1e-8	Tpos:264.8,Tstd:125.8,Bpos:287.7,Bstd:150.2,StrandBias:1.0,Multiplicity:1.29
0.001	0.001	0.001	0.997
0.845	0.001	0.153	0.001
0.001	0.001	0.001	0.997
0.001	0.997	0.001	0.001
0.001	0.252	0.001	0.746
0.001	0.997	0.001	0.001
0.001	0.001	0.001	0.997
0.001	0.001	0.001	0.997
0.001	0.997	0.001	0.001
0.001	0.997	0.001	0.001
0.001	0.001	0.001	0.997
0.001	0.001	0.997	0.001
>AGTCTTTTAGAG	13-AGTCTTTTAGAG	9.402505	-18.097296	0	T:18.0(9.05%),B:1694.7(1.71%),P:1e-7	Tpos:272.2,Tstd:196.2,Bpos:263.1,Bstd:155.6,StrandBias:0.7,Multiplicity:1.00
0.819	0.001	0.179	0.001
0.001	0.001	0.997	0.001
0.001	0.001	0.001	0.997
0.199	0.676	0.008	0.117
0.001	0.001	0.001	0.997
0.001	0.150	0.180	0.669
0.001	0.001	0.001	0.997
0.159	0.162	0.001	0.678
0.845	0.153	0.001	0.001
0.271	0.001	0.519	0.209
0.837	0.001	0.001	0.161
0.001	0.001	0.997	0.001
>CCATTTGCTCTG	14-CCATTTGCTCTG	8.463612	-15.648229	0	T:40.0(20.10%),B:8246.1(8.32%),P:1e-6	Tpos:275.6,Tstd:162.0,Bpos:260.3,Bstd:165.3,StrandBias:0.1,Multiplicity:1.04
0.100	0.700	0.100	0.100
0.100	0.700	0.100	0.100
0.700	0.100	0.100	0.100
0.100	0.100	0.100	0.700
0.100	0.100	0.100	0.700
0.100	0.100	0.100	0.700
0.100	0.100	0.700	0.100
0.100	0.700	0.100	0.100
0.100	0.100	0.100	0.700
0.100	0.700	0.100	0.100
0.100	0.100	0.100	0.700
0.100	0.100	0.700	0.100
>AGGCAGCAGGCA	15-AGGCAGCAGGCA	10.206050	-15.305205	0	T:18.0(9.05%),B:2047.5(2.07%),P:1e-6	Tpos:249.5,Tstd:217.9,Bpos:261.1,Bstd:161.5,StrandBias:-0.5,Multiplicity:1.06
0.823	0.001	0.064	0.112
0.001	0.117	0.881	0.001
0.054	0.003	0.821	0.122
0.040	0.902	0.057	0.001
0.774	0.001	0.117	0.108
0.084	0.181	0.734	0.001
0.001	0.845	0.036	0.118
0.893	0.054	0.004	0.049
0.087	0.001	0.854	0.058
0.133	0.057	0.661	0.149
0.001	0.876	0.053	0.070
0.950	0.001	0.001	0.048
>CTCTGCAGAGGT	16-CTCTGCAGAGGT	11.716568	-15.246385	0	T:10.0(5.03%),B:553.8(0.56%),P:1e-6	Tpos:241.0,Tstd:140.7,Bpos:270.2,Bstd:158.8,StrandBias:-0.2,Multiplicity:1.00
0.003	0.855	0.001	0.141
0.076	0.070	0.001	0.853
0.001	0.852	0.146	0.001
0.001	0.001	0.001	0.997
0.005	0.131	0.729	0.135
0.150	0.622	0.148	0.080
0.997	0.001	0.001	0.001
0.062	0.001	0.936	0.001
0.997	0.001	0.001	0.001
0.001	0.001	0.865	0.133
0.072	0.063	0.864	0.001
0.202	0.275	0.082	0.441
>CAAATGGY	1-CAAATGGY	9.217813	-217.583130	0	T:123.0(61.81%),B:6134.1(6.19%),P:1e-94	Tpos:275.8,Tstd:167.9,Bpos:262.8,Bstd:164.8,StrandBias:0.3,Multiplicity:1.20
0.001	0.997	0.001	0.001
0.997	0.001	0.001	0.001
0.997	0.001	0.001	0.001
0.997	0.001	0.001	0.001
0.001	0.001	0.001	0.997
0.001	0.001	0.997	0.001
0.001	0.001	0.997	0.001
0.001	0.364	0.157	0.479
>RRCAAATG	2-RRCAAATG	7.530521	-169.513452	0	T:166.0(83.42%),B:22253.6(22.45%),P:1e-73	Tpos:278.0,Tstd:203.4,Bpos:261.2,Bstd:165.2,StrandBias:0.6,Multiplicity:1.40
0.466	0.001	0.532	0.001
0.433	0.280	0.285	0.001
0.181	0.817	0.001	0.001
0.946	0.001	0.030	0.023
0.744	0.001	0.252	0.003
0.969	0.029	0.001	0.001
0.001	0.001	0.001	0.997
0.001	0.001	0.997	0.001
>TTTCGCAC	3-TTTCGCAC	6.519286	-39.712951	0	T:70.0(35.18%),B:11604.9(11.71%),P:1e-17	Tpos:278.7,Tstd:180.8,Bpos:262.6,Bstd:167.0,StrandBias:-0.6,Multiplicity:1.21
0.135	0.215	0.068	0.582
0.081	0.064	0.049	0.806
0.055	0.023	0.021	0.901
0.081	0.738	0.127	0.054
0.287	0.058	0.532	0.123
0.043	0.819	0.071	0.067
0.943	0.017	0.010	0.030
0.101	0.691	0.098	0.110
>TTGGCACC	4-TTGGCACC	6.614898	-27.217949	0	T:70.0(35.18%),B:14849.9(14.98%),P:1e-11	Tpos:303.3,Tstd:219.9,Bpos:263.6,Bstd:165.5,StrandBias:0.2,Multiplicity:1.11
0.077	0.115	0.069	0.739
0.099	0.042	0.022	0.837
0.204	0.140	0.540	0.116
0.120	0.187	0.517	0.176
0.010	0.897	0.039	0.054
0.818	0.075	0.026	0.081
0.080	0.869	0.032	0.019
0.018	0.804	0.051	0.127
>AGTCATAC	5-AGTCATAC	7.001016	-18.100718	0	T:51.0(25.63%),B:11162.3(11.26%),P:1e-7	Tpos:289.3,Tstd:244.5,Bpos:260.1,Bstd:160.7,StrandBias:-0.1,Multiplicity:1.14
0.935	0.063	0.001	0.001
0.001	0.048	0.926	0.025
0.001	0.001	0.054	0.944
0.001	0.941	0.037	0.021
0.976	0.001	0.001	0.022
0.339	0.001	0.026	0.634
0.776	0.001	0.167	0.056
0.076	0.875	0.048	0.001
>GGMTGTAA	6-GGMTGTAA	7.271800	-16.789854	0	T:57.0(28.64%),B:13792.5(13.91%),P:1e-7	Tpos:272.7,Tstd:194.9,Bpos:262.3,Bstd:164.2,StrandBias:-0.0,Multiplicity:1.21
0.023	0.176	0.800	0.001
0.001	0.001	0.996	0.002
0.419	0.384	0.195	0.001
0.001	0.001	0.001	0.997
0.077	0.060	0.862	0.001
0.225	0.001	0.001	0.773
0.736	0.001	0.001	0.262
0.812	0.001	0.001	0.186
>TTTCCCAC	7-TTTCCCAC	9.469835	-14.084035	0	T:37.0(18.59%),B:7756.6(7.82%),P:1e-6	Tpos:342.5,Tstd:208.7,Bpos:261.8,Bstd:161.7,StrandBias:0.5,Multiplicity:1.05
0.001	0.001	0.001	0.997
0.001	0.001	0.001	0.997
0.001	0.001	0.001	0.997
0.001	0.997	0.001	0.001
0.001	0.997	0.001	0.001
0.001	0.997	0.001	0.001
0.997	0.001	0.001	0.001
0.167	0.630	0.202	0.001
>AGCAAARG	8-AGCAAARG	9.060636	-13.440287	0	T:34.0(17.09%),B:6977.1(7.04%),P:1e-5	Tpos:271.1,Tstd:200.5,Bpos:261.5,Bstd:166.8,StrandBias:0.3,Multiplicity:1.06
0.997	0.001	0.001	0.001
0.150	0.001	0.848	0.001
0.001	0.997	0.001	0.001
0.912	0.001	0.086	0.001
0.997	0.001	0.001	0.001
0.891	0.107	0.001	0.001
0.346	0.187	0.466	0.001
0.001	0.250	0.556	0.193
