>ACCATTTGKT	1-ACCATTTGKT,BestGuess:Mesp1(bHLH)/ESC-Mesp1-ChIP-Seq(GSE165102)/Homer(0.992)	8.292017	-245.981181	0	T:131.0(65.83%),B:6032.4(6.09%),P:1e-106
0.597	0.082	0.256	0.065
0.011	0.930	0.058	0.001
0.040	0.958	0.001	0.001
0.975	0.015	0.001	0.009
0.022	0.048	0.010	0.920
0.013	0.040	0.001	0.946
0.014	0.001	0.001	0.984
0.015	0.009	0.975	0.001
0.046	0.200	0.381	0.373
0.060	0.370	0.049	0.521
>TTTCGCAC	3-TTTCGCAC,BestGuess:tbx-37/MA2185.1/Jaspar(0.879)	6.519286	-39.712951	0	T:70.0(35.18%),B:11604.9(11.71%),P:1e-17
0.135	0.215	0.068	0.582
0.081	0.064	0.049	0.806
0.055	0.023	0.021	0.901
0.081	0.738	0.127	0.054
0.287	0.058	0.532	0.123
0.043	0.819	0.071	0.067
0.943	0.017	0.010	0.030
0.101	0.691	0.098	0.110
>ACTTAACACC	5-ACTTAACACC,BestGuess:Eomes(T-box)/H9-Eomes-ChIP-Seq(GSE26097)/Homer(0.794)	6.913392	-31.440008	0	T:67.0(33.67%),B:12619.8(12.73%),P:1e-13
0.672	0.173	0.126	0.029
0.038	0.841	0.045	0.076
0.079	0.021	0.001	0.899
0.003	0.099	0.029	0.869
0.749	0.001	0.249	0.001
0.705	0.001	0.141	0.153
0.025	0.935	0.039	0.001
0.607	0.198	0.083	0.112
0.001	0.826	0.172	0.001
0.070	0.900	0.001	0.029
>TGAATTATAGTC	6-TGAATTATAGTC,BestGuess:LMI1(HB)/colamp-LMI1-DAP-Seq(GSE60143)/Homer(0.707)	15.322348	-28.552622	0	T:6.0(3.02%),B:13.9(0.01%),P:1e-12
0.001	0.001	0.001	0.997
0.001	0.001	0.997	0.001
0.997	0.001	0.001	0.001
0.997	0.001	0.001	0.001
0.001	0.001	0.001	0.997
0.001	0.001	0.001	0.997
0.997	0.001	0.001	0.001
0.001	0.001	0.001	0.997
0.720	0.001	0.001	0.278
0.001	0.001	0.997	0.001
0.001	0.001	0.001	0.997
0.001	0.997	0.001	0.001
>GTTTGTTAAA	6-GTTTGTTAAA,BestGuess:CG11617/dmmpmm(Noyes_hd)/fly(0.785)	9.503411	-25.853943	0	T:23.0(11.56%),B:1856.7(1.87%),P:1e-11
0.001	0.098	0.900	0.001
0.001	0.120	0.001	0.878
0.001	0.001	0.001	0.997
0.001	0.001	0.001	0.997
0.107	0.001	0.891	0.001
0.001	0.001	0.001	0.997
0.001	0.271	0.102	0.626
0.725	0.001	0.089	0.185
0.997	0.001	0.001	0.001
0.859	0.001	0.001	0.139
>CTGMAGTCCT	8-CTGMAGTCCT,BestGuess:TEAD1(TEAD)/HepG2-TEAD1-ChIP-Seq(Encode)/Homer(0.691)	8.935567	-23.582849	0	T:32.0(16.08%),B:4095.2(4.13%),P:1e-10
0.249	0.749	0.001	0.001
0.181	0.001	0.001	0.817
0.116	0.001	0.882	0.001
0.513	0.366	0.120	0.001
0.816	0.001	0.001	0.182
0.001	0.167	0.539	0.293
0.001	0.001	0.141	0.857
0.178	0.820	0.001	0.001
0.001	0.703	0.001	0.295
0.218	0.049	0.001	0.732
>CCCTGTTCCC	9-CCCTGTTCCC,BestGuess:ZNF189/MA1725.2/Jaspar(0.742)	9.889946	-20.253303	0	T:22.0(11.06%),B:2266.0(2.29%),P:1e-8
0.001	0.876	0.075	0.048
0.070	0.928	0.001	0.001
0.001	0.997	0.001	0.001
0.054	0.001	0.163	0.782
0.224	0.023	0.703	0.050
0.001	0.019	0.001	0.979
0.001	0.039	0.001	0.959
0.001	0.997	0.001	0.001
0.081	0.864	0.001	0.054
0.001	0.953	0.001	0.045
>GGAGGTGCSAGC	10-GGAGGTGCSAGC,BestGuess:Tbx5(T-box)/HL1-Tbx5.biotin-ChIP-Seq(GSE21529)/Homer(0.805)	9.082621	-19.643125	0	T:26.0(13.07%),B:3264.5(3.29%),P:1e-8
0.001	0.199	0.579	0.221
0.001	0.001	0.997	0.001
0.955	0.001	0.001	0.043
0.064	0.001	0.934	0.001
0.068	0.001	0.930	0.001
0.132	0.001	0.001	0.866
0.001	0.001	0.997	0.001
0.241	0.417	0.099	0.243
0.001	0.350	0.422	0.227
0.659	0.174	0.005	0.162
0.173	0.001	0.575	0.251
0.216	0.673	0.055	0.056
>AACGGTCCCTGT	11-AACGGTCCCTGT,BestGuess:MYB3R1/MA1178.3/Jaspar(0.680)	8.853994	-19.268160	0	T:7.0(3.52%),B:112.7(0.11%),P:1e-8
0.997	0.001	0.001	0.001
0.997	0.001	0.001	0.001
0.001	0.626	0.001	0.372
0.001	0.001	0.815	0.183
0.001	0.001	0.997	0.001
0.001	0.001	0.001	0.997
0.001	0.997	0.001	0.001
0.001	0.997	0.001	0.001
0.313	0.685	0.001	0.001
0.001	0.001	0.001	0.997
0.001	0.001	0.997	0.001
0.001	0.001	0.001	0.997
>TATCTCTTCCTG	12-TATCTCTTCCTG,BestGuess:Ikzf3/MA1992.2/Jaspar(0.790)	13.349843	-19.207629	0	T:7.0(3.52%),B:113.2(0.11%),P:1e-8
0.001	0.001	0.001	0.997
0.845	0.001	0.153	0.001
0.001	0.001	0.001	0.997
0.001	0.997	0.001	0.001
0.001	0.252	0.001	0.746
0.001	0.997	0.001	0.001
0.001	0.001	0.001	0.997
0.001	0.001	0.001	0.997
0.001	0.997	0.001	0.001
0.001	0.997	0.001	0.001
0.001	0.001	0.001	0.997
0.001	0.001	0.997	0.001
>AGTCATAC	5-AGTCATAC,BestGuess:ASH1/Literature(Harbison)/Yeast(0.812)	7.001016	-18.100718	0	T:51.0(25.63%),B:11162.3(11.26%),P:1e-7
0.935	0.063	0.001	0.001
0.001	0.048	0.926	0.025
0.001	0.001	0.054	0.944
0.001	0.941	0.037	0.021
0.976	0.001	0.001	0.022
0.339	0.001	0.026	0.634
0.776	0.001	0.167	0.056
0.076	0.875	0.048	0.001
>GGMTGTAA	6-GGMTGTAA,BestGuess:Rhox11/MA0629.2/Jaspar(0.826)	7.271800	-16.789854	0	T:57.0(28.64%),B:13792.5(13.91%),P:1e-7
0.023	0.176	0.800	0.001
0.001	0.001	0.996	0.002
0.419	0.384	0.195	0.001
0.001	0.001	0.001	0.997
0.077	0.060	0.862	0.001
0.225	0.001	0.001	0.773
0.736	0.001	0.001	0.262
0.812	0.001	0.001	0.186
>AGGCAGCAGGCA	15-AGGCAGCAGGCA,BestGuess:Zic3/MA0697.3/Jaspar(0.718)	10.206050	-15.305205	0	T:18.0(9.05%),B:2047.5(2.07%),P:1e-6
0.823	0.001	0.064	0.112
0.001	0.117	0.881	0.001
0.054	0.003	0.821	0.122
0.040	0.902	0.057	0.001
0.774	0.001	0.117	0.108
0.084	0.181	0.734	0.001
0.001	0.845	0.036	0.118
0.893	0.054	0.004	0.049
0.087	0.001	0.854	0.058
0.133	0.057	0.661	0.149
0.001	0.876	0.053	0.070
0.950	0.001	0.001	0.048
>CTCTGCAGAGGT	16-CTCTGCAGAGGT,BestGuess:ZNF331/MA1726.2/Jaspar(0.645)	11.716568	-15.246385	0	T:10.0(5.03%),B:553.8(0.56%),P:1e-6
0.003	0.855	0.001	0.141
0.076	0.070	0.001	0.853
0.001	0.852	0.146	0.001
0.001	0.001	0.001	0.997
0.005	0.131	0.729	0.135
0.150	0.622	0.148	0.080
0.997	0.001	0.001	0.001
0.062	0.001	0.936	0.001
0.997	0.001	0.001	0.001
0.001	0.001	0.865	0.133
0.072	0.063	0.864	0.001
0.202	0.275	0.082	0.441
