>GCCATHTGGYYY	1-GCCATHTGGYYY	8.354945	-247.770454	0	T:258.0(51.60%),B:5613.6(11.33%),P:1e-107	Tpos:454.4,Tstd:267.8,Bpos:442.8,Bstd:262.5,StrandBias:0.0,Multiplicity:1.33
0.295	0.109	0.468	0.128
0.132	0.738	0.129	0.001
0.001	0.997	0.001	0.001
0.997	0.001	0.001	0.001
0.161	0.065	0.161	0.613
0.353	0.275	0.027	0.346
0.001	0.001	0.001	0.997
0.001	0.001	0.997	0.001
0.001	0.167	0.557	0.275
0.001	0.478	0.029	0.492
0.104	0.416	0.053	0.427
0.148	0.359	0.157	0.336
>GCCATCAATCAC	2-GCCATCAATCAC	7.195607	-107.824206	0	T:239.0(47.80%),B:9465.0(19.11%),P:1e-46	Tpos:464.4,Tstd:288.5,Bpos:443.9,Bstd:267.1,StrandBias:0.2,Multiplicity:1.27
0.108	0.091	0.628	0.173
0.090	0.699	0.108	0.103
0.076	0.818	0.045	0.061
0.836	0.072	0.016	0.076
0.057	0.072	0.072	0.799
0.047	0.784	0.069	0.100
0.699	0.175	0.034	0.092
0.696	0.078	0.151	0.075
0.130	0.054	0.038	0.778
0.041	0.848	0.042	0.069
0.759	0.070	0.026	0.145
0.100	0.656	0.151	0.093
>ACATTTGTCACC	3-ACATTTGTCACC	6.786444	-69.747813	0	T:294.0(58.80%),B:16584.5(33.49%),P:1e-30	Tpos:491.7,Tstd:313.5,Bpos:441.3,Bstd:267.6,StrandBias:0.0,Multiplicity:1.35
0.699	0.149	0.095	0.057
0.014	0.759	0.155	0.072
0.773	0.117	0.038	0.072
0.037	0.088	0.115	0.760
0.104	0.200	0.130	0.566
0.023	0.001	0.027	0.949
0.079	0.037	0.870	0.014
0.099	0.095	0.101	0.705
0.052	0.821	0.050	0.077
0.767	0.147	0.012	0.074
0.078	0.691	0.144	0.087
0.164	0.641	0.025	0.170
>AGTGATCAATCA	4-AGTGATCAATCA	7.243877	-49.284835	0	T:139.0(27.80%),B:5868.3(11.85%),P:1e-21	Tpos:504.1,Tstd:285.9,Bpos:437.3,Bstd:263.5,StrandBias:-0.1,Multiplicity:1.15
0.796	0.031	0.088	0.085
0.140	0.090	0.672	0.098
0.114	0.066	0.061	0.759
0.078	0.139	0.746	0.037
0.743	0.076	0.092	0.089
0.102	0.057	0.082	0.759
0.116	0.693	0.124	0.067
0.727	0.106	0.080	0.087
0.740	0.098	0.063	0.099
0.109	0.052	0.089	0.750
0.081	0.788	0.072	0.059
0.828	0.053	0.008	0.111
>GTCACTTCAAAG	5-GTCACTTCAAAG	10.332921	-47.285503	0	T:48.0(9.60%),B:854.9(1.73%),P:1e-20	Tpos:438.6,Tstd:352.9,Bpos:440.0,Bstd:263.7,StrandBias:-0.1,Multiplicity:1.04
0.068	0.125	0.515	0.292
0.188	0.043	0.046	0.723
0.001	0.754	0.213	0.032
0.602	0.049	0.001	0.348
0.001	0.934	0.001	0.064
0.049	0.039	0.001	0.911
0.001	0.033	0.001	0.965
0.053	0.698	0.001	0.248
0.889	0.001	0.069	0.041
0.929	0.024	0.046	0.001
0.997	0.001	0.001	0.001
0.062	0.001	0.936	0.001
>ATGAYGGATGAG	6-ATGAYGGATGAG	10.631735	-41.360160	0	T:36.0(7.20%),B:532.6(1.08%),P:1e-17	Tpos:401.8,Tstd:234.4,Bpos:425.8,Bstd:257.8,StrandBias:0.8,Multiplicity:1.00
0.859	0.030	0.110	0.001
0.215	0.001	0.057	0.727
0.033	0.001	0.884	0.082
0.915	0.001	0.083	0.001
0.079	0.466	0.117	0.338
0.216	0.055	0.655	0.074
0.042	0.001	0.956	0.001
0.919	0.022	0.058	0.001
0.015	0.001	0.108	0.876
0.032	0.001	0.966	0.001
0.862	0.055	0.001	0.082
0.074	0.001	0.923	0.002
>AAGATTAATGGG	7-AAGATTAATGGG	9.464872	-35.684147	0	T:43.0(8.60%),B:926.6(1.87%),P:1e-15	Tpos:484.4,Tstd:236.3,Bpos:434.1,Bstd:259.4,StrandBias:-0.3,Multiplicity:1.03
0.819	0.080	0.062	0.039
0.909	0.001	0.001	0.089
0.072	0.001	0.874	0.053
0.857	0.114	0.001	0.028
0.001	0.053	0.151	0.795
0.048	0.001	0.129	0.822
0.866	0.106	0.027	0.001
0.889	0.001	0.048	0.062
0.001	0.062	0.072	0.865
0.101	0.039	0.859	0.001
0.162	0.062	0.605	0.171
0.043	0.101	0.855	0.001
>GAGCAGCTGTTT	8-GAGCAGCTGTTT	7.385685	-35.516410	0	T:159.0(31.80%),B:8399.1(16.96%),P:1e-15	Tpos:511.0,Tstd:346.1,Bpos:443.5,Bstd:269.6,StrandBias:0.5,Multiplicity:1.21
0.109	0.118	0.683	0.090
0.767	0.056	0.091	0.086
0.080	0.108	0.739	0.073
0.089	0.736	0.111	0.064
0.825	0.042	0.053	0.080
0.101	0.071	0.730	0.098
0.131	0.666	0.109	0.094
0.107	0.057	0.038	0.798
0.069	0.053	0.787	0.091
0.033	0.075	0.073	0.819
0.059	0.092	0.094	0.755
0.084	0.087	0.133	0.696
>AAGGGTGTGAAA	9-AAGGGTGTGAAA	9.153206	-32.645299	0	T:66.0(13.20%),B:2205.8(4.45%),P:1e-14	Tpos:434.5,Tstd:301.3,Bpos:451.5,Bstd:258.6,StrandBias:0.6,Multiplicity:1.05
0.728	0.129	0.117	0.026
0.892	0.001	0.045	0.062
0.001	0.136	0.811	0.052
0.047	0.061	0.891	0.001
0.140	0.082	0.777	0.001
0.057	0.001	0.033	0.909
0.018	0.046	0.915	0.021
0.082	0.001	0.122	0.795
0.048	0.110	0.814	0.028
0.889	0.045	0.021	0.045
0.806	0.137	0.018	0.039
0.784	0.071	0.120	0.025
>TGAGGTGTGAAA	10-TGAGGTGTGAAA	8.644681	-30.838641	0	T:78.0(15.60%),B:3020.9(6.10%),P:1e-13	Tpos:486.9,Tstd:274.9,Bpos:438.5,Bstd:264.8,StrandBias:-0.0,Multiplicity:1.18
0.143	0.104	0.056	0.697
0.079	0.001	0.841	0.079
0.893	0.001	0.093	0.013
0.001	0.001	0.934	0.064
0.001	0.109	0.889	0.001
0.079	0.162	0.001	0.758
0.001	0.059	0.927	0.013
0.054	0.001	0.032	0.913
0.001	0.219	0.779	0.001
0.945	0.053	0.001	0.001
0.705	0.054	0.152	0.089
0.738	0.168	0.093	0.001
>TCAAAGTGTCAG	11-TCAAAGTGTCAG	7.301647	-26.702021	0	T:149.0(29.80%),B:8500.3(17.16%),P:1e-11	Tpos:472.8,Tstd:312.4,Bpos:442.0,Bstd:267.3,StrandBias:-0.1,Multiplicity:1.17
0.105	0.119	0.151	0.625
0.084	0.704	0.120	0.092
0.731	0.090	0.066	0.113
0.754	0.092	0.094	0.060
0.789	0.039	0.106	0.066
0.078	0.105	0.732	0.085
0.072	0.066	0.074	0.788
0.062	0.107	0.764	0.067
0.083	0.058	0.089	0.770
0.077	0.780	0.073	0.070
0.867	0.028	0.037	0.068
0.082	0.125	0.700	0.093
>TTTCTTTGAAGC	12-TTTCTTTGAAGC	10.516122	-22.385648	0	T:29.0(5.80%),B:683.3(1.38%),P:1e-9	Tpos:393.6,Tstd:264.7,Bpos:445.2,Bstd:266.9,StrandBias:-0.6,Multiplicity:1.04
0.180	0.068	0.029	0.723
0.099	0.001	0.137	0.763
0.069	0.036	0.075	0.820
0.001	0.997	0.001	0.001
0.133	0.024	0.001	0.842
0.060	0.129	0.077	0.734
0.001	0.001	0.142	0.856
0.140	0.059	0.699	0.102
0.972	0.026	0.001	0.001
0.859	0.001	0.032	0.108
0.025	0.001	0.973	0.001
0.064	0.775	0.100	0.061
>TTCTCCGCTCAG	13-TTCTCCGCTCAG	10.422474	-22.237063	0	T:34.0(6.80%),B:926.1(1.87%),P:1e-9	Tpos:453.4,Tstd:290.6,Bpos:422.8,Bstd:268.5,StrandBias:-0.6,Multiplicity:1.00
0.173	0.001	0.001	0.825
0.182	0.320	0.001	0.497
0.001	0.900	0.098	0.001
0.001	0.001	0.011	0.987
0.001	0.997	0.001	0.001
0.240	0.758	0.001	0.001
0.071	0.267	0.607	0.055
0.265	0.650	0.084	0.001
0.001	0.103	0.174	0.722
0.001	0.880	0.118	0.001
0.997	0.001	0.001	0.001
0.001	0.001	0.997	0.001
>GGTGTAAATGAC	14-GGTGTAAATGAC	7.757295	-20.600896	0	T:81.0(16.20%),B:3952.5(7.98%),P:1e-8	Tpos:460.7,Tstd:313.5,Bpos:444.9,Bstd:263.6,StrandBias:-0.1,Multiplicity:1.05
0.068	0.018	0.840	0.074
0.120	0.085	0.677	0.118
0.179	0.049	0.132	0.640
0.108	0.098	0.703	0.091
0.063	0.098	0.122	0.717
0.715	0.137	0.075	0.073
0.876	0.055	0.045	0.024
0.709	0.054	0.158	0.079
0.039	0.023	0.088	0.850
0.068	0.069	0.799	0.064
0.772	0.065	0.108	0.055
0.120	0.703	0.123	0.054
>YCCTGTCMYCTG	15-YCCTGTCMYCTG	9.622180	-13.214134	0	T:90.0(18.00%),B:5421.9(10.95%),P:1e-5	Tpos:451.9,Tstd:305.6,Bpos:441.8,Bstd:264.6,StrandBias:-0.6,Multiplicity:1.16
0.001	0.429	0.001	0.569
0.017	0.798	0.153	0.032
0.086	0.648	0.001	0.265
0.027	0.001	0.001	0.971
0.001	0.073	0.767	0.159
0.001	0.262	0.127	0.610
0.144	0.628	0.001	0.227
0.540	0.458	0.001	0.001
0.001	0.467	0.001	0.531
0.001	0.944	0.020	0.035
0.027	0.019	0.001	0.953
0.001	0.161	0.651	0.187
>AGGGCMTRAGCT	16-AGGGCMTRAGCT	12.909663	-12.218820	0	T:8.0(1.60%),B:90.5(0.18%),P:1e-5	Tpos:403.6,Tstd:288.0,Bpos:477.2,Bstd:288.6,StrandBias:0.0,Multiplicity:1.25
0.997	0.001	0.001	0.001
0.001	0.001	0.997	0.001
0.001	0.001	0.997	0.001
0.001	0.001	0.997	0.001
0.001	0.997	0.001	0.001
0.356	0.505	0.138	0.001
0.001	0.001	0.001	0.997
0.504	0.001	0.494	0.001
0.997	0.001	0.001	0.001
0.093	0.001	0.905	0.001
0.001	0.997	0.001	0.001
0.001	0.400	0.001	0.598
>TGCTCCCTGCTC	17-TGCTCCCTGCTC	7.835584	-9.047935	0	T:168.0(33.60%),B:12924.9(26.10%),P:1e-3	Tpos:493.0,Tstd:405.4,Bpos:439.0,Bstd:266.7,StrandBias:0.1,Multiplicity:1.12
0.001	0.001	0.001	0.997
0.091	0.125	0.665	0.119
0.074	0.721	0.096	0.109
0.071	0.072	0.051	0.806
0.074	0.694	0.096	0.136
0.112	0.714	0.018	0.156
0.060	0.816	0.046	0.078
0.103	0.038	0.075	0.784
0.064	0.134	0.672	0.130
0.068	0.772	0.075	0.085
0.172	0.069	0.061	0.698
0.092	0.657	0.131	0.120
>AGGCAGGGTCCT	18-AGGCAGGGTCCT	14.806714	-7.048465	0	T:3.0(0.60%),B:18.9(0.04%),P:1e-3	Tpos:456.2,Tstd:127.2,Bpos:577.1,Bstd:293.4,StrandBias:1.6,Multiplicity:2.67
0.997	0.001	0.001	0.001
0.001	0.001	0.997	0.001
0.001	0.001	0.997	0.001
0.001	0.997	0.001	0.001
0.997	0.001	0.001	0.001
0.001	0.001	0.997	0.001
0.001	0.166	0.832	0.001
0.001	0.001	0.997	0.001
0.001	0.001	0.001	0.997
0.001	0.997	0.001	0.001
0.001	0.997	0.001	0.001
0.001	0.001	0.001	0.997
>GCTGGCTGGCTG	19-GCTGGCTGGCTG	13.082342	-6.330343	0	T:9.0(1.80%),B:266.9(0.54%),P:1e-2	Tpos:300.6,Tstd:297.4,Bpos:427.2,Bstd:258.5,StrandBias:0.8,Multiplicity:1.00
0.001	0.038	0.960	0.001
0.001	0.997	0.001	0.001
0.001	0.001	0.001	0.997
0.001	0.001	0.997	0.001
0.001	0.001	0.997	0.001
0.091	0.907	0.001	0.001
0.001	0.001	0.001	0.997
0.001	0.001	0.997	0.001
0.001	0.081	0.917	0.001
0.001	0.928	0.001	0.070
0.001	0.001	0.001	0.997
0.001	0.001	0.997	0.001
>AGGTGTCCCTCC	20-AGGTGTCCCTCC	14.482218	-5.797372	0	T:3.0(0.60%),B:28.7(0.06%),P:1e-2	Tpos:384.6,Tstd:129.0,Bpos:445.7,Bstd:310.0,StrandBias:3.3,Multiplicity:3.67
0.997	0.001	0.001	0.001
0.001	0.001	0.997	0.001
0.001	0.001	0.997	0.001
0.001	0.001	0.001	0.997
0.120	0.001	0.878	0.001
0.001	0.001	0.001	0.997
0.001	0.997	0.001	0.001
0.001	0.997	0.001	0.001
0.001	0.997	0.001	0.001
0.001	0.001	0.001	0.997
0.001	0.997	0.001	0.001
0.001	0.997	0.001	0.001
>TCACCTGACTGA	21-TCACCTGACTGA	16.237641	-5.552098	0	T:2.0(0.40%),B:9.0(0.02%),P:1e-2	Tpos:334.8,Tstd:62.9,Bpos:547.3,Bstd:242.4,StrandBias:-1.6,Multiplicity:2.00
0.001	0.001	0.001	0.997
0.001	0.997	0.001	0.001
0.832	0.001	0.001	0.166
0.001	0.997	0.001	0.001
0.001	0.997	0.001	0.001
0.001	0.001	0.001	0.997
0.001	0.001	0.997	0.001
0.997	0.001	0.001	0.001
0.001	0.997	0.001	0.001
0.001	0.001	0.001	0.997
0.001	0.001	0.832	0.166
0.997	0.001	0.001	0.001
>CTACACCCTACA	22-CTACACCCTACA	15.231271	-5.348027	0	T:2.0(0.40%),B:10.5(0.02%),P:1e-2	Tpos:417.2,Tstd:265.1,Bpos:413.3,Bstd:291.3,StrandBias:10.0,Multiplicity:5.00
0.001	0.997	0.001	0.001
0.001	0.001	0.001	0.997
0.997	0.001	0.001	0.001
0.001	0.997	0.001	0.001
0.997	0.001	0.001	0.001
0.001	0.997	0.001	0.001
0.001	0.699	0.001	0.299
0.001	0.636	0.001	0.362
0.001	0.001	0.001	0.997
0.997	0.001	0.001	0.001
0.001	0.997	0.001	0.001
0.997	0.001	0.001	0.001
>CTACACTTTACA	23-CTACACTTTACA	12.355432	-4.600679	0	T:1.0(0.20%),B:1.9(0.00%),P:1e-1	Tpos:451.2,Tstd:78.7,Bpos:491.1,Bstd:288.9,StrandBias:10.0,Multiplicity:4.00
0.100	0.700	0.100	0.100
0.100	0.100	0.100	0.700
0.700	0.100	0.100	0.100
0.100	0.700	0.100	0.100
0.700	0.100	0.100	0.100
0.100	0.700	0.100	0.100
0.100	0.100	0.100	0.700
0.100	0.100	0.100	0.700
0.100	0.100	0.100	0.700
0.700	0.100	0.100	0.100
0.100	0.700	0.100	0.100
0.700	0.100	0.100	0.100
>GCTCCCTGCTCC	24-GCTCCCTGCTCC	6.517702	-3.591572	0	T:408.0(81.60%),B:38630.7(78.00%),P:1e-1	Tpos:495.2,Tstd:317.2,Bpos:440.7,Bstd:266.8,StrandBias:0.1,Multiplicity:2.42
0.100	0.100	0.700	0.100
0.100	0.700	0.100	0.100
0.100	0.100	0.100	0.700
0.100	0.700	0.100	0.100
0.100	0.700	0.100	0.100
0.100	0.700	0.100	0.100
0.100	0.100	0.100	0.700
0.100	0.100	0.700	0.100
0.100	0.700	0.100	0.100
0.100	0.100	0.100	0.700
0.100	0.700	0.100	0.100
0.100	0.700	0.100	0.100
>CTGACCATCAGA	25-CTGACCATCAGA	12.355432	-2.556237	0	T:1.0(0.20%),B:8.2(0.02%),P:1e-1	Tpos:493.5,Tstd:48.4,Bpos:421.6,Bstd:294.1,StrandBias:10.0,Multiplicity:4.00
0.100	0.700	0.100	0.100
0.100	0.100	0.100	0.700
0.100	0.100	0.700	0.100
0.700	0.100	0.100	0.100
0.100	0.700	0.100	0.100
0.100	0.700	0.100	0.100
0.700	0.100	0.100	0.100
0.100	0.100	0.100	0.700
0.100	0.700	0.100	0.100
0.700	0.100	0.100	0.100
0.100	0.100	0.700	0.100
0.700	0.100	0.100	0.100
