>GCCATATG	1-GCCATATG	6.910541	-151.058810	0	T:349.0(69.80%),B:15939.9(32.18%),P:1e-65	Tpos:461.3,Tstd:286.5,Bpos:441.5,Bstd:263.6,StrandBias:0.1,Multiplicity:1.58
0.236	0.123	0.531	0.110
0.337	0.647	0.015	0.001
0.049	0.939	0.010	0.002
0.934	0.006	0.021	0.039
0.260	0.012	0.151	0.577
0.503	0.182	0.004	0.311
0.046	0.041	0.001	0.912
0.021	0.010	0.958	0.011
>TGATGGAT	2-TGATGGAT	6.794739	-146.144331	0	T:208.0(41.60%),B:5798.8(11.71%),P:1e-63	Tpos:446.3,Tstd:258.7,Bpos:443.5,Bstd:269.0,StrandBias:-0.3,Multiplicity:1.23
0.153	0.021	0.001	0.825
0.001	0.001	0.997	0.001
0.997	0.001	0.001	0.001
0.001	0.046	0.001	0.952
0.001	0.001	0.692	0.306
0.001	0.001	0.997	0.001
0.997	0.001	0.001	0.001
0.001	0.001	0.001	0.997
>AACAGATG	3-AACAGATG	6.571468	-129.112598	0	T:418.0(83.60%),B:24555.1(49.58%),P:1e-56	Tpos:482.4,Tstd:306.9,Bpos:440.3,Bstd:268.2,StrandBias:0.2,Multiplicity:1.61
0.713	0.049	0.237	0.001
0.733	0.144	0.122	0.001
0.001	0.997	0.001	0.001
0.991	0.007	0.001	0.001
0.146	0.001	0.852	0.001
0.874	0.124	0.001	0.001
0.001	0.001	0.001	0.997
0.001	0.001	0.997	0.001
>GGTGTKAA	4-GGTGTKAA	6.637353	-55.934977	0	T:281.0(56.20%),B:16672.1(33.66%),P:1e-24	Tpos:484.3,Tstd:313.3,Bpos:434.0,Bstd:267.4,StrandBias:0.4,Multiplicity:1.59
0.195	0.029	0.732	0.044
0.001	0.065	0.916	0.018
0.118	0.073	0.001	0.808
0.020	0.001	0.978	0.001
0.177	0.103	0.044	0.676
0.015	0.167	0.413	0.404
0.856	0.001	0.096	0.047
0.638	0.094	0.153	0.115
>CTTCAAAG	5-CTTCAAAG	8.449354	-55.147828	0	T:192.0(38.40%),B:9291.3(18.76%),P:1e-23	Tpos:485.7,Tstd:329.8,Bpos:443.5,Bstd:265.6,StrandBias:0.1,Multiplicity:1.31
0.001	0.872	0.001	0.126
0.200	0.001	0.001	0.798
0.001	0.001	0.001	0.997
0.001	0.778	0.117	0.104
0.997	0.001	0.001	0.001
0.997	0.001	0.001	0.001
0.997	0.001	0.001	0.001
0.001	0.001	0.997	0.001
>STGTCACC	6-STGTCACC	3.429397	-42.449542	0	T:253.0(50.60%),B:15542.4(31.38%),P:1e-18	Tpos:525.4,Tstd:345.3,Bpos:442.6,Bstd:268.3,StrandBias:-0.3,Multiplicity:1.38
0.001	0.486	0.350	0.162
0.001	0.001	0.001	0.997
0.001	0.001	0.997	0.001
0.404	0.001	0.001	0.594
0.001	0.997	0.001	0.001
0.976	0.001	0.022	0.001
0.001	0.997	0.001	0.001
0.001	0.822	0.176	0.001
>GATTAATG	7-GATTAATG	6.336639	-41.507297	0	T:221.0(44.20%),B:12851.5(25.95%),P:1e-18	Tpos:513.8,Tstd:332.9,Bpos:440.1,Bstd:264.7,StrandBias:0.1,Multiplicity:1.32
0.001	0.001	0.997	0.001
0.695	0.001	0.129	0.175
0.095	0.142	0.125	0.638
0.001	0.061	0.102	0.836
0.862	0.136	0.001	0.001
0.918	0.080	0.001	0.001
0.001	0.001	0.122	0.876
0.061	0.231	0.682	0.026
>GAGTGATG	8-GAGTGATG	7.934985	-33.207914	0	T:147.0(29.40%),B:7688.6(15.52%),P:1e-14	Tpos:503.9,Tstd:327.0,Bpos:440.2,Bstd:269.0,StrandBias:0.1,Multiplicity:1.16
0.001	0.001	0.838	0.160
0.997	0.001	0.001	0.001
0.014	0.142	0.699	0.145
0.052	0.001	0.001	0.946
0.001	0.157	0.841	0.001
0.997	0.001	0.001	0.001
0.283	0.001	0.001	0.715
0.093	0.232	0.674	0.001
>CTTTGATC	9-CTTTGATC	8.156216	-22.681823	0	T:131.0(26.20%),B:7516.9(15.18%),P:1e-9	Tpos:510.4,Tstd:317.0,Bpos:445.0,Bstd:260.2,StrandBias:-0.0,Multiplicity:1.18
0.001	0.906	0.092	0.001
0.001	0.001	0.001	0.997
0.001	0.001	0.001	0.997
0.122	0.026	0.001	0.851
0.001	0.194	0.804	0.001
0.855	0.001	0.001	0.143
0.001	0.001	0.001	0.997
0.001	0.997	0.001	0.001
>CCTTTTGG	10-CCTTTTGG	7.391892	-21.761963	0	T:86.0(17.20%),B:4207.3(8.50%),P:1e-9	Tpos:489.9,Tstd:302.2,Bpos:448.4,Bstd:262.8,StrandBias:-0.2,Multiplicity:1.11
0.001	0.997	0.001	0.001
0.001	0.997	0.001	0.001
0.001	0.001	0.132	0.866
0.001	0.001	0.001	0.997
0.001	0.001	0.001	0.997
0.001	0.001	0.001	0.997
0.001	0.001	0.997	0.001
0.001	0.191	0.807	0.001
>TGATSGAG	11-TGATSGAG	9.129937	-18.884637	0	T:79.0(15.80%),B:3962.5(8.00%),P:1e-8	Tpos:424.8,Tstd:269.6,Bpos:443.0,Bstd:274.6,StrandBias:0.8,Multiplicity:1.16
0.001	0.001	0.001	0.997
0.001	0.001	0.937	0.061
0.997	0.001	0.001	0.001
0.001	0.001	0.001	0.997
0.001	0.406	0.440	0.153
0.001	0.001	0.997	0.001
0.997	0.001	0.001	0.001
0.001	0.001	0.997	0.001
>TGTAACGA	12-TGTAACGA	7.215862	-15.584036	0	T:104.0(20.80%),B:6226.4(12.57%),P:1e-6	Tpos:480.2,Tstd:325.4,Bpos:442.9,Bstd:264.0,StrandBias:0.1,Multiplicity:1.16
0.001	0.001	0.001	0.997
0.001	0.001	0.997	0.001
0.122	0.001	0.001	0.876
0.783	0.001	0.048	0.168
0.961	0.001	0.037	0.001
0.183	0.765	0.001	0.051
0.167	0.138	0.638	0.057
0.974	0.001	0.001	0.024
>CRAAWTGC	13-CRAAWTGC	9.189174	-13.018169	0	T:24.0(4.80%),B:780.9(1.58%),P:1e-5	Tpos:511.6,Tstd:287.1,Bpos:443.0,Bstd:263.9,StrandBias:0.1,Multiplicity:1.00
0.001	0.997	0.001	0.001
0.480	0.001	0.475	0.044
0.830	0.001	0.168	0.001
0.997	0.001	0.001	0.001
0.481	0.001	0.001	0.517
0.139	0.001	0.001	0.859
0.001	0.001	0.997	0.001
0.001	0.852	0.001	0.146
