>GRCCAWATGG	1-GRCCAWATGG	8.783342	-236.900146	0	T:220.0(44.00%),B:4010.7(8.10%),P:1e-102	Tpos:458.4,Tstd:255.0,Bpos:443.7,Bstd:261.5,StrandBias:-0.0,Multiplicity:1.20
0.393	0.001	0.557	0.049
0.506	0.001	0.492	0.001
0.294	0.542	0.163	0.001
0.001	0.997	0.001	0.001
0.997	0.001	0.001	0.001
0.406	0.001	0.189	0.404
0.647	0.102	0.001	0.250
0.080	0.001	0.029	0.890
0.001	0.001	0.974	0.024
0.001	0.053	0.760	0.186
>WGATTGATGR	2-WGATTGATGR	7.941172	-195.606035	0	T:256.0(51.20%),B:6974.7(14.08%),P:1e-84	Tpos:467.7,Tstd:271.3,Bpos:441.9,Bstd:268.2,StrandBias:-0.2,Multiplicity:1.28
0.444	0.001	0.001	0.554
0.024	0.001	0.974	0.001
0.997	0.001	0.001	0.001
0.001	0.151	0.004	0.844
0.088	0.001	0.369	0.542
0.369	0.002	0.628	0.001
0.997	0.001	0.001	0.001
0.001	0.001	0.059	0.939
0.106	0.104	0.672	0.118
0.336	0.050	0.457	0.157
>GARACAKMTG	3-GARACAKMTG	7.379915	-133.572745	0	T:400.0(80.00%),B:22168.9(44.76%),P:1e-58	Tpos:477.5,Tstd:309.6,Bpos:440.7,Bstd:267.4,StrandBias:-0.1,Multiplicity:1.73
0.180	0.140	0.495	0.186
0.531	0.001	0.218	0.250
0.470	0.006	0.523	0.001
0.657	0.292	0.050	0.001
0.001	0.997	0.001	0.001
0.997	0.001	0.001	0.001
0.256	0.034	0.406	0.305
0.504	0.485	0.010	0.001
0.001	0.001	0.001	0.997
0.001	0.001	0.997	0.001
>AGCAAATGGC	4-AGCAAATGGC	7.243151	-85.310056	0	T:253.0(50.60%),B:11884.7(24.00%),P:1e-37	Tpos:504.6,Tstd:320.5,Bpos:440.9,Bstd:266.0,StrandBias:0.2,Multiplicity:1.27
0.851	0.072	0.035	0.042
0.134	0.157	0.661	0.048
0.017	0.846	0.077	0.060
0.912	0.015	0.018	0.055
0.709	0.049	0.134	0.108
0.846	0.011	0.026	0.117
0.147	0.038	0.008	0.807
0.042	0.001	0.868	0.089
0.055	0.069	0.791	0.085
0.057	0.722	0.115	0.106
>TTVACACCTT	5-TTVACACCTT	6.662047	-81.143612	0	T:354.0(70.80%),B:21348.1(43.10%),P:1e-35	Tpos:495.7,Tstd:319.7,Bpos:439.0,Bstd:266.7,StrandBias:-0.0,Multiplicity:1.73
0.187	0.143	0.155	0.515
0.139	0.096	0.001	0.764
0.395	0.265	0.339	0.001
0.613	0.001	0.136	0.250
0.001	0.997	0.001	0.001
0.994	0.001	0.001	0.004
0.001	0.867	0.131	0.001
0.074	0.657	0.001	0.268
0.040	0.231	0.001	0.728
0.226	0.267	0.005	0.502
>GGCCAAAWGG	6-GGCCAAAWGG	7.954295	-76.695164	0	T:147.0(29.40%),B:4910.3(9.91%),P:1e-33	Tpos:440.0,Tstd:286.7,Bpos:448.7,Bstd:266.1,StrandBias:0.2,Multiplicity:1.15
0.141	0.001	0.795	0.063
0.243	0.001	0.755	0.001
0.001	0.904	0.001	0.094
0.001	0.997	0.001	0.001
0.956	0.042	0.001	0.001
0.980	0.001	0.001	0.018
0.899	0.001	0.099	0.001
0.400	0.180	0.033	0.387
0.001	0.001	0.586	0.412
0.001	0.001	0.997	0.001
>WSWTCAAAGR	7-WSWTCAAAGR	7.116560	-71.204019	0	T:216.0(43.20%),B:9960.5(20.11%),P:1e-30	Tpos:484.3,Tstd:338.5,Bpos:444.4,Bstd:265.4,StrandBias:-0.3,Multiplicity:1.29
0.383	0.012	0.205	0.401
0.019	0.453	0.356	0.172
0.454	0.146	0.055	0.346
0.271	0.025	0.032	0.672
0.049	0.726	0.059	0.166
0.844	0.035	0.059	0.062
0.728	0.065	0.176	0.031
0.830	0.076	0.035	0.059
0.138	0.091	0.725	0.046
0.329	0.127	0.415	0.129
>GTGAGTGATG	8-GTGAGTGATG	9.162310	-35.926068	0	T:80.0(16.00%),B:2861.0(5.78%),P:1e-15	Tpos:495.0,Tstd:330.9,Bpos:443.3,Bstd:267.7,StrandBias:0.3,Multiplicity:1.25
0.295	0.001	0.601	0.103
0.417	0.001	0.001	0.581
0.001	0.001	0.794	0.204
0.997	0.001	0.001	0.001
0.001	0.290	0.708	0.001
0.001	0.331	0.001	0.667
0.378	0.001	0.620	0.001
0.783	0.215	0.001	0.001
0.001	0.001	0.001	0.997
0.001	0.001	0.997	0.001
>ACGGTGTGAA	9-ACGGTGTGAA	7.614639	-33.350172	0	T:144.0(28.80%),B:7446.4(15.04%),P:1e-14	Tpos:472.7,Tstd:305.0,Bpos:435.2,Bstd:272.0,StrandBias:0.3,Multiplicity:1.24
0.790	0.070	0.069	0.071
0.082	0.547	0.176	0.195
0.143	0.115	0.567	0.175
0.001	0.061	0.937	0.001
0.168	0.144	0.009	0.679
0.044	0.001	0.954	0.001
0.043	0.001	0.151	0.805
0.001	0.032	0.966	0.001
0.925	0.018	0.010	0.047
0.863	0.112	0.024	0.001
>CACTTTAAAG	10-CACTTTAAAG	9.606432	-28.271033	0	T:42.0(8.40%),B:1106.5(2.23%),P:1e-12	Tpos:468.6,Tstd:305.7,Bpos:436.2,Bstd:263.9,StrandBias:-0.3,Multiplicity:1.06
0.023	0.801	0.142	0.034
0.900	0.018	0.001	0.081
0.001	0.990	0.001	0.008
0.048	0.001	0.001	0.950
0.058	0.087	0.131	0.724
0.020	0.001	0.169	0.810
0.928	0.032	0.001	0.039
0.970	0.001	0.028	0.001
0.945	0.001	0.001	0.053
0.001	0.001	0.997	0.001
>TGAATCATGA	11-TGAATCATGA	8.278951	-26.559504	0	T:77.0(15.40%),B:3225.5(6.51%),P:1e-11	Tpos:428.1,Tstd:279.1,Bpos:441.3,Bstd:267.0,StrandBias:0.1,Multiplicity:1.09
0.108	0.010	0.072	0.810
0.001	0.001	0.997	0.001
0.808	0.001	0.001	0.190
0.462	0.001	0.275	0.262
0.124	0.001	0.044	0.831
0.102	0.896	0.001	0.001
0.898	0.001	0.100	0.001
0.045	0.098	0.001	0.856
0.001	0.001	0.797	0.201
0.910	0.001	0.088	0.001
>GGWGTTAAGA	12-GGWGTTAAGA	9.176761	-22.651252	0	T:66.0(13.20%),B:2773.0(5.60%),P:1e-9	Tpos:429.3,Tstd:312.3,Bpos:445.5,Bstd:263.9,StrandBias:0.6,Multiplicity:1.04
0.001	0.001	0.997	0.001
0.001	0.001	0.921	0.077
0.481	0.001	0.001	0.517
0.001	0.001	0.997	0.001
0.222	0.173	0.002	0.603
0.117	0.001	0.001	0.881
0.988	0.010	0.001	0.001
0.891	0.001	0.107	0.001
0.255	0.001	0.743	0.001
0.477	0.250	0.272	0.001
>AGCAGGTGTT	13-AGCAGGTGTT	9.750576	-21.721142	0	T:48.0(9.60%),B:1712.8(3.46%),P:1e-9	Tpos:502.9,Tstd:322.9,Bpos:443.6,Bstd:268.5,StrandBias:0.3,Multiplicity:1.07
0.724	0.119	0.001	0.156
0.001	0.001	0.963	0.035
0.001	0.950	0.001	0.048
0.887	0.001	0.001	0.111
0.001	0.001	0.889	0.109
0.001	0.048	0.950	0.001
0.001	0.001	0.001	0.997
0.040	0.108	0.851	0.001
0.067	0.001	0.039	0.893
0.001	0.001	0.001	0.997
>TCGGGTCACA	14-TCGGGTCACA	8.940567	-20.745024	0	T:32.0(6.40%),B:881.5(1.78%),P:1e-9	Tpos:546.3,Tstd:427.6,Bpos:448.8,Bstd:263.9,StrandBias:0.0,Multiplicity:1.03
0.001	0.001	0.073	0.925
0.001	0.893	0.088	0.018
0.009	0.001	0.854	0.136
0.001	0.001	0.890	0.108
0.001	0.068	0.930	0.001
0.063	0.077	0.062	0.798
0.001	0.997	0.001	0.001
0.922	0.001	0.001	0.076
0.001	0.997	0.001	0.001
0.782	0.001	0.216	0.001
>GCCACAYRGT	15-GCCACAYRGT	10.462241	-19.562403	0	T:38.0(7.60%),B:1248.7(2.52%),P:1e-8	Tpos:438.1,Tstd:315.8,Bpos:443.0,Bstd:277.1,StrandBias:0.5,Multiplicity:1.05
0.001	0.001	0.997	0.001
0.001	0.997	0.001	0.001
0.112	0.886	0.001	0.001
0.976	0.022	0.001	0.001
0.001	0.997	0.001	0.001
0.717	0.001	0.001	0.281
0.001	0.507	0.001	0.491
0.336	0.020	0.407	0.237
0.001	0.015	0.983	0.001
0.001	0.001	0.293	0.705
>TGATGGAGCG	16-TGATGGAGCG	9.879999	-19.180330	0	T:30.0(6.00%),B:839.4(1.69%),P:1e-8	Tpos:428.3,Tstd:283.4,Bpos:446.1,Bstd:264.4,StrandBias:1.0,Multiplicity:1.00
0.001	0.001	0.097	0.901
0.001	0.001	0.823	0.175
0.997	0.001	0.001	0.001
0.109	0.001	0.001	0.889
0.001	0.001	0.997	0.001
0.001	0.001	0.997	0.001
0.758	0.240	0.001	0.001
0.001	0.001	0.997	0.001
0.133	0.626	0.063	0.178
0.001	0.001	0.997	0.001
>ATTAGGCTAA	17-ATTAGGCTAA	7.664575	-16.501189	0	T:47.0(9.40%),B:1963.0(3.96%),P:1e-7	Tpos:451.3,Tstd:299.6,Bpos:445.7,Bstd:260.5,StrandBias:-0.1,Multiplicity:1.09
0.719	0.068	0.096	0.117
0.033	0.032	0.102	0.833
0.039	0.070	0.052	0.839
0.831	0.033	0.095	0.041
0.129	0.067	0.776	0.028
0.046	0.164	0.711	0.079
0.097	0.825	0.024	0.054
0.066	0.042	0.043	0.849
0.761	0.074	0.064	0.101
0.871	0.023	0.035	0.071
>TCAAAAGAAG	18-TCAAAAGAAG	9.019117	-15.264729	0	T:55.0(11.00%),B:2588.1(5.23%),P:1e-6	Tpos:447.3,Tstd:304.7,Bpos:434.4,Bstd:266.9,StrandBias:0.8,Multiplicity:1.18
0.001	0.100	0.108	0.791
0.022	0.935	0.042	0.001
0.997	0.001	0.001	0.001
0.803	0.001	0.083	0.113
0.965	0.033	0.001	0.001
0.841	0.001	0.157	0.001
0.001	0.001	0.997	0.001
0.742	0.001	0.132	0.125
0.997	0.001	0.001	0.001
0.053	0.100	0.846	0.001
>AGGGACACCT	19-AGGGACACCT	10.436081	-13.250537	0	T:27.0(5.40%),B:937.2(1.89%),P:1e-5	Tpos:387.7,Tstd:235.3,Bpos:451.5,Bstd:267.4,StrandBias:-1.1,Multiplicity:1.42
0.997	0.001	0.001	0.001
0.001	0.074	0.736	0.189
0.001	0.001	0.612	0.386
0.001	0.001	0.997	0.001
0.816	0.182	0.001	0.001
0.001	0.908	0.001	0.090
0.997	0.001	0.001	0.001
0.001	0.997	0.001	0.001
0.001	0.997	0.001	0.001
0.001	0.001	0.001	0.997
>TAACACTACA	20-TAACACTACA	6.656714	-4.870278	0	T:28.0(5.60%),B:1682.9(3.40%),P:1e-2	Tpos:476.7,Tstd:320.8,Bpos:431.1,Bstd:262.9,StrandBias:1.0,Multiplicity:1.62
0.001	0.001	0.001	0.997
0.997	0.001	0.001	0.001
0.997	0.001	0.001	0.001
0.001	0.997	0.001	0.001
0.760	0.001	0.001	0.238
0.001	0.997	0.001	0.001
0.001	0.001	0.001	0.997
0.997	0.001	0.001	0.001
0.001	0.997	0.001	0.001
0.997	0.001	0.001	0.001
>GCTCCCTGCT	21-GCTCCCTGCT	8.350283	-4.775754	0	T:91.0(18.20%),B:7061.8(14.26%),P:1e-2	Tpos:554.8,Tstd:322.8,Bpos:442.4,Bstd:272.5,StrandBias:0.4,Multiplicity:1.27
0.100	0.100	0.700	0.100
0.100	0.700	0.100	0.100
0.100	0.100	0.100	0.700
0.100	0.700	0.100	0.100
0.100	0.700	0.100	0.100
0.100	0.700	0.100	0.100
0.100	0.100	0.100	0.700
0.100	0.100	0.700	0.100
0.100	0.700	0.100	0.100
0.100	0.100	0.100	0.700
>GCTGGCTGGC	22-GCTGGCTGGC	8.649623	-4.167633	0	T:16.0(3.20%),B:859.7(1.74%),P:1e-1	Tpos:426.8,Tstd:398.7,Bpos:435.0,Bstd:278.0,StrandBias:0.2,Multiplicity:1.06
0.001	0.001	0.997	0.001
0.001	0.997	0.001	0.001
0.001	0.001	0.001	0.997
0.001	0.001	0.997	0.001
0.001	0.001	0.997	0.001
0.082	0.916	0.001	0.001
0.001	0.068	0.001	0.930
0.001	0.001	0.997	0.001
0.001	0.001	0.997	0.001
0.001	0.997	0.001	0.001
>TAAGCTCCTC	23-TAAGCTCCTC	10.296193	-1.450971	0	T:2.0(0.40%),B:91.0(0.18%),P:1e0	Tpos:747.7,Tstd:254.2,Bpos:449.3,Bstd:261.0,StrandBias:-3.0,Multiplicity:4.50
0.100	0.100	0.100	0.700
0.700	0.100	0.100	0.100
0.700	0.100	0.100	0.100
0.100	0.100	0.700	0.100
0.100	0.700	0.100	0.100
0.100	0.100	0.100	0.700
0.100	0.700	0.100	0.100
0.100	0.700	0.100	0.100
0.100	0.100	0.100	0.700
0.100	0.700	0.100	0.100
