>GRCCAWATGG	1-GRCCAWATGG	8.783342	-236.900146	0	T:220.0(44.00%),B:4010.7(8.10%),P:1e-102	Tpos:458.4,Tstd:255.0,Bpos:443.7,Bstd:261.5,StrandBias:-0.0,Multiplicity:1.20
0.393	0.001	0.557	0.049
0.506	0.001	0.492	0.001
0.294	0.542	0.163	0.001
0.001	0.997	0.001	0.001
0.997	0.001	0.001	0.001
0.406	0.001	0.189	0.404
0.647	0.102	0.001	0.250
0.080	0.001	0.029	0.890
0.001	0.001	0.974	0.024
0.001	0.053	0.760	0.186
>WGATTGATGR	2-WGATTGATGR	7.941172	-195.606035	0	T:256.0(51.20%),B:6974.7(14.08%),P:1e-84	Tpos:467.7,Tstd:271.3,Bpos:441.9,Bstd:268.2,StrandBias:-0.2,Multiplicity:1.28
0.444	0.001	0.001	0.554
0.024	0.001	0.974	0.001
0.997	0.001	0.001	0.001
0.001	0.151	0.004	0.844
0.088	0.001	0.369	0.542
0.369	0.002	0.628	0.001
0.997	0.001	0.001	0.001
0.001	0.001	0.059	0.939
0.106	0.104	0.672	0.118
0.336	0.050	0.457	0.157
>GARACAKMTG	3-GARACAKMTG	7.379915	-133.572745	0	T:400.0(80.00%),B:22168.9(44.76%),P:1e-58	Tpos:477.5,Tstd:309.6,Bpos:440.7,Bstd:267.4,StrandBias:-0.1,Multiplicity:1.73
0.180	0.140	0.495	0.186
0.531	0.001	0.218	0.250
0.470	0.006	0.523	0.001
0.657	0.292	0.050	0.001
0.001	0.997	0.001	0.001
0.997	0.001	0.001	0.001
0.256	0.034	0.406	0.305
0.504	0.485	0.010	0.001
0.001	0.001	0.001	0.997
0.001	0.001	0.997	0.001
>AGCAAATGGC	4-AGCAAATGGC	7.243151	-85.310056	0	T:253.0(50.60%),B:11884.7(24.00%),P:1e-37	Tpos:504.6,Tstd:320.5,Bpos:440.9,Bstd:266.0,StrandBias:0.2,Multiplicity:1.27
0.851	0.072	0.035	0.042
0.134	0.157	0.661	0.048
0.017	0.846	0.077	0.060
0.912	0.015	0.018	0.055
0.709	0.049	0.134	0.108
0.846	0.011	0.026	0.117
0.147	0.038	0.008	0.807
0.042	0.001	0.868	0.089
0.055	0.069	0.791	0.085
0.057	0.722	0.115	0.106
>TTVACACCTT	5-TTVACACCTT	6.662047	-81.143612	0	T:354.0(70.80%),B:21348.1(43.10%),P:1e-35	Tpos:495.7,Tstd:319.7,Bpos:439.0,Bstd:266.7,StrandBias:-0.0,Multiplicity:1.73
0.187	0.143	0.155	0.515
0.139	0.096	0.001	0.764
0.395	0.265	0.339	0.001
0.613	0.001	0.136	0.250
0.001	0.997	0.001	0.001
0.994	0.001	0.001	0.004
0.001	0.867	0.131	0.001
0.074	0.657	0.001	0.268
0.040	0.231	0.001	0.728
0.226	0.267	0.005	0.502
>GGCCAAAWGG	6-GGCCAAAWGG	7.954295	-76.695164	0	T:147.0(29.40%),B:4910.3(9.91%),P:1e-33	Tpos:440.0,Tstd:286.7,Bpos:448.7,Bstd:266.1,StrandBias:0.2,Multiplicity:1.15
0.141	0.001	0.795	0.063
0.243	0.001	0.755	0.001
0.001	0.904	0.001	0.094
0.001	0.997	0.001	0.001
0.956	0.042	0.001	0.001
0.980	0.001	0.001	0.018
0.899	0.001	0.099	0.001
0.400	0.180	0.033	0.387
0.001	0.001	0.586	0.412
0.001	0.001	0.997	0.001
>WSWTCAAAGR	7-WSWTCAAAGR	7.116560	-71.204019	0	T:216.0(43.20%),B:9960.5(20.11%),P:1e-30	Tpos:484.3,Tstd:338.5,Bpos:444.4,Bstd:265.4,StrandBias:-0.3,Multiplicity:1.29
0.383	0.012	0.205	0.401
0.019	0.453	0.356	0.172
0.454	0.146	0.055	0.346
0.271	0.025	0.032	0.672
0.049	0.726	0.059	0.166
0.844	0.035	0.059	0.062
0.728	0.065	0.176	0.031
0.830	0.076	0.035	0.059
0.138	0.091	0.725	0.046
0.329	0.127	0.415	0.129
>GTGAGTGATG	8-GTGAGTGATG	9.162310	-35.926068	0	T:80.0(16.00%),B:2861.0(5.78%),P:1e-15	Tpos:495.0,Tstd:330.9,Bpos:443.3,Bstd:267.7,StrandBias:0.3,Multiplicity:1.25
0.295	0.001	0.601	0.103
0.417	0.001	0.001	0.581
0.001	0.001	0.794	0.204
0.997	0.001	0.001	0.001
0.001	0.290	0.708	0.001
0.001	0.331	0.001	0.667
0.378	0.001	0.620	0.001
0.783	0.215	0.001	0.001
0.001	0.001	0.001	0.997
0.001	0.001	0.997	0.001
>ACGGTGTGAA	9-ACGGTGTGAA	7.614639	-33.350172	0	T:144.0(28.80%),B:7446.4(15.04%),P:1e-14	Tpos:472.7,Tstd:305.0,Bpos:435.2,Bstd:272.0,StrandBias:0.3,Multiplicity:1.24
0.790	0.070	0.069	0.071
0.082	0.547	0.176	0.195
0.143	0.115	0.567	0.175
0.001	0.061	0.937	0.001
0.168	0.144	0.009	0.679
0.044	0.001	0.954	0.001
0.043	0.001	0.151	0.805
0.001	0.032	0.966	0.001
0.925	0.018	0.010	0.047
0.863	0.112	0.024	0.001
>CACTTTAAAG	10-CACTTTAAAG	9.606432	-28.271033	0	T:42.0(8.40%),B:1106.5(2.23%),P:1e-12	Tpos:468.6,Tstd:305.7,Bpos:436.2,Bstd:263.9,StrandBias:-0.3,Multiplicity:1.06
0.023	0.801	0.142	0.034
0.900	0.018	0.001	0.081
0.001	0.990	0.001	0.008
0.048	0.001	0.001	0.950
0.058	0.087	0.131	0.724
0.020	0.001	0.169	0.810
0.928	0.032	0.001	0.039
0.970	0.001	0.028	0.001
0.945	0.001	0.001	0.053
0.001	0.001	0.997	0.001
>TGAATCATGA	11-TGAATCATGA	8.278951	-26.559504	0	T:77.0(15.40%),B:3225.5(6.51%),P:1e-11	Tpos:428.1,Tstd:279.1,Bpos:441.3,Bstd:267.0,StrandBias:0.1,Multiplicity:1.09
0.108	0.010	0.072	0.810
0.001	0.001	0.997	0.001
0.808	0.001	0.001	0.190
0.462	0.001	0.275	0.262
0.124	0.001	0.044	0.831
0.102	0.896	0.001	0.001
0.898	0.001	0.100	0.001
0.045	0.098	0.001	0.856
0.001	0.001	0.797	0.201
0.910	0.001	0.088	0.001
>GGWGTTAAGA	12-GGWGTTAAGA	9.176761	-22.651252	0	T:66.0(13.20%),B:2773.0(5.60%),P:1e-9	Tpos:429.3,Tstd:312.3,Bpos:445.5,Bstd:263.9,StrandBias:0.6,Multiplicity:1.04
0.001	0.001	0.997	0.001
0.001	0.001	0.921	0.077
0.481	0.001	0.001	0.517
0.001	0.001	0.997	0.001
0.222	0.173	0.002	0.603
0.117	0.001	0.001	0.881
0.988	0.010	0.001	0.001
0.891	0.001	0.107	0.001
0.255	0.001	0.743	0.001
0.477	0.250	0.272	0.001
>AGCAGGTGTT	13-AGCAGGTGTT	9.750576	-21.721142	0	T:48.0(9.60%),B:1712.8(3.46%),P:1e-9	Tpos:502.9,Tstd:322.9,Bpos:443.6,Bstd:268.5,StrandBias:0.3,Multiplicity:1.07
0.724	0.119	0.001	0.156
0.001	0.001	0.963	0.035
0.001	0.950	0.001	0.048
0.887	0.001	0.001	0.111
0.001	0.001	0.889	0.109
0.001	0.048	0.950	0.001
0.001	0.001	0.001	0.997
0.040	0.108	0.851	0.001
0.067	0.001	0.039	0.893
0.001	0.001	0.001	0.997
>TCGGGTCACA	14-TCGGGTCACA	8.940567	-20.745024	0	T:32.0(6.40%),B:881.5(1.78%),P:1e-9	Tpos:546.3,Tstd:427.6,Bpos:448.8,Bstd:263.9,StrandBias:0.0,Multiplicity:1.03
0.001	0.001	0.073	0.925
0.001	0.893	0.088	0.018
0.009	0.001	0.854	0.136
0.001	0.001	0.890	0.108
0.001	0.068	0.930	0.001
0.063	0.077	0.062	0.798
0.001	0.997	0.001	0.001
0.922	0.001	0.001	0.076
0.001	0.997	0.001	0.001
0.782	0.001	0.216	0.001
>GCCACAYRGT	15-GCCACAYRGT	10.462241	-19.562403	0	T:38.0(7.60%),B:1248.7(2.52%),P:1e-8	Tpos:438.1,Tstd:315.8,Bpos:443.0,Bstd:277.1,StrandBias:0.5,Multiplicity:1.05
0.001	0.001	0.997	0.001
0.001	0.997	0.001	0.001
0.112	0.886	0.001	0.001
0.976	0.022	0.001	0.001
0.001	0.997	0.001	0.001
0.717	0.001	0.001	0.281
0.001	0.507	0.001	0.491
0.336	0.020	0.407	0.237
0.001	0.015	0.983	0.001
0.001	0.001	0.293	0.705
>TGATGGAGCG	16-TGATGGAGCG	9.879999	-19.180330	0	T:30.0(6.00%),B:839.4(1.69%),P:1e-8	Tpos:428.3,Tstd:283.4,Bpos:446.1,Bstd:264.4,StrandBias:1.0,Multiplicity:1.00
0.001	0.001	0.097	0.901
0.001	0.001	0.823	0.175
0.997	0.001	0.001	0.001
0.109	0.001	0.001	0.889
0.001	0.001	0.997	0.001
0.001	0.001	0.997	0.001
0.758	0.240	0.001	0.001
0.001	0.001	0.997	0.001
0.133	0.626	0.063	0.178
0.001	0.001	0.997	0.001
>ATTAGGCTAA	17-ATTAGGCTAA	7.664575	-16.501189	0	T:47.0(9.40%),B:1963.0(3.96%),P:1e-7	Tpos:451.3,Tstd:299.6,Bpos:445.7,Bstd:260.5,StrandBias:-0.1,Multiplicity:1.09
0.719	0.068	0.096	0.117
0.033	0.032	0.102	0.833
0.039	0.070	0.052	0.839
0.831	0.033	0.095	0.041
0.129	0.067	0.776	0.028
0.046	0.164	0.711	0.079
0.097	0.825	0.024	0.054
0.066	0.042	0.043	0.849
0.761	0.074	0.064	0.101
0.871	0.023	0.035	0.071
>TCAAAAGAAG	18-TCAAAAGAAG	9.019117	-15.264729	0	T:55.0(11.00%),B:2588.1(5.23%),P:1e-6	Tpos:447.3,Tstd:304.7,Bpos:434.4,Bstd:266.9,StrandBias:0.8,Multiplicity:1.18
0.001	0.100	0.108	0.791
0.022	0.935	0.042	0.001
0.997	0.001	0.001	0.001
0.803	0.001	0.083	0.113
0.965	0.033	0.001	0.001
0.841	0.001	0.157	0.001
0.001	0.001	0.997	0.001
0.742	0.001	0.132	0.125
0.997	0.001	0.001	0.001
0.053	0.100	0.846	0.001
>AGGGACACCT	19-AGGGACACCT	10.436081	-13.250537	0	T:27.0(5.40%),B:937.2(1.89%),P:1e-5	Tpos:387.7,Tstd:235.3,Bpos:451.5,Bstd:267.4,StrandBias:-1.1,Multiplicity:1.42
0.997	0.001	0.001	0.001
0.001	0.074	0.736	0.189
0.001	0.001	0.612	0.386
0.001	0.001	0.997	0.001
0.816	0.182	0.001	0.001
0.001	0.908	0.001	0.090
0.997	0.001	0.001	0.001
0.001	0.997	0.001	0.001
0.001	0.997	0.001	0.001
0.001	0.001	0.001	0.997
>TAACACTACA	20-TAACACTACA	6.656714	-4.870278	0	T:28.0(5.60%),B:1682.9(3.40%),P:1e-2	Tpos:476.7,Tstd:320.8,Bpos:431.1,Bstd:262.9,StrandBias:1.0,Multiplicity:1.62
0.001	0.001	0.001	0.997
0.997	0.001	0.001	0.001
0.997	0.001	0.001	0.001
0.001	0.997	0.001	0.001
0.760	0.001	0.001	0.238
0.001	0.997	0.001	0.001
0.001	0.001	0.001	0.997
0.997	0.001	0.001	0.001
0.001	0.997	0.001	0.001
0.997	0.001	0.001	0.001
>GCTCCCTGCT	21-GCTCCCTGCT	8.350283	-4.775754	0	T:91.0(18.20%),B:7061.8(14.26%),P:1e-2	Tpos:554.8,Tstd:322.8,Bpos:442.4,Bstd:272.5,StrandBias:0.4,Multiplicity:1.27
0.100	0.100	0.700	0.100
0.100	0.700	0.100	0.100
0.100	0.100	0.100	0.700
0.100	0.700	0.100	0.100
0.100	0.700	0.100	0.100
0.100	0.700	0.100	0.100
0.100	0.100	0.100	0.700
0.100	0.100	0.700	0.100
0.100	0.700	0.100	0.100
0.100	0.100	0.100	0.700
>GCTGGCTGGC	22-GCTGGCTGGC	8.649623	-4.167633	0	T:16.0(3.20%),B:859.7(1.74%),P:1e-1	Tpos:426.8,Tstd:398.7,Bpos:435.0,Bstd:278.0,StrandBias:0.2,Multiplicity:1.06
0.001	0.001	0.997	0.001
0.001	0.997	0.001	0.001
0.001	0.001	0.001	0.997
0.001	0.001	0.997	0.001
0.001	0.001	0.997	0.001
0.082	0.916	0.001	0.001
0.001	0.068	0.001	0.930
0.001	0.001	0.997	0.001
0.001	0.001	0.997	0.001
0.001	0.997	0.001	0.001
>TAAGCTCCTC	23-TAAGCTCCTC	10.296193	-1.450971	0	T:2.0(0.40%),B:91.0(0.18%),P:1e0	Tpos:747.7,Tstd:254.2,Bpos:449.3,Bstd:261.0,StrandBias:-3.0,Multiplicity:4.50
0.100	0.100	0.100	0.700
0.700	0.100	0.100	0.100
0.700	0.100	0.100	0.100
0.100	0.100	0.700	0.100
0.100	0.700	0.100	0.100
0.100	0.100	0.100	0.700
0.100	0.700	0.100	0.100
0.100	0.700	0.100	0.100
0.100	0.100	0.100	0.700
0.100	0.700	0.100	0.100
>GCCATHTGGYYY	1-GCCATHTGGYYY	8.354945	-247.770454	0	T:258.0(51.60%),B:5613.6(11.33%),P:1e-107	Tpos:454.4,Tstd:267.8,Bpos:442.8,Bstd:262.5,StrandBias:0.0,Multiplicity:1.33
0.295	0.109	0.468	0.128
0.132	0.738	0.129	0.001
0.001	0.997	0.001	0.001
0.997	0.001	0.001	0.001
0.161	0.065	0.161	0.613
0.353	0.275	0.027	0.346
0.001	0.001	0.001	0.997
0.001	0.001	0.997	0.001
0.001	0.167	0.557	0.275
0.001	0.478	0.029	0.492
0.104	0.416	0.053	0.427
0.148	0.359	0.157	0.336
>GCCATCAATCAC	2-GCCATCAATCAC	7.195607	-107.824206	0	T:239.0(47.80%),B:9465.0(19.11%),P:1e-46	Tpos:464.4,Tstd:288.5,Bpos:443.9,Bstd:267.1,StrandBias:0.2,Multiplicity:1.27
0.108	0.091	0.628	0.173
0.090	0.699	0.108	0.103
0.076	0.818	0.045	0.061
0.836	0.072	0.016	0.076
0.057	0.072	0.072	0.799
0.047	0.784	0.069	0.100
0.699	0.175	0.034	0.092
0.696	0.078	0.151	0.075
0.130	0.054	0.038	0.778
0.041	0.848	0.042	0.069
0.759	0.070	0.026	0.145
0.100	0.656	0.151	0.093
>ACATTTGTCACC	3-ACATTTGTCACC	6.786444	-69.747813	0	T:294.0(58.80%),B:16584.5(33.49%),P:1e-30	Tpos:491.7,Tstd:313.5,Bpos:441.3,Bstd:267.6,StrandBias:0.0,Multiplicity:1.35
0.699	0.149	0.095	0.057
0.014	0.759	0.155	0.072
0.773	0.117	0.038	0.072
0.037	0.088	0.115	0.760
0.104	0.200	0.130	0.566
0.023	0.001	0.027	0.949
0.079	0.037	0.870	0.014
0.099	0.095	0.101	0.705
0.052	0.821	0.050	0.077
0.767	0.147	0.012	0.074
0.078	0.691	0.144	0.087
0.164	0.641	0.025	0.170
>AGTGATCAATCA	4-AGTGATCAATCA	7.243877	-49.284835	0	T:139.0(27.80%),B:5868.3(11.85%),P:1e-21	Tpos:504.1,Tstd:285.9,Bpos:437.3,Bstd:263.5,StrandBias:-0.1,Multiplicity:1.15
0.796	0.031	0.088	0.085
0.140	0.090	0.672	0.098
0.114	0.066	0.061	0.759
0.078	0.139	0.746	0.037
0.743	0.076	0.092	0.089
0.102	0.057	0.082	0.759
0.116	0.693	0.124	0.067
0.727	0.106	0.080	0.087
0.740	0.098	0.063	0.099
0.109	0.052	0.089	0.750
0.081	0.788	0.072	0.059
0.828	0.053	0.008	0.111
>GTCACTTCAAAG	5-GTCACTTCAAAG	10.332921	-47.285503	0	T:48.0(9.60%),B:854.9(1.73%),P:1e-20	Tpos:438.6,Tstd:352.9,Bpos:440.0,Bstd:263.7,StrandBias:-0.1,Multiplicity:1.04
0.068	0.125	0.515	0.292
0.188	0.043	0.046	0.723
0.001	0.754	0.213	0.032
0.602	0.049	0.001	0.348
0.001	0.934	0.001	0.064
0.049	0.039	0.001	0.911
0.001	0.033	0.001	0.965
0.053	0.698	0.001	0.248
0.889	0.001	0.069	0.041
0.929	0.024	0.046	0.001
0.997	0.001	0.001	0.001
0.062	0.001	0.936	0.001
>ATGAYGGATGAG	6-ATGAYGGATGAG	10.631735	-41.360160	0	T:36.0(7.20%),B:532.6(1.08%),P:1e-17	Tpos:401.8,Tstd:234.4,Bpos:425.8,Bstd:257.8,StrandBias:0.8,Multiplicity:1.00
0.859	0.030	0.110	0.001
0.215	0.001	0.057	0.727
0.033	0.001	0.884	0.082
0.915	0.001	0.083	0.001
0.079	0.466	0.117	0.338
0.216	0.055	0.655	0.074
0.042	0.001	0.956	0.001
0.919	0.022	0.058	0.001
0.015	0.001	0.108	0.876
0.032	0.001	0.966	0.001
0.862	0.055	0.001	0.082
0.074	0.001	0.923	0.002
>AAGATTAATGGG	7-AAGATTAATGGG	9.464872	-35.684147	0	T:43.0(8.60%),B:926.6(1.87%),P:1e-15	Tpos:484.4,Tstd:236.3,Bpos:434.1,Bstd:259.4,StrandBias:-0.3,Multiplicity:1.03
0.819	0.080	0.062	0.039
0.909	0.001	0.001	0.089
0.072	0.001	0.874	0.053
0.857	0.114	0.001	0.028
0.001	0.053	0.151	0.795
0.048	0.001	0.129	0.822
0.866	0.106	0.027	0.001
0.889	0.001	0.048	0.062
0.001	0.062	0.072	0.865
0.101	0.039	0.859	0.001
0.162	0.062	0.605	0.171
0.043	0.101	0.855	0.001
>GAGCAGCTGTTT	8-GAGCAGCTGTTT	7.385685	-35.516410	0	T:159.0(31.80%),B:8399.1(16.96%),P:1e-15	Tpos:511.0,Tstd:346.1,Bpos:443.5,Bstd:269.6,StrandBias:0.5,Multiplicity:1.21
0.109	0.118	0.683	0.090
0.767	0.056	0.091	0.086
0.080	0.108	0.739	0.073
0.089	0.736	0.111	0.064
0.825	0.042	0.053	0.080
0.101	0.071	0.730	0.098
0.131	0.666	0.109	0.094
0.107	0.057	0.038	0.798
0.069	0.053	0.787	0.091
0.033	0.075	0.073	0.819
0.059	0.092	0.094	0.755
0.084	0.087	0.133	0.696
>AAGGGTGTGAAA	9-AAGGGTGTGAAA	9.153206	-32.645299	0	T:66.0(13.20%),B:2205.8(4.45%),P:1e-14	Tpos:434.5,Tstd:301.3,Bpos:451.5,Bstd:258.6,StrandBias:0.6,Multiplicity:1.05
0.728	0.129	0.117	0.026
0.892	0.001	0.045	0.062
0.001	0.136	0.811	0.052
0.047	0.061	0.891	0.001
0.140	0.082	0.777	0.001
0.057	0.001	0.033	0.909
0.018	0.046	0.915	0.021
0.082	0.001	0.122	0.795
0.048	0.110	0.814	0.028
0.889	0.045	0.021	0.045
0.806	0.137	0.018	0.039
0.784	0.071	0.120	0.025
>TGAGGTGTGAAA	10-TGAGGTGTGAAA	8.644681	-30.838641	0	T:78.0(15.60%),B:3020.9(6.10%),P:1e-13	Tpos:486.9,Tstd:274.9,Bpos:438.5,Bstd:264.8,StrandBias:-0.0,Multiplicity:1.18
0.143	0.104	0.056	0.697
0.079	0.001	0.841	0.079
0.893	0.001	0.093	0.013
0.001	0.001	0.934	0.064
0.001	0.109	0.889	0.001
0.079	0.162	0.001	0.758
0.001	0.059	0.927	0.013
0.054	0.001	0.032	0.913
0.001	0.219	0.779	0.001
0.945	0.053	0.001	0.001
0.705	0.054	0.152	0.089
0.738	0.168	0.093	0.001
>TCAAAGTGTCAG	11-TCAAAGTGTCAG	7.301647	-26.702021	0	T:149.0(29.80%),B:8500.3(17.16%),P:1e-11	Tpos:472.8,Tstd:312.4,Bpos:442.0,Bstd:267.3,StrandBias:-0.1,Multiplicity:1.17
0.105	0.119	0.151	0.625
0.084	0.704	0.120	0.092
0.731	0.090	0.066	0.113
0.754	0.092	0.094	0.060
0.789	0.039	0.106	0.066
0.078	0.105	0.732	0.085
0.072	0.066	0.074	0.788
0.062	0.107	0.764	0.067
0.083	0.058	0.089	0.770
0.077	0.780	0.073	0.070
0.867	0.028	0.037	0.068
0.082	0.125	0.700	0.093
>TTTCTTTGAAGC	12-TTTCTTTGAAGC	10.516122	-22.385648	0	T:29.0(5.80%),B:683.3(1.38%),P:1e-9	Tpos:393.6,Tstd:264.7,Bpos:445.2,Bstd:266.9,StrandBias:-0.6,Multiplicity:1.04
0.180	0.068	0.029	0.723
0.099	0.001	0.137	0.763
0.069	0.036	0.075	0.820
0.001	0.997	0.001	0.001
0.133	0.024	0.001	0.842
0.060	0.129	0.077	0.734
0.001	0.001	0.142	0.856
0.140	0.059	0.699	0.102
0.972	0.026	0.001	0.001
0.859	0.001	0.032	0.108
0.025	0.001	0.973	0.001
0.064	0.775	0.100	0.061
>TTCTCCGCTCAG	13-TTCTCCGCTCAG	10.422474	-22.237063	0	T:34.0(6.80%),B:926.1(1.87%),P:1e-9	Tpos:453.4,Tstd:290.6,Bpos:422.8,Bstd:268.5,StrandBias:-0.6,Multiplicity:1.00
0.173	0.001	0.001	0.825
0.182	0.320	0.001	0.497
0.001	0.900	0.098	0.001
0.001	0.001	0.011	0.987
0.001	0.997	0.001	0.001
0.240	0.758	0.001	0.001
0.071	0.267	0.607	0.055
0.265	0.650	0.084	0.001
0.001	0.103	0.174	0.722
0.001	0.880	0.118	0.001
0.997	0.001	0.001	0.001
0.001	0.001	0.997	0.001
>GGTGTAAATGAC	14-GGTGTAAATGAC	7.757295	-20.600896	0	T:81.0(16.20%),B:3952.5(7.98%),P:1e-8	Tpos:460.7,Tstd:313.5,Bpos:444.9,Bstd:263.6,StrandBias:-0.1,Multiplicity:1.05
0.068	0.018	0.840	0.074
0.120	0.085	0.677	0.118
0.179	0.049	0.132	0.640
0.108	0.098	0.703	0.091
0.063	0.098	0.122	0.717
0.715	0.137	0.075	0.073
0.876	0.055	0.045	0.024
0.709	0.054	0.158	0.079
0.039	0.023	0.088	0.850
0.068	0.069	0.799	0.064
0.772	0.065	0.108	0.055
0.120	0.703	0.123	0.054
>YCCTGTCMYCTG	15-YCCTGTCMYCTG	9.622180	-13.214134	0	T:90.0(18.00%),B:5421.9(10.95%),P:1e-5	Tpos:451.9,Tstd:305.6,Bpos:441.8,Bstd:264.6,StrandBias:-0.6,Multiplicity:1.16
0.001	0.429	0.001	0.569
0.017	0.798	0.153	0.032
0.086	0.648	0.001	0.265
0.027	0.001	0.001	0.971
0.001	0.073	0.767	0.159
0.001	0.262	0.127	0.610
0.144	0.628	0.001	0.227
0.540	0.458	0.001	0.001
0.001	0.467	0.001	0.531
0.001	0.944	0.020	0.035
0.027	0.019	0.001	0.953
0.001	0.161	0.651	0.187
>AGGGCMTRAGCT	16-AGGGCMTRAGCT	12.909663	-12.218820	0	T:8.0(1.60%),B:90.5(0.18%),P:1e-5	Tpos:403.6,Tstd:288.0,Bpos:477.2,Bstd:288.6,StrandBias:0.0,Multiplicity:1.25
0.997	0.001	0.001	0.001
0.001	0.001	0.997	0.001
0.001	0.001	0.997	0.001
0.001	0.001	0.997	0.001
0.001	0.997	0.001	0.001
0.356	0.505	0.138	0.001
0.001	0.001	0.001	0.997
0.504	0.001	0.494	0.001
0.997	0.001	0.001	0.001
0.093	0.001	0.905	0.001
0.001	0.997	0.001	0.001
0.001	0.400	0.001	0.598
>TGCTCCCTGCTC	17-TGCTCCCTGCTC	7.835584	-9.047935	0	T:168.0(33.60%),B:12924.9(26.10%),P:1e-3	Tpos:493.0,Tstd:405.4,Bpos:439.0,Bstd:266.7,StrandBias:0.1,Multiplicity:1.12
0.001	0.001	0.001	0.997
0.091	0.125	0.665	0.119
0.074	0.721	0.096	0.109
0.071	0.072	0.051	0.806
0.074	0.694	0.096	0.136
0.112	0.714	0.018	0.156
0.060	0.816	0.046	0.078
0.103	0.038	0.075	0.784
0.064	0.134	0.672	0.130
0.068	0.772	0.075	0.085
0.172	0.069	0.061	0.698
0.092	0.657	0.131	0.120
>AGGCAGGGTCCT	18-AGGCAGGGTCCT	14.806714	-7.048465	0	T:3.0(0.60%),B:18.9(0.04%),P:1e-3	Tpos:456.2,Tstd:127.2,Bpos:577.1,Bstd:293.4,StrandBias:1.6,Multiplicity:2.67
0.997	0.001	0.001	0.001
0.001	0.001	0.997	0.001
0.001	0.001	0.997	0.001
0.001	0.997	0.001	0.001
0.997	0.001	0.001	0.001
0.001	0.001	0.997	0.001
0.001	0.166	0.832	0.001
0.001	0.001	0.997	0.001
0.001	0.001	0.001	0.997
0.001	0.997	0.001	0.001
0.001	0.997	0.001	0.001
0.001	0.001	0.001	0.997
>GCTGGCTGGCTG	19-GCTGGCTGGCTG	13.082342	-6.330343	0	T:9.0(1.80%),B:266.9(0.54%),P:1e-2	Tpos:300.6,Tstd:297.4,Bpos:427.2,Bstd:258.5,StrandBias:0.8,Multiplicity:1.00
0.001	0.038	0.960	0.001
0.001	0.997	0.001	0.001
0.001	0.001	0.001	0.997
0.001	0.001	0.997	0.001
0.001	0.001	0.997	0.001
0.091	0.907	0.001	0.001
0.001	0.001	0.001	0.997
0.001	0.001	0.997	0.001
0.001	0.081	0.917	0.001
0.001	0.928	0.001	0.070
0.001	0.001	0.001	0.997
0.001	0.001	0.997	0.001
>AGGTGTCCCTCC	20-AGGTGTCCCTCC	14.482218	-5.797372	0	T:3.0(0.60%),B:28.7(0.06%),P:1e-2	Tpos:384.6,Tstd:129.0,Bpos:445.7,Bstd:310.0,StrandBias:3.3,Multiplicity:3.67
0.997	0.001	0.001	0.001
0.001	0.001	0.997	0.001
0.001	0.001	0.997	0.001
0.001	0.001	0.001	0.997
0.120	0.001	0.878	0.001
0.001	0.001	0.001	0.997
0.001	0.997	0.001	0.001
0.001	0.997	0.001	0.001
0.001	0.997	0.001	0.001
0.001	0.001	0.001	0.997
0.001	0.997	0.001	0.001
0.001	0.997	0.001	0.001
>TCACCTGACTGA	21-TCACCTGACTGA	16.237641	-5.552098	0	T:2.0(0.40%),B:9.0(0.02%),P:1e-2	Tpos:334.8,Tstd:62.9,Bpos:547.3,Bstd:242.4,StrandBias:-1.6,Multiplicity:2.00
0.001	0.001	0.001	0.997
0.001	0.997	0.001	0.001
0.832	0.001	0.001	0.166
0.001	0.997	0.001	0.001
0.001	0.997	0.001	0.001
0.001	0.001	0.001	0.997
0.001	0.001	0.997	0.001
0.997	0.001	0.001	0.001
0.001	0.997	0.001	0.001
0.001	0.001	0.001	0.997
0.001	0.001	0.832	0.166
0.997	0.001	0.001	0.001
>CTACACCCTACA	22-CTACACCCTACA	15.231271	-5.348027	0	T:2.0(0.40%),B:10.5(0.02%),P:1e-2	Tpos:417.2,Tstd:265.1,Bpos:413.3,Bstd:291.3,StrandBias:10.0,Multiplicity:5.00
0.001	0.997	0.001	0.001
0.001	0.001	0.001	0.997
0.997	0.001	0.001	0.001
0.001	0.997	0.001	0.001
0.997	0.001	0.001	0.001
0.001	0.997	0.001	0.001
0.001	0.699	0.001	0.299
0.001	0.636	0.001	0.362
0.001	0.001	0.001	0.997
0.997	0.001	0.001	0.001
0.001	0.997	0.001	0.001
0.997	0.001	0.001	0.001
>CTACACTTTACA	23-CTACACTTTACA	12.355432	-4.600679	0	T:1.0(0.20%),B:1.9(0.00%),P:1e-1	Tpos:451.2,Tstd:78.7,Bpos:491.1,Bstd:288.9,StrandBias:10.0,Multiplicity:4.00
0.100	0.700	0.100	0.100
0.100	0.100	0.100	0.700
0.700	0.100	0.100	0.100
0.100	0.700	0.100	0.100
0.700	0.100	0.100	0.100
0.100	0.700	0.100	0.100
0.100	0.100	0.100	0.700
0.100	0.100	0.100	0.700
0.100	0.100	0.100	0.700
0.700	0.100	0.100	0.100
0.100	0.700	0.100	0.100
0.700	0.100	0.100	0.100
>GCTCCCTGCTCC	24-GCTCCCTGCTCC	6.517702	-3.591572	0	T:408.0(81.60%),B:38630.7(78.00%),P:1e-1	Tpos:495.2,Tstd:317.2,Bpos:440.7,Bstd:266.8,StrandBias:0.1,Multiplicity:2.42
0.100	0.100	0.700	0.100
0.100	0.700	0.100	0.100
0.100	0.100	0.100	0.700
0.100	0.700	0.100	0.100
0.100	0.700	0.100	0.100
0.100	0.700	0.100	0.100
0.100	0.100	0.100	0.700
0.100	0.100	0.700	0.100
0.100	0.700	0.100	0.100
0.100	0.100	0.100	0.700
0.100	0.700	0.100	0.100
0.100	0.700	0.100	0.100
>CTGACCATCAGA	25-CTGACCATCAGA	12.355432	-2.556237	0	T:1.0(0.20%),B:8.2(0.02%),P:1e-1	Tpos:493.5,Tstd:48.4,Bpos:421.6,Bstd:294.1,StrandBias:10.0,Multiplicity:4.00
0.100	0.700	0.100	0.100
0.100	0.100	0.100	0.700
0.100	0.100	0.700	0.100
0.700	0.100	0.100	0.100
0.100	0.700	0.100	0.100
0.100	0.700	0.100	0.100
0.700	0.100	0.100	0.100
0.100	0.100	0.100	0.700
0.100	0.700	0.100	0.100
0.700	0.100	0.100	0.100
0.100	0.100	0.700	0.100
0.700	0.100	0.100	0.100
>GCCATATG	1-GCCATATG	6.910541	-151.058810	0	T:349.0(69.80%),B:15939.9(32.18%),P:1e-65	Tpos:461.3,Tstd:286.5,Bpos:441.5,Bstd:263.6,StrandBias:0.1,Multiplicity:1.58
0.236	0.123	0.531	0.110
0.337	0.647	0.015	0.001
0.049	0.939	0.010	0.002
0.934	0.006	0.021	0.039
0.260	0.012	0.151	0.577
0.503	0.182	0.004	0.311
0.046	0.041	0.001	0.912
0.021	0.010	0.958	0.011
>TGATGGAT	2-TGATGGAT	6.794739	-146.144331	0	T:208.0(41.60%),B:5798.8(11.71%),P:1e-63	Tpos:446.3,Tstd:258.7,Bpos:443.5,Bstd:269.0,StrandBias:-0.3,Multiplicity:1.23
0.153	0.021	0.001	0.825
0.001	0.001	0.997	0.001
0.997	0.001	0.001	0.001
0.001	0.046	0.001	0.952
0.001	0.001	0.692	0.306
0.001	0.001	0.997	0.001
0.997	0.001	0.001	0.001
0.001	0.001	0.001	0.997
>AACAGATG	3-AACAGATG	6.571468	-129.112598	0	T:418.0(83.60%),B:24555.1(49.58%),P:1e-56	Tpos:482.4,Tstd:306.9,Bpos:440.3,Bstd:268.2,StrandBias:0.2,Multiplicity:1.61
0.713	0.049	0.237	0.001
0.733	0.144	0.122	0.001
0.001	0.997	0.001	0.001
0.991	0.007	0.001	0.001
0.146	0.001	0.852	0.001
0.874	0.124	0.001	0.001
0.001	0.001	0.001	0.997
0.001	0.001	0.997	0.001
>GGTGTKAA	4-GGTGTKAA	6.637353	-55.934977	0	T:281.0(56.20%),B:16672.1(33.66%),P:1e-24	Tpos:484.3,Tstd:313.3,Bpos:434.0,Bstd:267.4,StrandBias:0.4,Multiplicity:1.59
0.195	0.029	0.732	0.044
0.001	0.065	0.916	0.018
0.118	0.073	0.001	0.808
0.020	0.001	0.978	0.001
0.177	0.103	0.044	0.676
0.015	0.167	0.413	0.404
0.856	0.001	0.096	0.047
0.638	0.094	0.153	0.115
>CTTCAAAG	5-CTTCAAAG	8.449354	-55.147828	0	T:192.0(38.40%),B:9291.3(18.76%),P:1e-23	Tpos:485.7,Tstd:329.8,Bpos:443.5,Bstd:265.6,StrandBias:0.1,Multiplicity:1.31
0.001	0.872	0.001	0.126
0.200	0.001	0.001	0.798
0.001	0.001	0.001	0.997
0.001	0.778	0.117	0.104
0.997	0.001	0.001	0.001
0.997	0.001	0.001	0.001
0.997	0.001	0.001	0.001
0.001	0.001	0.997	0.001
>STGTCACC	6-STGTCACC	3.429397	-42.449542	0	T:253.0(50.60%),B:15542.4(31.38%),P:1e-18	Tpos:525.4,Tstd:345.3,Bpos:442.6,Bstd:268.3,StrandBias:-0.3,Multiplicity:1.38
0.001	0.486	0.350	0.162
0.001	0.001	0.001	0.997
0.001	0.001	0.997	0.001
0.404	0.001	0.001	0.594
0.001	0.997	0.001	0.001
0.976	0.001	0.022	0.001
0.001	0.997	0.001	0.001
0.001	0.822	0.176	0.001
>GATTAATG	7-GATTAATG	6.336639	-41.507297	0	T:221.0(44.20%),B:12851.5(25.95%),P:1e-18	Tpos:513.8,Tstd:332.9,Bpos:440.1,Bstd:264.7,StrandBias:0.1,Multiplicity:1.32
0.001	0.001	0.997	0.001
0.695	0.001	0.129	0.175
0.095	0.142	0.125	0.638
0.001	0.061	0.102	0.836
0.862	0.136	0.001	0.001
0.918	0.080	0.001	0.001
0.001	0.001	0.122	0.876
0.061	0.231	0.682	0.026
>GAGTGATG	8-GAGTGATG	7.934985	-33.207914	0	T:147.0(29.40%),B:7688.6(15.52%),P:1e-14	Tpos:503.9,Tstd:327.0,Bpos:440.2,Bstd:269.0,StrandBias:0.1,Multiplicity:1.16
0.001	0.001	0.838	0.160
0.997	0.001	0.001	0.001
0.014	0.142	0.699	0.145
0.052	0.001	0.001	0.946
0.001	0.157	0.841	0.001
0.997	0.001	0.001	0.001
0.283	0.001	0.001	0.715
0.093	0.232	0.674	0.001
>CTTTGATC	9-CTTTGATC	8.156216	-22.681823	0	T:131.0(26.20%),B:7516.9(15.18%),P:1e-9	Tpos:510.4,Tstd:317.0,Bpos:445.0,Bstd:260.2,StrandBias:-0.0,Multiplicity:1.18
0.001	0.906	0.092	0.001
0.001	0.001	0.001	0.997
0.001	0.001	0.001	0.997
0.122	0.026	0.001	0.851
0.001	0.194	0.804	0.001
0.855	0.001	0.001	0.143
0.001	0.001	0.001	0.997
0.001	0.997	0.001	0.001
>CCTTTTGG	10-CCTTTTGG	7.391892	-21.761963	0	T:86.0(17.20%),B:4207.3(8.50%),P:1e-9	Tpos:489.9,Tstd:302.2,Bpos:448.4,Bstd:262.8,StrandBias:-0.2,Multiplicity:1.11
0.001	0.997	0.001	0.001
0.001	0.997	0.001	0.001
0.001	0.001	0.132	0.866
0.001	0.001	0.001	0.997
0.001	0.001	0.001	0.997
0.001	0.001	0.001	0.997
0.001	0.001	0.997	0.001
0.001	0.191	0.807	0.001
>TGATSGAG	11-TGATSGAG	9.129937	-18.884637	0	T:79.0(15.80%),B:3962.5(8.00%),P:1e-8	Tpos:424.8,Tstd:269.6,Bpos:443.0,Bstd:274.6,StrandBias:0.8,Multiplicity:1.16
0.001	0.001	0.001	0.997
0.001	0.001	0.937	0.061
0.997	0.001	0.001	0.001
0.001	0.001	0.001	0.997
0.001	0.406	0.440	0.153
0.001	0.001	0.997	0.001
0.997	0.001	0.001	0.001
0.001	0.001	0.997	0.001
>TGTAACGA	12-TGTAACGA	7.215862	-15.584036	0	T:104.0(20.80%),B:6226.4(12.57%),P:1e-6	Tpos:480.2,Tstd:325.4,Bpos:442.9,Bstd:264.0,StrandBias:0.1,Multiplicity:1.16
0.001	0.001	0.001	0.997
0.001	0.001	0.997	0.001
0.122	0.001	0.001	0.876
0.783	0.001	0.048	0.168
0.961	0.001	0.037	0.001
0.183	0.765	0.001	0.051
0.167	0.138	0.638	0.057
0.974	0.001	0.001	0.024
>CRAAWTGC	13-CRAAWTGC	9.189174	-13.018169	0	T:24.0(4.80%),B:780.9(1.58%),P:1e-5	Tpos:511.6,Tstd:287.1,Bpos:443.0,Bstd:263.9,StrandBias:0.1,Multiplicity:1.00
0.001	0.997	0.001	0.001
0.480	0.001	0.475	0.044
0.830	0.001	0.168	0.001
0.997	0.001	0.001	0.001
0.481	0.001	0.001	0.517
0.139	0.001	0.001	0.859
0.001	0.001	0.997	0.001
0.001	0.852	0.001	0.146
