>TCACACCTYAGV	17-TCACACCTYAGV	8.488305	-71.029493	0	T:68.0(34.00%),B:6143.0(6.30%),P:1e-30
0.026	0.223	0.001	0.750
0.212	0.715	0.001	0.072
0.932	0.046	0.001	0.021
0.001	0.935	0.001	0.063
0.960	0.014	0.001	0.025
0.034	0.866	0.099	0.001
0.056	0.817	0.001	0.126
0.135	0.355	0.001	0.509
0.091	0.466	0.084	0.359
0.608	0.222	0.001	0.169
0.161	0.250	0.417	0.172
0.307	0.348	0.309	0.035
