>TGAGGTGTGAGC	23-TGAGGTGTGAGC	5.849846	-29.106596	0	T:153.0(76.50%),B:50041.5(51.36%),P:1e-12
0.179	0.076	0.154	0.591
0.145	0.138	0.645	0.072
0.735	0.063	0.107	0.095
0.175	0.062	0.671	0.092
0.095	0.118	0.697	0.090
0.103	0.040	0.108	0.749
0.075	0.112	0.750	0.063
0.159	0.079	0.144	0.618
0.121	0.183	0.584	0.112
0.698	0.028	0.153	0.121
0.194	0.100	0.646	0.060
0.102	0.618	0.143	0.137
