>GTTTGTTTRTTT	1-GTTTGTTTRTTT	8.735214	-64.689905	0	T:121.0(60.50%),B:23047.2(23.54%),P:1e-28	Tpos:377.3,Tstd:207.4,Bpos:331.5,Bstd:243.4,StrandBias:-0.2,Multiplicity:1.76
0.136	0.080	0.647	0.137
0.027	0.010	0.035	0.928
0.001	0.054	0.031	0.914
0.001	0.001	0.019	0.979
0.146	0.016	0.837	0.001
0.001	0.053	0.001	0.945
0.001	0.001	0.025	0.973
0.001	0.001	0.043	0.955
0.339	0.028	0.408	0.225
0.024	0.143	0.069	0.764
0.001	0.087	0.048	0.864
0.016	0.110	0.013	0.861
>CYTAGGAAAACA	2-CYTAGGAAAACA	10.457117	-32.269552	0	T:24.0(12.00%),B:1478.9(1.51%),P:1e-14	Tpos:287.2,Tstd:140.3,Bpos:318.8,Bstd:217.4,StrandBias:0.0,Multiplicity:1.04
0.001	0.875	0.072	0.052
0.001	0.509	0.001	0.489
0.043	0.049	0.001	0.907
0.760	0.001	0.165	0.074
0.122	0.093	0.784	0.001
0.001	0.195	0.803	0.001
0.780	0.089	0.130	0.001
0.700	0.298	0.001	0.001
0.903	0.095	0.001	0.001
0.760	0.001	0.238	0.001
0.001	0.997	0.001	0.001
0.997	0.001	0.001	0.001
>MAYAAACATKNC	3-MAYAAACATKNC	7.672945	-29.741074	0	T:72.0(36.00%),B:14525.6(14.83%),P:1e-12	Tpos:398.4,Tstd:267.0,Bpos:329.9,Bstd:207.1,StrandBias:-0.0,Multiplicity:1.26
0.535	0.392	0.072	0.001
0.845	0.129	0.001	0.025
0.015	0.434	0.099	0.451
0.818	0.001	0.090	0.091
0.873	0.083	0.043	0.001
0.626	0.123	0.250	0.001
0.001	0.997	0.001	0.001
0.643	0.226	0.001	0.130
0.202	0.020	0.066	0.712
0.001	0.218	0.322	0.459
0.269	0.242	0.238	0.252
0.091	0.503	0.242	0.164
>CGCTCAGCAGGG	4-CGCTCAGCAGGG	7.440454	-27.401760	0	T:83.0(41.50%),B:19231.9(19.64%),P:1e-11	Tpos:373.2,Tstd:236.2,Bpos:332.4,Bstd:210.6,StrandBias:-0.2,Multiplicity:1.34
0.207	0.524	0.133	0.136
0.106	0.036	0.713	0.145
0.085	0.822	0.037	0.056
0.169	0.099	0.014	0.718
0.094	0.743	0.113	0.050
0.755	0.038	0.047	0.160
0.026	0.062	0.886	0.026
0.063	0.776	0.103	0.058
0.826	0.052	0.026	0.096
0.049	0.029	0.816	0.106
0.123	0.065	0.731	0.081
0.110	0.105	0.693	0.092
>TACCCCTGGGGA	5-TACCCCTGGGGA	10.945454	-25.275521	0	T:15.0(7.50%),B:653.9(0.67%),P:1e-10	Tpos:289.5,Tstd:135.7,Bpos:340.8,Bstd:212.3,StrandBias:-0.6,Multiplicity:1.00
0.194	0.096	0.001	0.709
0.725	0.087	0.082	0.106
0.026	0.869	0.104	0.001
0.106	0.794	0.001	0.099
0.224	0.774	0.001	0.001
0.001	0.997	0.001	0.001
0.200	0.166	0.001	0.633
0.001	0.001	0.997	0.001
0.166	0.001	0.832	0.001
0.001	0.001	0.997	0.001
0.081	0.001	0.917	0.001
0.767	0.138	0.001	0.094
>TGACCAACTGTA	6-TGACCAACTGTA	9.545177	-16.262255	0	T:8.0(4.00%),B:260.2(0.27%),P:1e-7	Tpos:375.6,Tstd:315.7,Bpos:318.9,Bstd:203.5,StrandBias:0.7,Multiplicity:1.00
0.168	0.056	0.154	0.622
0.086	0.116	0.664	0.134
0.682	0.087	0.097	0.134
0.107	0.670	0.131	0.092
0.148	0.679	0.046	0.127
0.701	0.126	0.057	0.116
0.670	0.075	0.101	0.154
0.095	0.699	0.129	0.077
0.140	0.067	0.037	0.756
0.087	0.113	0.675	0.125
0.160	0.119	0.073	0.648
0.535	0.111	0.199	0.155
>GACCAAGGTTAT	7-GACCAAGGTTAT	9.564039	-13.402412	0	T:5.0(2.50%),B:91.7(0.09%),P:1e-5	Tpos:353.7,Tstd:119.5,Bpos:325.9,Bstd:206.6,StrandBias:1.0,Multiplicity:1.20
0.001	0.001	0.927	0.071
0.997	0.001	0.001	0.001
0.001	0.997	0.001	0.001
0.001	0.997	0.001	0.001
0.863	0.091	0.045	0.001
0.997	0.001	0.001	0.001
0.001	0.001	0.997	0.001
0.001	0.001	0.997	0.001
0.001	0.001	0.001	0.997
0.001	0.001	0.001	0.997
0.863	0.135	0.001	0.001
0.001	0.001	0.001	0.997
>ATTAAACAAAGG	8-ATTAAACAAAGG	10.387326	-11.977630	0	T:15.0(7.50%),B:1820.0(1.86%),P:1e-5	Tpos:392.0,Tstd:279.8,Bpos:332.0,Bstd:199.1,StrandBias:-0.5,Multiplicity:1.00
0.830	0.168	0.001	0.001
0.326	0.169	0.001	0.504
0.001	0.001	0.001	0.997
0.691	0.001	0.307	0.001
0.997	0.001	0.001	0.001
0.830	0.001	0.168	0.001
0.001	0.667	0.317	0.015
0.997	0.001	0.001	0.001
0.824	0.157	0.001	0.018
0.830	0.001	0.001	0.168
0.107	0.001	0.891	0.001
0.001	0.018	0.769	0.212
>CAAAGCAAAGCA	9-CAAAGCAAAGCA	13.221087	-7.754515	0	T:4.0(2.00%),B:168.8(0.17%),P:1e-3	Tpos:376.3,Tstd:101.9,Bpos:306.2,Bstd:288.1,StrandBias:-0.4,Multiplicity:1.00
0.001	0.997	0.001	0.001
0.964	0.034	0.001	0.001
0.997	0.001	0.001	0.001
0.997	0.001	0.001	0.001
0.001	0.001	0.997	0.001
0.001	0.997	0.001	0.001
0.997	0.001	0.001	0.001
0.997	0.001	0.001	0.001
0.997	0.001	0.001	0.001
0.001	0.001	0.997	0.001
0.001	0.997	0.001	0.001
0.997	0.001	0.001	0.001
>GCTGYTTACACT	10-GCTGYTTACACT	11.931643	-5.528122	0	T:4.0(2.00%),B:310.6(0.32%),P:1e-2	Tpos:453.5,Tstd:121.9,Bpos:332.2,Bstd:206.1,StrandBias:2.8,Multiplicity:4.00
0.283	0.123	0.593	0.001
0.238	0.760	0.001	0.001
0.084	0.001	0.001	0.914
0.001	0.001	0.997	0.001
0.001	0.472	0.001	0.526
0.001	0.001	0.001	0.997
0.123	0.355	0.001	0.521
0.885	0.001	0.001	0.113
0.001	0.721	0.001	0.277
0.997	0.001	0.001	0.001
0.001	0.997	0.001	0.001
0.001	0.001	0.001	0.997
>GCTGCTCACACT	11-GCTGCTCACACT	15.912803	-3.268425	0	T:1.0(0.50%),B:19.2(0.02%),P:1e-1	Tpos:566.2,Tstd:67.3,Bpos:278.9,Bstd:181.0,StrandBias:10.0,Multiplicity:5.00
0.001	0.001	0.997	0.001
0.162	0.836	0.001	0.001
0.057	0.001	0.001	0.941
0.001	0.001	0.997	0.001
0.001	0.756	0.001	0.242
0.001	0.001	0.001	0.997
0.083	0.915	0.001	0.001
0.997	0.001	0.001	0.001
0.001	0.911	0.001	0.087
0.997	0.001	0.001	0.001
0.001	0.997	0.001	0.001
0.001	0.001	0.001	0.997
