>TAAACAAACA	1-TAAACAAACA	9.046435	-102.986460	0	T:112.0(56.00%),B:13167.8(13.45%),P:1e-44	Tpos:375.7,Tstd:216.6,Bpos:331.1,Bstd:243.7,StrandBias:0.1,Multiplicity:1.40
0.223	0.224	0.027	0.526
0.888	0.103	0.008	0.001
0.987	0.001	0.011	0.001
0.961	0.001	0.023	0.015
0.001	0.881	0.005	0.113
0.997	0.001	0.001	0.001
0.971	0.001	0.027	0.001
0.989	0.001	0.009	0.001
0.001	0.968	0.027	0.004
0.935	0.053	0.001	0.011
>AAAACAAACG	2-AAAACAAACG	8.421298	-58.325538	0	T:93.0(46.50%),B:14690.3(15.00%),P:1e-25	Tpos:397.6,Tstd:168.4,Bpos:332.2,Bstd:218.5,StrandBias:-0.2,Multiplicity:1.16
0.924	0.001	0.001	0.074
0.804	0.001	0.131	0.064
0.723	0.202	0.074	0.001
0.777	0.006	0.216	0.001
0.001	0.867	0.001	0.131
0.965	0.001	0.001	0.033
0.814	0.090	0.036	0.060
0.802	0.051	0.146	0.001
0.061	0.743	0.172	0.024
0.202	0.108	0.609	0.081
>TAAATAAATA	3-TAAATAAATA	7.634565	-27.103414	0	T:81.0(40.50%),B:18585.8(18.98%),P:1e-11	Tpos:389.5,Tstd:223.4,Bpos:329.5,Bstd:203.6,StrandBias:0.5,Multiplicity:1.23
0.037	0.030	0.033	0.900
0.809	0.125	0.027	0.039
0.833	0.060	0.096	0.011
0.782	0.065	0.099	0.054
0.079	0.086	0.119	0.716
0.850	0.076	0.033	0.041
0.771	0.100	0.024	0.105
0.854	0.023	0.069	0.054
0.020	0.208	0.099	0.673
0.831	0.052	0.064	0.053
>TCCCACTGAG	4-TCCCACTGAG	8.629360	-26.990423	0	T:52.0(26.00%),B:8812.8(9.00%),P:1e-11	Tpos:351.1,Tstd:227.7,Bpos:332.2,Bstd:204.8,StrandBias:0.5,Multiplicity:1.12
0.027	0.122	0.044	0.807
0.001	0.997	0.001	0.001
0.073	0.925	0.001	0.001
0.001	0.903	0.001	0.095
0.655	0.084	0.211	0.050
0.001	0.881	0.023	0.095
0.264	0.001	0.117	0.618
0.001	0.001	0.997	0.001
0.804	0.001	0.194	0.001
0.001	0.001	0.933	0.065
>TGTTTTCCTA	5-TGTTTTCCTA	7.785448	-25.059815	0	T:76.0(38.00%),B:17441.7(17.81%),P:1e-10	Tpos:343.2,Tstd:233.9,Bpos:331.3,Bstd:207.9,StrandBias:0.2,Multiplicity:1.27
0.070	0.001	0.001	0.928
0.161	0.084	0.718	0.037
0.001	0.001	0.116	0.882
0.001	0.001	0.002	0.996
0.127	0.038	0.085	0.750
0.228	0.026	0.003	0.743
0.149	0.692	0.095	0.064
0.170	0.607	0.001	0.222
0.080	0.026	0.001	0.893
0.810	0.082	0.001	0.107
>GCCTGCTGTG	6-GCCTGCTGTG	9.102416	-21.422785	0	T:40.0(20.00%),B:6571.1(6.71%),P:1e-9	Tpos:396.5,Tstd:254.8,Bpos:330.1,Bstd:212.8,StrandBias:0.4,Multiplicity:1.26
0.158	0.163	0.656	0.023
0.047	0.931	0.021	0.001
0.054	0.944	0.001	0.001
0.001	0.001	0.001	0.997
0.061	0.001	0.898	0.040
0.001	0.997	0.001	0.001
0.041	0.001	0.001	0.957
0.088	0.030	0.756	0.126
0.097	0.001	0.001	0.901
0.001	0.044	0.954	0.001
>ACAGCATGGG	7-ACAGCATGGG	8.087117	-20.552968	0	T:35.0(17.50%),B:5354.6(5.47%),P:1e-8	Tpos:340.8,Tstd:226.6,Bpos:323.0,Bstd:203.8,StrandBias:0.0,Multiplicity:1.20
0.530	0.222	0.211	0.037
0.079	0.589	0.057	0.275
0.882	0.001	0.020	0.097
0.163	0.001	0.753	0.083
0.039	0.464	0.209	0.289
0.672	0.220	0.042	0.066
0.028	0.039	0.163	0.770
0.072	0.018	0.862	0.048
0.271	0.001	0.550	0.178
0.042	0.152	0.670	0.136
>GATTCATGAG	8-GATTCATGAG	8.538386	-16.518148	0	T:18.0(9.00%),B:1851.9(1.89%),P:1e-7	Tpos:278.0,Tstd:145.3,Bpos:318.6,Bstd:201.0,StrandBias:-0.5,Multiplicity:1.06
0.001	0.001	0.932	0.066
0.873	0.071	0.001	0.055
0.065	0.071	0.001	0.863
0.001	0.001	0.079	0.919
0.001	0.997	0.001	0.001
0.917	0.001	0.001	0.081
0.082	0.001	0.060	0.857
0.001	0.089	0.792	0.118
0.927	0.001	0.001	0.071
0.001	0.001	0.997	0.001
>TTTGTTTTGC	9-TTTGTTTTGC	6.065407	-16.114559	0	T:49.0(24.50%),B:10966.6(11.20%),P:1e-6	Tpos:381.4,Tstd:177.2,Bpos:327.7,Bstd:217.0,StrandBias:0.1,Multiplicity:1.74
0.001	0.203	0.232	0.564
0.001	0.001	0.001	0.997
0.060	0.001	0.001	0.938
0.053	0.001	0.945	0.001
0.001	0.206	0.001	0.792
0.001	0.001	0.001	0.997
0.357	0.001	0.001	0.641
0.053	0.001	0.001	0.945
0.001	0.001	0.997	0.001
0.029	0.969	0.001	0.001
>GGGTTAAGGA	10-GGGTTAAGGA	7.217782	-14.062886	0	T:22.0(11.00%),B:3185.4(3.25%),P:1e-6	Tpos:363.9,Tstd:207.2,Bpos:325.2,Bstd:205.4,StrandBias:0.3,Multiplicity:1.00
0.185	0.006	0.648	0.161
0.188	0.005	0.651	0.156
0.131	0.119	0.614	0.136
0.143	0.140	0.187	0.530
0.131	0.181	0.155	0.533
0.533	0.162	0.206	0.099
0.655	0.010	0.187	0.148
0.160	0.046	0.653	0.141
0.196	0.128	0.564	0.112
0.624	0.183	0.141	0.052
>GGGCTGCTCA	11-GGGCTGCTCA	8.611206	-7.363812	0	T:21.0(10.50%),B:4665.7(4.76%),P:1e-3	Tpos:387.9,Tstd:173.4,Bpos:326.8,Bstd:208.9,StrandBias:1.6,Multiplicity:1.71
0.027	0.001	0.848	0.124
0.035	0.001	0.929	0.035
0.001	0.034	0.964	0.001
0.001	0.997	0.001	0.001
0.001	0.001	0.001	0.997
0.061	0.001	0.902	0.036
0.064	0.709	0.001	0.226
0.001	0.035	0.001	0.963
0.061	0.913	0.025	0.001
0.935	0.039	0.001	0.025
>GTTTGTTTRTTT	1-GTTTGTTTRTTT	8.735214	-64.689905	0	T:121.0(60.50%),B:23047.2(23.54%),P:1e-28	Tpos:377.3,Tstd:207.4,Bpos:331.5,Bstd:243.4,StrandBias:-0.2,Multiplicity:1.76
0.136	0.080	0.647	0.137
0.027	0.010	0.035	0.928
0.001	0.054	0.031	0.914
0.001	0.001	0.019	0.979
0.146	0.016	0.837	0.001
0.001	0.053	0.001	0.945
0.001	0.001	0.025	0.973
0.001	0.001	0.043	0.955
0.339	0.028	0.408	0.225
0.024	0.143	0.069	0.764
0.001	0.087	0.048	0.864
0.016	0.110	0.013	0.861
>CYTAGGAAAACA	2-CYTAGGAAAACA	10.457117	-32.269552	0	T:24.0(12.00%),B:1478.9(1.51%),P:1e-14	Tpos:287.2,Tstd:140.3,Bpos:318.8,Bstd:217.4,StrandBias:0.0,Multiplicity:1.04
0.001	0.875	0.072	0.052
0.001	0.509	0.001	0.489
0.043	0.049	0.001	0.907
0.760	0.001	0.165	0.074
0.122	0.093	0.784	0.001
0.001	0.195	0.803	0.001
0.780	0.089	0.130	0.001
0.700	0.298	0.001	0.001
0.903	0.095	0.001	0.001
0.760	0.001	0.238	0.001
0.001	0.997	0.001	0.001
0.997	0.001	0.001	0.001
>MAYAAACATKNC	3-MAYAAACATKNC	7.672945	-29.741074	0	T:72.0(36.00%),B:14525.6(14.83%),P:1e-12	Tpos:398.4,Tstd:267.0,Bpos:329.9,Bstd:207.1,StrandBias:-0.0,Multiplicity:1.26
0.535	0.392	0.072	0.001
0.845	0.129	0.001	0.025
0.015	0.434	0.099	0.451
0.818	0.001	0.090	0.091
0.873	0.083	0.043	0.001
0.626	0.123	0.250	0.001
0.001	0.997	0.001	0.001
0.643	0.226	0.001	0.130
0.202	0.020	0.066	0.712
0.001	0.218	0.322	0.459
0.269	0.242	0.238	0.252
0.091	0.503	0.242	0.164
>CGCTCAGCAGGG	4-CGCTCAGCAGGG	7.440454	-27.401760	0	T:83.0(41.50%),B:19231.9(19.64%),P:1e-11	Tpos:373.2,Tstd:236.2,Bpos:332.4,Bstd:210.6,StrandBias:-0.2,Multiplicity:1.34
0.207	0.524	0.133	0.136
0.106	0.036	0.713	0.145
0.085	0.822	0.037	0.056
0.169	0.099	0.014	0.718
0.094	0.743	0.113	0.050
0.755	0.038	0.047	0.160
0.026	0.062	0.886	0.026
0.063	0.776	0.103	0.058
0.826	0.052	0.026	0.096
0.049	0.029	0.816	0.106
0.123	0.065	0.731	0.081
0.110	0.105	0.693	0.092
>TACCCCTGGGGA	5-TACCCCTGGGGA	10.945454	-25.275521	0	T:15.0(7.50%),B:653.9(0.67%),P:1e-10	Tpos:289.5,Tstd:135.7,Bpos:340.8,Bstd:212.3,StrandBias:-0.6,Multiplicity:1.00
0.194	0.096	0.001	0.709
0.725	0.087	0.082	0.106
0.026	0.869	0.104	0.001
0.106	0.794	0.001	0.099
0.224	0.774	0.001	0.001
0.001	0.997	0.001	0.001
0.200	0.166	0.001	0.633
0.001	0.001	0.997	0.001
0.166	0.001	0.832	0.001
0.001	0.001	0.997	0.001
0.081	0.001	0.917	0.001
0.767	0.138	0.001	0.094
>TGACCAACTGTA	6-TGACCAACTGTA	9.545177	-16.262255	0	T:8.0(4.00%),B:260.2(0.27%),P:1e-7	Tpos:375.6,Tstd:315.7,Bpos:318.9,Bstd:203.5,StrandBias:0.7,Multiplicity:1.00
0.168	0.056	0.154	0.622
0.086	0.116	0.664	0.134
0.682	0.087	0.097	0.134
0.107	0.670	0.131	0.092
0.148	0.679	0.046	0.127
0.701	0.126	0.057	0.116
0.670	0.075	0.101	0.154
0.095	0.699	0.129	0.077
0.140	0.067	0.037	0.756
0.087	0.113	0.675	0.125
0.160	0.119	0.073	0.648
0.535	0.111	0.199	0.155
>GACCAAGGTTAT	7-GACCAAGGTTAT	9.564039	-13.402412	0	T:5.0(2.50%),B:91.7(0.09%),P:1e-5	Tpos:353.7,Tstd:119.5,Bpos:325.9,Bstd:206.6,StrandBias:1.0,Multiplicity:1.20
0.001	0.001	0.927	0.071
0.997	0.001	0.001	0.001
0.001	0.997	0.001	0.001
0.001	0.997	0.001	0.001
0.863	0.091	0.045	0.001
0.997	0.001	0.001	0.001
0.001	0.001	0.997	0.001
0.001	0.001	0.997	0.001
0.001	0.001	0.001	0.997
0.001	0.001	0.001	0.997
0.863	0.135	0.001	0.001
0.001	0.001	0.001	0.997
>ATTAAACAAAGG	8-ATTAAACAAAGG	10.387326	-11.977630	0	T:15.0(7.50%),B:1820.0(1.86%),P:1e-5	Tpos:392.0,Tstd:279.8,Bpos:332.0,Bstd:199.1,StrandBias:-0.5,Multiplicity:1.00
0.830	0.168	0.001	0.001
0.326	0.169	0.001	0.504
0.001	0.001	0.001	0.997
0.691	0.001	0.307	0.001
0.997	0.001	0.001	0.001
0.830	0.001	0.168	0.001
0.001	0.667	0.317	0.015
0.997	0.001	0.001	0.001
0.824	0.157	0.001	0.018
0.830	0.001	0.001	0.168
0.107	0.001	0.891	0.001
0.001	0.018	0.769	0.212
>CAAAGCAAAGCA	9-CAAAGCAAAGCA	13.221087	-7.754515	0	T:4.0(2.00%),B:168.8(0.17%),P:1e-3	Tpos:376.3,Tstd:101.9,Bpos:306.2,Bstd:288.1,StrandBias:-0.4,Multiplicity:1.00
0.001	0.997	0.001	0.001
0.964	0.034	0.001	0.001
0.997	0.001	0.001	0.001
0.997	0.001	0.001	0.001
0.001	0.001	0.997	0.001
0.001	0.997	0.001	0.001
0.997	0.001	0.001	0.001
0.997	0.001	0.001	0.001
0.997	0.001	0.001	0.001
0.001	0.001	0.997	0.001
0.001	0.997	0.001	0.001
0.997	0.001	0.001	0.001
>GCTGYTTACACT	10-GCTGYTTACACT	11.931643	-5.528122	0	T:4.0(2.00%),B:310.6(0.32%),P:1e-2	Tpos:453.5,Tstd:121.9,Bpos:332.2,Bstd:206.1,StrandBias:2.8,Multiplicity:4.00
0.283	0.123	0.593	0.001
0.238	0.760	0.001	0.001
0.084	0.001	0.001	0.914
0.001	0.001	0.997	0.001
0.001	0.472	0.001	0.526
0.001	0.001	0.001	0.997
0.123	0.355	0.001	0.521
0.885	0.001	0.001	0.113
0.001	0.721	0.001	0.277
0.997	0.001	0.001	0.001
0.001	0.997	0.001	0.001
0.001	0.001	0.001	0.997
>GCTGCTCACACT	11-GCTGCTCACACT	15.912803	-3.268425	0	T:1.0(0.50%),B:19.2(0.02%),P:1e-1	Tpos:566.2,Tstd:67.3,Bpos:278.9,Bstd:181.0,StrandBias:10.0,Multiplicity:5.00
0.001	0.001	0.997	0.001
0.162	0.836	0.001	0.001
0.057	0.001	0.001	0.941
0.001	0.001	0.997	0.001
0.001	0.756	0.001	0.242
0.001	0.001	0.001	0.997
0.083	0.915	0.001	0.001
0.997	0.001	0.001	0.001
0.001	0.911	0.001	0.087
0.997	0.001	0.001	0.001
0.001	0.997	0.001	0.001
0.001	0.001	0.001	0.997
>MAAYAAAC	1-MAAYAAAC	5.403030	-93.411662	0	T:144.0(72.00%),B:25761.8(26.31%),P:1e-40	Tpos:344.8,Tstd:214.1,Bpos:331.0,Bstd:212.9,StrandBias:0.3,Multiplicity:1.13
0.298	0.374	0.140	0.189
0.559	0.197	0.029	0.215
0.472	0.214	0.299	0.016
0.001	0.495	0.084	0.421
0.560	0.195	0.069	0.176
0.585	0.068	0.225	0.122
0.662	0.125	0.061	0.152
0.022	0.633	0.112	0.233
>GTTTGTTT	2-GTTTGTTT	7.906893	-91.932598	0	T:133.0(66.50%),B:21776.3(22.24%),P:1e-39	Tpos:369.3,Tstd:222.0,Bpos:331.0,Bstd:236.8,StrandBias:0.1,Multiplicity:2.11
0.001	0.001	0.997	0.001
0.001	0.001	0.001	0.997
0.001	0.001	0.001	0.997
0.001	0.001	0.001	0.997
0.281	0.001	0.717	0.001
0.001	0.109	0.001	0.889
0.001	0.001	0.001	0.997
0.001	0.063	0.066	0.870
>CCGCAGGV	3-CCGCAGGV	5.938955	-23.552495	0	T:85.0(42.50%),B:21442.7(21.90%),P:1e-10	Tpos:344.7,Tstd:210.3,Bpos:328.0,Bstd:207.5,StrandBias:0.0,Multiplicity:1.27
0.084	0.905	0.001	0.010
0.247	0.505	0.247	0.001
0.222	0.151	0.574	0.053
0.035	0.612	0.002	0.351
0.610	0.166	0.022	0.202
0.048	0.002	0.778	0.172
0.332	0.011	0.601	0.056
0.327	0.209	0.300	0.164
>GCAAAGCA	4-GCAAAGCA	9.020322	-15.179646	0	T:50.0(25.00%),B:11663.3(11.91%),P:1e-6	Tpos:363.3,Tstd:202.7,Bpos:329.6,Bstd:216.3,StrandBias:-0.2,Multiplicity:1.82
0.001	0.001	0.837	0.161
0.001	0.997	0.001	0.001
0.997	0.001	0.001	0.001
0.997	0.001	0.001	0.001
0.975	0.023	0.001	0.001
0.182	0.001	0.816	0.001
0.001	0.997	0.001	0.001
0.997	0.001	0.001	0.001
>CATGCGGT	5-CATGCGGT	7.586263	-13.858395	0	T:45.0(22.50%),B:10406.3(10.63%),P:1e-6	Tpos:361.2,Tstd:248.6,Bpos:327.4,Bstd:202.2,StrandBias:-0.2,Multiplicity:1.13
0.132	0.710	0.001	0.157
0.997	0.001	0.001	0.001
0.119	0.001	0.001	0.879
0.014	0.001	0.984	0.001
0.343	0.655	0.001	0.001
0.001	0.001	0.886	0.112
0.126	0.001	0.872	0.001
0.001	0.001	0.001	0.997
>TCACACTG	6-TCACACTG	6.684845	-9.119929	0	T:44.0(22.00%),B:12162.7(12.42%),P:1e-3	Tpos:350.3,Tstd:222.7,Bpos:330.5,Bstd:206.8,StrandBias:0.4,Multiplicity:1.34
0.001	0.001	0.001	0.997
0.001	0.997	0.001	0.001
0.739	0.259	0.001	0.001
0.001	0.950	0.001	0.048
0.997	0.001	0.001	0.001
0.001	0.997	0.001	0.001
0.001	0.001	0.001	0.997
0.001	0.001	0.997	0.001
>GTAAATAT	7-GTAAATAT	5.502892	-8.960267	0	T:67.0(33.50%),B:21574.6(22.03%),P:1e-3	Tpos:393.1,Tstd:218.6,Bpos:328.0,Bstd:200.9,StrandBias:0.5,Multiplicity:1.73
0.333	0.001	0.665	0.001
0.001	0.001	0.001	0.997
0.997	0.001	0.001	0.001
0.997	0.001	0.001	0.001
0.761	0.001	0.237	0.001
0.001	0.001	0.001	0.997
0.997	0.001	0.001	0.001
0.334	0.015	0.001	0.650
