>TAAACAAACA	1-TAAACAAACA	9.046435	-102.986460	0	T:112.0(56.00%),B:13167.8(13.45%),P:1e-44	Tpos:375.7,Tstd:216.6,Bpos:331.1,Bstd:243.7,StrandBias:0.1,Multiplicity:1.40
0.223	0.224	0.027	0.526
0.888	0.103	0.008	0.001
0.987	0.001	0.011	0.001
0.961	0.001	0.023	0.015
0.001	0.881	0.005	0.113
0.997	0.001	0.001	0.001
0.971	0.001	0.027	0.001
0.989	0.001	0.009	0.001
0.001	0.968	0.027	0.004
0.935	0.053	0.001	0.011
>AAAACAAACG	2-AAAACAAACG	8.421298	-58.325538	0	T:93.0(46.50%),B:14690.3(15.00%),P:1e-25	Tpos:397.6,Tstd:168.4,Bpos:332.2,Bstd:218.5,StrandBias:-0.2,Multiplicity:1.16
0.924	0.001	0.001	0.074
0.804	0.001	0.131	0.064
0.723	0.202	0.074	0.001
0.777	0.006	0.216	0.001
0.001	0.867	0.001	0.131
0.965	0.001	0.001	0.033
0.814	0.090	0.036	0.060
0.802	0.051	0.146	0.001
0.061	0.743	0.172	0.024
0.202	0.108	0.609	0.081
>TAAATAAATA	3-TAAATAAATA	7.634565	-27.103414	0	T:81.0(40.50%),B:18585.8(18.98%),P:1e-11	Tpos:389.5,Tstd:223.4,Bpos:329.5,Bstd:203.6,StrandBias:0.5,Multiplicity:1.23
0.037	0.030	0.033	0.900
0.809	0.125	0.027	0.039
0.833	0.060	0.096	0.011
0.782	0.065	0.099	0.054
0.079	0.086	0.119	0.716
0.850	0.076	0.033	0.041
0.771	0.100	0.024	0.105
0.854	0.023	0.069	0.054
0.020	0.208	0.099	0.673
0.831	0.052	0.064	0.053
>TCCCACTGAG	4-TCCCACTGAG	8.629360	-26.990423	0	T:52.0(26.00%),B:8812.8(9.00%),P:1e-11	Tpos:351.1,Tstd:227.7,Bpos:332.2,Bstd:204.8,StrandBias:0.5,Multiplicity:1.12
0.027	0.122	0.044	0.807
0.001	0.997	0.001	0.001
0.073	0.925	0.001	0.001
0.001	0.903	0.001	0.095
0.655	0.084	0.211	0.050
0.001	0.881	0.023	0.095
0.264	0.001	0.117	0.618
0.001	0.001	0.997	0.001
0.804	0.001	0.194	0.001
0.001	0.001	0.933	0.065
>TGTTTTCCTA	5-TGTTTTCCTA	7.785448	-25.059815	0	T:76.0(38.00%),B:17441.7(17.81%),P:1e-10	Tpos:343.2,Tstd:233.9,Bpos:331.3,Bstd:207.9,StrandBias:0.2,Multiplicity:1.27
0.070	0.001	0.001	0.928
0.161	0.084	0.718	0.037
0.001	0.001	0.116	0.882
0.001	0.001	0.002	0.996
0.127	0.038	0.085	0.750
0.228	0.026	0.003	0.743
0.149	0.692	0.095	0.064
0.170	0.607	0.001	0.222
0.080	0.026	0.001	0.893
0.810	0.082	0.001	0.107
>GCCTGCTGTG	6-GCCTGCTGTG	9.102416	-21.422785	0	T:40.0(20.00%),B:6571.1(6.71%),P:1e-9	Tpos:396.5,Tstd:254.8,Bpos:330.1,Bstd:212.8,StrandBias:0.4,Multiplicity:1.26
0.158	0.163	0.656	0.023
0.047	0.931	0.021	0.001
0.054	0.944	0.001	0.001
0.001	0.001	0.001	0.997
0.061	0.001	0.898	0.040
0.001	0.997	0.001	0.001
0.041	0.001	0.001	0.957
0.088	0.030	0.756	0.126
0.097	0.001	0.001	0.901
0.001	0.044	0.954	0.001
>ACAGCATGGG	7-ACAGCATGGG	8.087117	-20.552968	0	T:35.0(17.50%),B:5354.6(5.47%),P:1e-8	Tpos:340.8,Tstd:226.6,Bpos:323.0,Bstd:203.8,StrandBias:0.0,Multiplicity:1.20
0.530	0.222	0.211	0.037
0.079	0.589	0.057	0.275
0.882	0.001	0.020	0.097
0.163	0.001	0.753	0.083
0.039	0.464	0.209	0.289
0.672	0.220	0.042	0.066
0.028	0.039	0.163	0.770
0.072	0.018	0.862	0.048
0.271	0.001	0.550	0.178
0.042	0.152	0.670	0.136
>GATTCATGAG	8-GATTCATGAG	8.538386	-16.518148	0	T:18.0(9.00%),B:1851.9(1.89%),P:1e-7	Tpos:278.0,Tstd:145.3,Bpos:318.6,Bstd:201.0,StrandBias:-0.5,Multiplicity:1.06
0.001	0.001	0.932	0.066
0.873	0.071	0.001	0.055
0.065	0.071	0.001	0.863
0.001	0.001	0.079	0.919
0.001	0.997	0.001	0.001
0.917	0.001	0.001	0.081
0.082	0.001	0.060	0.857
0.001	0.089	0.792	0.118
0.927	0.001	0.001	0.071
0.001	0.001	0.997	0.001
>TTTGTTTTGC	9-TTTGTTTTGC	6.065407	-16.114559	0	T:49.0(24.50%),B:10966.6(11.20%),P:1e-6	Tpos:381.4,Tstd:177.2,Bpos:327.7,Bstd:217.0,StrandBias:0.1,Multiplicity:1.74
0.001	0.203	0.232	0.564
0.001	0.001	0.001	0.997
0.060	0.001	0.001	0.938
0.053	0.001	0.945	0.001
0.001	0.206	0.001	0.792
0.001	0.001	0.001	0.997
0.357	0.001	0.001	0.641
0.053	0.001	0.001	0.945
0.001	0.001	0.997	0.001
0.029	0.969	0.001	0.001
>GGGTTAAGGA	10-GGGTTAAGGA	7.217782	-14.062886	0	T:22.0(11.00%),B:3185.4(3.25%),P:1e-6	Tpos:363.9,Tstd:207.2,Bpos:325.2,Bstd:205.4,StrandBias:0.3,Multiplicity:1.00
0.185	0.006	0.648	0.161
0.188	0.005	0.651	0.156
0.131	0.119	0.614	0.136
0.143	0.140	0.187	0.530
0.131	0.181	0.155	0.533
0.533	0.162	0.206	0.099
0.655	0.010	0.187	0.148
0.160	0.046	0.653	0.141
0.196	0.128	0.564	0.112
0.624	0.183	0.141	0.052
>GGGCTGCTCA	11-GGGCTGCTCA	8.611206	-7.363812	0	T:21.0(10.50%),B:4665.7(4.76%),P:1e-3	Tpos:387.9,Tstd:173.4,Bpos:326.8,Bstd:208.9,StrandBias:1.6,Multiplicity:1.71
0.027	0.001	0.848	0.124
0.035	0.001	0.929	0.035
0.001	0.034	0.964	0.001
0.001	0.997	0.001	0.001
0.001	0.001	0.001	0.997
0.061	0.001	0.902	0.036
0.064	0.709	0.001	0.226
0.001	0.035	0.001	0.963
0.061	0.913	0.025	0.001
0.935	0.039	0.001	0.025
