>MAAYAAAC	1-MAAYAAAC	5.403030	-93.411662	0	T:144.0(72.00%),B:25761.8(26.31%),P:1e-40	Tpos:344.8,Tstd:214.1,Bpos:331.0,Bstd:212.9,StrandBias:0.3,Multiplicity:1.13
0.298	0.374	0.140	0.189
0.559	0.197	0.029	0.215
0.472	0.214	0.299	0.016
0.001	0.495	0.084	0.421
0.560	0.195	0.069	0.176
0.585	0.068	0.225	0.122
0.662	0.125	0.061	0.152
0.022	0.633	0.112	0.233
>GTTTGTTT	2-GTTTGTTT	7.906893	-91.932598	0	T:133.0(66.50%),B:21776.3(22.24%),P:1e-39	Tpos:369.3,Tstd:222.0,Bpos:331.0,Bstd:236.8,StrandBias:0.1,Multiplicity:2.11
0.001	0.001	0.997	0.001
0.001	0.001	0.001	0.997
0.001	0.001	0.001	0.997
0.001	0.001	0.001	0.997
0.281	0.001	0.717	0.001
0.001	0.109	0.001	0.889
0.001	0.001	0.001	0.997
0.001	0.063	0.066	0.870
>CCGCAGGV	3-CCGCAGGV	5.938955	-23.552495	0	T:85.0(42.50%),B:21442.7(21.90%),P:1e-10	Tpos:344.7,Tstd:210.3,Bpos:328.0,Bstd:207.5,StrandBias:0.0,Multiplicity:1.27
0.084	0.905	0.001	0.010
0.247	0.505	0.247	0.001
0.222	0.151	0.574	0.053
0.035	0.612	0.002	0.351
0.610	0.166	0.022	0.202
0.048	0.002	0.778	0.172
0.332	0.011	0.601	0.056
0.327	0.209	0.300	0.164
>GCAAAGCA	4-GCAAAGCA	9.020322	-15.179646	0	T:50.0(25.00%),B:11663.3(11.91%),P:1e-6	Tpos:363.3,Tstd:202.7,Bpos:329.6,Bstd:216.3,StrandBias:-0.2,Multiplicity:1.82
0.001	0.001	0.837	0.161
0.001	0.997	0.001	0.001
0.997	0.001	0.001	0.001
0.997	0.001	0.001	0.001
0.975	0.023	0.001	0.001
0.182	0.001	0.816	0.001
0.001	0.997	0.001	0.001
0.997	0.001	0.001	0.001
>CATGCGGT	5-CATGCGGT	7.586263	-13.858395	0	T:45.0(22.50%),B:10406.3(10.63%),P:1e-6	Tpos:361.2,Tstd:248.6,Bpos:327.4,Bstd:202.2,StrandBias:-0.2,Multiplicity:1.13
0.132	0.710	0.001	0.157
0.997	0.001	0.001	0.001
0.119	0.001	0.001	0.879
0.014	0.001	0.984	0.001
0.343	0.655	0.001	0.001
0.001	0.001	0.886	0.112
0.126	0.001	0.872	0.001
0.001	0.001	0.001	0.997
>TCACACTG	6-TCACACTG	6.684845	-9.119929	0	T:44.0(22.00%),B:12162.7(12.42%),P:1e-3	Tpos:350.3,Tstd:222.7,Bpos:330.5,Bstd:206.8,StrandBias:0.4,Multiplicity:1.34
0.001	0.001	0.001	0.997
0.001	0.997	0.001	0.001
0.739	0.259	0.001	0.001
0.001	0.950	0.001	0.048
0.997	0.001	0.001	0.001
0.001	0.997	0.001	0.001
0.001	0.001	0.001	0.997
0.001	0.001	0.997	0.001
>GTAAATAT	7-GTAAATAT	5.502892	-8.960267	0	T:67.0(33.50%),B:21574.6(22.03%),P:1e-3	Tpos:393.1,Tstd:218.6,Bpos:328.0,Bstd:200.9,StrandBias:0.5,Multiplicity:1.73
0.333	0.001	0.665	0.001
0.001	0.001	0.001	0.997
0.997	0.001	0.001	0.001
0.997	0.001	0.001	0.001
0.761	0.001	0.237	0.001
0.001	0.001	0.001	0.997
0.997	0.001	0.001	0.001
0.334	0.015	0.001	0.650
