>TAAACAAACA	1-TAAACAAACA,BestGuess:FOXD2/MA0847.4/Jaspar(0.914)	9.046435	-102.986460	0	T:112.0(56.00%),B:13167.8(13.45%),P:1e-44
0.223	0.224	0.027	0.526
0.888	0.103	0.008	0.001
0.987	0.001	0.011	0.001
0.961	0.001	0.023	0.015
0.001	0.881	0.005	0.113
0.997	0.001	0.001	0.001
0.971	0.001	0.027	0.001
0.989	0.001	0.009	0.001
0.001	0.968	0.027	0.004
0.935	0.053	0.001	0.011
>CYTAGGAAAACA	2-CYTAGGAAAACA,BestGuess:fkh/dmmpmm(Noyes)/fly(0.722)	10.457117	-32.269552	0	T:24.0(12.00%),B:1478.9(1.51%),P:1e-14
0.001	0.875	0.072	0.052
0.001	0.509	0.001	0.489
0.043	0.049	0.001	0.907
0.760	0.001	0.165	0.074
0.122	0.093	0.784	0.001
0.001	0.195	0.803	0.001
0.780	0.089	0.130	0.001
0.700	0.298	0.001	0.001
0.903	0.095	0.001	0.001
0.760	0.001	0.238	0.001
0.001	0.997	0.001	0.001
0.997	0.001	0.001	0.001
>CGCTCAGCAGGG	4-CGCTCAGCAGGG,BestGuess:Unknown-ESC-element(?)/mES-Nanog-ChIP-Seq(GSE11724)/Homer(0.873)	7.440454	-27.401760	0	T:83.0(41.50%),B:19231.9(19.64%),P:1e-11
0.207	0.524	0.133	0.136
0.106	0.036	0.713	0.145
0.085	0.822	0.037	0.056
0.169	0.099	0.014	0.718
0.094	0.743	0.113	0.050
0.755	0.038	0.047	0.160
0.026	0.062	0.886	0.026
0.063	0.776	0.103	0.058
0.826	0.052	0.026	0.096
0.049	0.029	0.816	0.106
0.123	0.065	0.731	0.081
0.110	0.105	0.693	0.092
>TACCCCTGGGGA	5-TACCCCTGGGGA,BestGuess:EBF1/MA0154.5/Jaspar(0.871)	10.945454	-25.275521	0	T:15.0(7.50%),B:653.9(0.67%),P:1e-10
0.194	0.096	0.001	0.709
0.725	0.087	0.082	0.106
0.026	0.869	0.104	0.001
0.106	0.794	0.001	0.099
0.224	0.774	0.001	0.001
0.001	0.997	0.001	0.001
0.200	0.166	0.001	0.633
0.001	0.001	0.997	0.001
0.166	0.001	0.832	0.001
0.001	0.001	0.997	0.001
0.081	0.001	0.917	0.001
0.767	0.138	0.001	0.094
>ACAGCATGGG	7-ACAGCATGGG,BestGuess:PB0206.1_Zic2_2/Jaspar(0.747)	8.087117	-20.552968	0	T:35.0(17.50%),B:5354.6(5.47%),P:1e-8
0.530	0.222	0.211	0.037
0.079	0.589	0.057	0.275
0.882	0.001	0.020	0.097
0.163	0.001	0.753	0.083
0.039	0.464	0.209	0.289
0.672	0.220	0.042	0.066
0.028	0.039	0.163	0.770
0.072	0.018	0.862	0.048
0.271	0.001	0.550	0.178
0.042	0.152	0.670	0.136
>GATTCATGAG	8-GATTCATGAG,BestGuess:PB0178.1_Sox8_2/Jaspar(0.751)	8.538386	-16.518148	0	T:18.0(9.00%),B:1851.9(1.89%),P:1e-7
0.001	0.001	0.932	0.066
0.873	0.071	0.001	0.055
0.065	0.071	0.001	0.863
0.001	0.001	0.079	0.919
0.001	0.997	0.001	0.001
0.917	0.001	0.001	0.081
0.082	0.001	0.060	0.857
0.001	0.089	0.792	0.118
0.927	0.001	0.001	0.071
0.001	0.001	0.997	0.001
>TGACCAACTGTA	6-TGACCAACTGTA,BestGuess:MYB/MA0100.4/Jaspar(0.744)	9.545177	-16.262255	0	T:8.0(4.00%),B:260.2(0.27%),P:1e-7
0.168	0.056	0.154	0.622
0.086	0.116	0.664	0.134
0.682	0.087	0.097	0.134
0.107	0.670	0.131	0.092
0.148	0.679	0.046	0.127
0.701	0.126	0.057	0.116
0.670	0.075	0.101	0.154
0.095	0.699	0.129	0.077
0.140	0.067	0.037	0.756
0.087	0.113	0.675	0.125
0.160	0.119	0.073	0.648
0.535	0.111	0.199	0.155
>GGGTTAAGGA	10-GGGTTAAGGA,BestGuess:ZNF652/HepG2-ZNF652.Flag-ChIP-Seq(Encode)/Homer(0.710)	7.217782	-14.062886	0	T:22.0(11.00%),B:3185.4(3.25%),P:1e-6
0.185	0.006	0.648	0.161
0.188	0.005	0.651	0.156
0.131	0.119	0.614	0.136
0.143	0.140	0.187	0.530
0.131	0.181	0.155	0.533
0.533	0.162	0.206	0.099
0.655	0.010	0.187	0.148
0.160	0.046	0.653	0.141
0.196	0.128	0.564	0.112
0.624	0.183	0.141	0.052
>GACCAAGGTTAT	7-GACCAAGGTTAT,BestGuess:SD0003.1_at_AC_acceptor/Jaspar(0.671)	9.564039	-13.402412	0	T:5.0(2.50%),B:91.7(0.09%),P:1e-5
0.001	0.001	0.927	0.071
0.997	0.001	0.001	0.001
0.001	0.997	0.001	0.001
0.001	0.997	0.001	0.001
0.863	0.091	0.045	0.001
0.997	0.001	0.001	0.001
0.001	0.001	0.997	0.001
0.001	0.001	0.997	0.001
0.001	0.001	0.001	0.997
0.001	0.001	0.001	0.997
0.863	0.135	0.001	0.001
0.001	0.001	0.001	0.997
>TCACACTG	6-TCACACTG,BestGuess:M1BP/MA1459.2/Jaspar(0.829)	6.684845	-9.119929	0	T:44.0(22.00%),B:12162.7(12.42%),P:1e-3
0.001	0.001	0.001	0.997
0.001	0.997	0.001	0.001
0.739	0.259	0.001	0.001
0.001	0.950	0.001	0.048
0.997	0.001	0.001	0.001
0.001	0.997	0.001	0.001
0.001	0.001	0.001	0.997
0.001	0.001	0.997	0.001
>GTAAATAT	7-GTAAATAT,BestGuess:bin/dmmpmm(Bergman)/fly(0.952)	5.502892	-8.960267	0	T:67.0(33.50%),B:21574.6(22.03%),P:1e-3
0.333	0.001	0.665	0.001
0.001	0.001	0.001	0.997
0.997	0.001	0.001	0.001
0.997	0.001	0.001	0.001
0.761	0.001	0.237	0.001
0.001	0.001	0.001	0.997
0.997	0.001	0.001	0.001
0.334	0.015	0.001	0.650
>GGGCTGCTCA	11-GGGCTGCTCA,BestGuess:ZNF341/MA1655.2/Jaspar(0.787)	8.611206	-7.363812	0	T:21.0(10.50%),B:4665.7(4.76%),P:1e-3
0.027	0.001	0.848	0.124
0.035	0.001	0.929	0.035
0.001	0.034	0.964	0.001
0.001	0.997	0.001	0.001
0.001	0.001	0.001	0.997
0.061	0.001	0.902	0.036
0.064	0.709	0.001	0.226
0.001	0.035	0.001	0.963
0.061	0.913	0.025	0.001
0.935	0.039	0.001	0.025
