>AACAAATGGT	1-AACAAATGGT	8.717400	-175.010865	0	T:91.0(60.26%),B:5065.2(5.11%),P:1e-76	Tpos:397.5,Tstd:211.8,Bpos:395.3,Bstd:236.9,StrandBias:0.1,Multiplicity:1.13
0.654	0.049	0.216	0.081
0.562	0.211	0.205	0.022
0.018	0.973	0.001	0.008
0.970	0.028	0.001	0.001
0.849	0.017	0.061	0.073
0.822	0.010	0.068	0.100
0.044	0.028	0.019	0.909
0.051	0.025	0.880	0.044
0.025	0.057	0.870	0.048
0.104	0.287	0.091	0.518
>GACCATTTGG	2-GACCATTTGG	6.903019	-105.976849	0	T:83.0(54.97%),B:8809.2(8.89%),P:1e-46	Tpos:383.6,Tstd:208.8,Bpos:390.8,Bstd:242.9,StrandBias:0.7,Multiplicity:1.12
0.109	0.121	0.700	0.070
0.658	0.131	0.114	0.097
0.110	0.667	0.123	0.100
0.100	0.727	0.083	0.090
0.746	0.097	0.061	0.096
0.137	0.092	0.076	0.695
0.102	0.089	0.109	0.700
0.073	0.050	0.106	0.771
0.104	0.054	0.721	0.121
0.081	0.140	0.617	0.162
>AACAAAAGGC	3-AACAAAAGGC	8.379363	-26.952314	0	T:32.0(21.19%),B:4835.6(4.88%),P:1e-11	Tpos:414.7,Tstd:283.1,Bpos:394.8,Bstd:243.4,StrandBias:0.3,Multiplicity:1.16
0.947	0.001	0.051	0.001
0.886	0.001	0.050	0.063
0.001	0.910	0.030	0.059
0.997	0.001	0.001	0.001
0.804	0.055	0.047	0.094
0.877	0.067	0.055	0.001
0.806	0.133	0.060	0.001
0.001	0.001	0.949	0.049
0.001	0.001	0.997	0.001
0.027	0.865	0.107	0.001
>CTGGATAATG	4-CTGGATAATG	9.717685	-24.401852	0	T:21.0(13.91%),B:2178.5(2.20%),P:1e-10	Tpos:366.9,Tstd:325.0,Bpos:397.7,Bstd:233.5,StrandBias:0.1,Multiplicity:1.00
0.086	0.732	0.087	0.095
0.001	0.001	0.001	0.997
0.001	0.001	0.997	0.001
0.001	0.080	0.918	0.001
0.916	0.001	0.001	0.082
0.001	0.001	0.042	0.956
0.942	0.001	0.056	0.001
0.788	0.130	0.081	0.001
0.001	0.001	0.065	0.933
0.108	0.001	0.890	0.001
>CCATCTGTTG	5-CCATCTGTTG	10.303832	-23.698509	0	T:20.0(13.25%),B:2024.9(2.04%),P:1e-10	Tpos:440.1,Tstd:254.8,Bpos:394.8,Bstd:242.3,StrandBias:0.6,Multiplicity:1.05
0.001	0.997	0.001	0.001
0.001	0.997	0.001	0.001
0.913	0.085	0.001	0.001
0.001	0.119	0.001	0.879
0.001	0.997	0.001	0.001
0.001	0.001	0.001	0.997
0.001	0.001	0.997	0.001
0.001	0.356	0.001	0.642
0.001	0.240	0.065	0.694
0.130	0.001	0.868	0.001
>GWWAGCAAAY	6-GWWAGCAAAY	7.616289	-23.591008	0	T:36.0(23.84%),B:6906.3(6.97%),P:1e-10	Tpos:429.4,Tstd:291.5,Bpos:395.0,Bstd:244.2,StrandBias:0.6,Multiplicity:1.17
0.028	0.085	0.607	0.280
0.412	0.094	0.188	0.306
0.424	0.018	0.225	0.333
0.910	0.027	0.051	0.012
0.042	0.027	0.915	0.016
0.172	0.638	0.189	0.001
0.624	0.071	0.057	0.248
0.697	0.047	0.220	0.036
0.620	0.015	0.173	0.192
0.069	0.473	0.111	0.346
>TGCTGAWTGA	7-TGCTGAWTGA	8.552914	-21.661286	0	T:21.0(13.91%),B:2537.0(2.56%),P:1e-9	Tpos:328.3,Tstd:210.5,Bpos:396.4,Bstd:240.0,StrandBias:0.5,Multiplicity:1.05
0.077	0.002	0.194	0.727
0.001	0.220	0.652	0.127
0.120	0.800	0.079	0.001
0.081	0.001	0.001	0.917
0.004	0.140	0.536	0.320
0.604	0.070	0.001	0.325
0.338	0.139	0.168	0.355
0.059	0.004	0.133	0.804
0.270	0.001	0.529	0.200
0.769	0.128	0.101	0.002
>TGTCCCTAAT	8-TGTCCCTAAT	8.999338	-20.835328	0	T:17.0(11.26%),B:1656.7(1.67%),P:1e-9	Tpos:443.4,Tstd:243.2,Bpos:394.9,Bstd:229.6,StrandBias:0.3,Multiplicity:1.06
0.058	0.001	0.124	0.817
0.001	0.099	0.899	0.001
0.001	0.126	0.001	0.872
0.001	0.900	0.098	0.001
0.001	0.997	0.001	0.001
0.001	0.897	0.001	0.101
0.087	0.001	0.001	0.911
0.997	0.001	0.001	0.001
0.698	0.091	0.102	0.109
0.001	0.001	0.001	0.997
>GTTTTCACAG	9-GTTTTCACAG	7.697958	-18.969089	0	T:60.0(39.74%),B:19167.8(19.34%),P:1e-8	Tpos:454.1,Tstd:254.6,Bpos:391.4,Bstd:244.2,StrandBias:-0.6,Multiplicity:1.25
0.105	0.058	0.532	0.305
0.027	0.060	0.036	0.877
0.057	0.001	0.152	0.790
0.001	0.069	0.075	0.855
0.065	0.065	0.047	0.823
0.067	0.829	0.001	0.103
0.736	0.131	0.001	0.132
0.122	0.780	0.097	0.001
0.996	0.001	0.001	0.002
0.140	0.001	0.815	0.044
>GAGGATAAAC	10-GAGGATAAAC	7.455494	-18.255395	0	T:46.0(30.46%),B:12741.5(12.85%),P:1e-7	Tpos:403.4,Tstd:289.1,Bpos:394.4,Bstd:236.1,StrandBias:-0.1,Multiplicity:1.09
0.047	0.066	0.765	0.122
0.816	0.001	0.157	0.026
0.047	0.058	0.838	0.057
0.156	0.046	0.737	0.061
0.907	0.034	0.058	0.001
0.106	0.141	0.080	0.673
0.727	0.123	0.059	0.091
0.824	0.062	0.002	0.112
0.937	0.031	0.012	0.020
0.092	0.792	0.020	0.096
>CCCAGTGGGA	11-CCCAGTGGGA	6.887642	-14.539819	0	T:49.0(32.45%),B:15897.1(16.04%),P:1e-6	Tpos:374.9,Tstd:293.1,Bpos:388.9,Bstd:241.5,StrandBias:0.1,Multiplicity:1.15
0.043	0.704	0.139	0.114
0.307	0.474	0.081	0.137
0.050	0.647	0.121	0.182
0.547	0.141	0.120	0.192
0.120	0.256	0.537	0.087
0.187	0.082	0.222	0.509
0.027	0.001	0.878	0.094
0.119	0.001	0.624	0.256
0.060	0.079	0.792	0.069
0.547	0.120	0.180	0.153
>GCAAATGTTT	12-GCAAATGTTT	9.822392	-13.777983	0	T:16.0(10.60%),B:2413.7(2.43%),P:1e-5	Tpos:368.1,Tstd:268.2,Bpos:399.4,Bstd:240.7,StrandBias:0.0,Multiplicity:1.12
0.236	0.167	0.580	0.017
0.001	0.983	0.015	0.001
0.493	0.221	0.001	0.285
0.997	0.001	0.001	0.001
0.997	0.001	0.001	0.001
0.284	0.001	0.001	0.714
0.017	0.001	0.981	0.001
0.001	0.226	0.001	0.772
0.001	0.019	0.168	0.812
0.210	0.001	0.003	0.786
>TGTTTMCAGG	13-TGTTTMCAGG	9.264177	-13.734476	0	T:25.0(16.56%),B:5530.0(5.58%),P:1e-5	Tpos:435.6,Tstd:349.5,Bpos:399.5,Bstd:243.2,StrandBias:0.2,Multiplicity:1.20
0.154	0.001	0.001	0.844
0.001	0.001	0.997	0.001
0.088	0.001	0.001	0.910
0.001	0.001	0.001	0.997
0.125	0.062	0.033	0.780
0.464	0.497	0.001	0.038
0.118	0.880	0.001	0.001
0.774	0.067	0.001	0.158
0.001	0.001	0.997	0.001
0.227	0.115	0.630	0.028
>AGCAGCATGG	14-AGCAGCATGG	9.309412	-13.026910	0	T:27.0(17.88%),B:6552.4(6.61%),P:1e-5	Tpos:387.7,Tstd:207.7,Bpos:398.7,Bstd:250.2,StrandBias:0.6,Multiplicity:1.04
0.819	0.001	0.078	0.102
0.101	0.201	0.593	0.105
0.071	0.927	0.001	0.001
0.997	0.001	0.001	0.001
0.071	0.113	0.815	0.001
0.119	0.714	0.166	0.001
0.913	0.001	0.001	0.085
0.345	0.001	0.086	0.568
0.001	0.001	0.997	0.001
0.188	0.001	0.725	0.086
>GAGGCCACTA	15-GAGGCCACTA	7.935165	-12.753928	0	T:26.0(17.22%),B:6243.0(6.30%),P:1e-5	Tpos:445.6,Tstd:319.9,Bpos:396.6,Bstd:236.2,StrandBias:0.6,Multiplicity:1.17
0.047	0.069	0.883	0.001
0.793	0.001	0.069	0.137
0.063	0.077	0.744	0.116
0.075	0.107	0.751	0.067
0.078	0.758	0.067	0.097
0.062	0.877	0.001	0.060
0.897	0.029	0.001	0.073
0.078	0.811	0.008	0.103
0.097	0.170	0.040	0.693
0.805	0.094	0.041	0.060
>GCTGCTCCCC	16-GCTGCTCCCC	8.666451	-11.127659	0	T:14.0(9.27%),B:2323.2(2.34%),P:1e-4	Tpos:391.6,Tstd:311.9,Bpos:398.9,Bstd:249.5,StrandBias:1.2,Multiplicity:1.43
0.001	0.001	0.997	0.001
0.001	0.997	0.001	0.001
0.001	0.001	0.001	0.997
0.001	0.001	0.945	0.053
0.001	0.997	0.001	0.001
0.001	0.001	0.001	0.997
0.093	0.793	0.001	0.113
0.054	0.944	0.001	0.001
0.001	0.997	0.001	0.001
0.001	0.997	0.001	0.001
>TTATTTATTT	17-TTATTTATTT	9.985486	-4.520170	0	T:17.0(11.26%),B:6039.5(6.09%),P:1e-1	Tpos:228.0,Tstd:124.6,Bpos:395.8,Bstd:238.2,StrandBias:-1.2,Multiplicity:1.00
0.115	0.001	0.141	0.743
0.001	0.001	0.001	0.997
0.904	0.001	0.001	0.094
0.259	0.189	0.001	0.551
0.001	0.071	0.090	0.838
0.001	0.108	0.001	0.890
0.787	0.078	0.134	0.001
0.001	0.018	0.001	0.980
0.001	0.001	0.408	0.590
0.001	0.301	0.001	0.697
