>ACCATTTG	1-ACCATTTG	5.319564	-140.205406	0	T:98.0(64.90%),B:9473.7(9.56%),P:1e-60	Tpos:397.0,Tstd:224.8,Bpos:392.2,Bstd:242.1,StrandBias:-0.0,Multiplicity:1.20
0.579	0.138	0.282	0.001
0.001	0.997	0.001	0.001
0.001	0.975	0.023	0.001
0.997	0.001	0.001	0.001
0.001	0.001	0.001	0.997
0.001	0.001	0.001	0.997
0.001	0.001	0.001	0.997
0.001	0.001	0.997	0.001
>AGCAAATG	2-AGCAAATG	8.624810	-55.989412	0	T:60.0(39.74%),B:8609.8(8.68%),P:1e-24	Tpos:416.0,Tstd:204.1,Bpos:390.9,Bstd:244.6,StrandBias:0.7,Multiplicity:1.10
0.997	0.001	0.001	0.001
0.342	0.001	0.495	0.162
0.001	0.997	0.001	0.001
0.995	0.001	0.001	0.003
0.549	0.117	0.037	0.297
0.552	0.126	0.033	0.289
0.066	0.032	0.035	0.867
0.001	0.042	0.956	0.001
>CAAACGGC	3-CAAACGGC	5.386688	-32.297117	0	T:125.0(82.78%),B:52286.1(52.74%),P:1e-14	Tpos:421.8,Tstd:304.9,Bpos:393.0,Bstd:244.9,StrandBias:0.1,Multiplicity:1.75
0.052	0.788	0.066	0.094
0.791	0.051	0.109	0.049
0.737	0.060	0.080	0.123
0.849	0.042	0.033	0.076
0.154	0.675	0.050	0.121
0.212	0.015	0.681	0.092
0.108	0.056	0.801	0.035
0.138	0.687	0.099	0.076
>CCMTGCWG	4-CCMTGCWG	6.611624	-18.884545	0	T:74.0(49.01%),B:26692.2(26.93%),P:1e-8	Tpos:417.3,Tstd:283.6,Bpos:395.3,Bstd:247.4,StrandBias:-0.1,Multiplicity:1.37
0.001	0.733	0.162	0.104
0.209	0.742	0.018	0.031
0.377	0.469	0.001	0.153
0.391	0.035	0.005	0.569
0.365	0.020	0.611	0.004
0.149	0.571	0.185	0.095
0.268	0.116	0.225	0.391
0.001	0.001	0.996	0.002
>ARTAAACA	5-ARTAAACA	6.514600	-16.762252	0	T:57.0(37.75%),B:18761.4(18.93%),P:1e-7	Tpos:391.7,Tstd:274.6,Bpos:392.2,Bstd:240.4,StrandBias:0.5,Multiplicity:1.21
0.429	0.102	0.261	0.207
0.339	0.169	0.427	0.065
0.083	0.180	0.031	0.706
0.861	0.081	0.057	0.001
0.943	0.001	0.001	0.055
0.708	0.138	0.108	0.046
0.029	0.624	0.001	0.346
0.501	0.068	0.222	0.209
>CSATCTGY	6-CSATCTGY	6.770621	-11.860254	0	T:54.0(35.76%),B:20066.4(20.24%),P:1e-5	Tpos:388.1,Tstd:248.6,Bpos:392.2,Bstd:241.1,StrandBias:0.2,Multiplicity:1.23
0.001	0.814	0.001	0.184
0.001	0.429	0.569	0.001
0.738	0.090	0.171	0.001
0.077	0.001	0.001	0.921
0.001	0.997	0.001	0.001
0.122	0.319	0.001	0.558
0.001	0.001	0.802	0.196
0.001	0.498	0.082	0.419
>GCTGCTTC	7-GCTGCTTC	8.413772	-11.041145	0	T:35.0(23.18%),B:10930.7(11.03%),P:1e-4	Tpos:448.3,Tstd:327.2,Bpos:395.3,Bstd:248.4,StrandBias:-0.2,Multiplicity:1.21
0.001	0.001	0.997	0.001
0.001	0.997	0.001	0.001
0.001	0.001	0.001	0.997
0.001	0.001	0.997	0.001
0.001	0.911	0.087	0.001
0.001	0.001	0.048	0.950
0.153	0.001	0.001	0.845
0.001	0.997	0.001	0.001
>AATAAATA	8-AATAAATA	8.236954	-3.402894	0	T:20.0(13.25%),B:8471.2(8.55%),P:1e-1	Tpos:320.5,Tstd:296.4,Bpos:393.8,Bstd:237.9,StrandBias:0.8,Multiplicity:2.00
0.700	0.100	0.100	0.100
0.700	0.100	0.100	0.100
0.100	0.100	0.100	0.700
0.700	0.100	0.100	0.100
0.700	0.100	0.100	0.100
0.700	0.100	0.100	0.100
0.100	0.100	0.100	0.700
0.700	0.100	0.100	0.100
