>KGACCATTTGGT	1-KGACCATTTGGT	6.800293	-160.249569	0	T:82.0(54.30%),B:4230.8(4.27%),P:1e-69	Tpos:393.9,Tstd:223.4,Bpos:391.7,Bstd:237.9,StrandBias:-0.3,Multiplicity:1.12
0.270	0.001	0.424	0.304
0.274	0.003	0.689	0.034
0.698	0.269	0.032	0.001
0.026	0.972	0.001	0.001
0.001	0.997	0.001	0.001
0.997	0.001	0.001	0.001
0.001	0.001	0.001	0.997
0.001	0.001	0.001	0.997
0.001	0.001	0.001	0.997
0.001	0.001	0.997	0.001
0.001	0.271	0.453	0.275
0.001	0.391	0.001	0.607
>CACCATTTGTTG	2-CACCATTTGTTG	7.623147	-72.633470	0	T:81.0(53.64%),B:13017.6(13.13%),P:1e-31	Tpos:413.5,Tstd:246.4,Bpos:391.4,Bstd:238.1,StrandBias:0.0,Multiplicity:1.25
0.113	0.688	0.145	0.054
0.736	0.125	0.014	0.125
0.032	0.733	0.122	0.113
0.063	0.766	0.038	0.133
0.817	0.060	0.037	0.086
0.048	0.125	0.050	0.777
0.024	0.163	0.061	0.752
0.051	0.052	0.064	0.833
0.031	0.126	0.770	0.073
0.037	0.122	0.087	0.754
0.082	0.100	0.065	0.753
0.091	0.185	0.627	0.097
>GCTGTGTAAACA	3-GCTGTGTAAACA	10.633164	-27.554909	0	T:16.0(10.60%),B:903.7(0.91%),P:1e-11	Tpos:524.3,Tstd:253.2,Bpos:395.9,Bstd:249.1,StrandBias:-0.4,Multiplicity:1.07
0.109	0.218	0.672	0.001
0.127	0.777	0.001	0.095
0.001	0.126	0.001	0.872
0.130	0.220	0.649	0.001
0.110	0.001	0.001	0.888
0.001	0.001	0.997	0.001
0.195	0.001	0.001	0.803
0.650	0.001	0.001	0.348
0.785	0.001	0.001	0.213
0.896	0.001	0.102	0.001
0.001	0.997	0.001	0.001
0.548	0.001	0.201	0.250
>TCGTTAATAAGC	4-TCGTTAATAAGC	11.701911	-24.777916	0	T:9.0(5.96%),B:183.9(0.19%),P:1e-10	Tpos:403.2,Tstd:328.0,Bpos:385.2,Bstd:230.5,StrandBias:1.0,Multiplicity:1.00
0.001	0.001	0.001	0.997
0.001	0.612	0.199	0.188
0.001	0.215	0.625	0.159
0.001	0.001	0.001	0.997
0.001	0.001	0.001	0.997
0.997	0.001	0.001	0.001
0.581	0.180	0.001	0.238
0.001	0.254	0.001	0.744
0.800	0.001	0.001	0.198
0.997	0.001	0.001	0.001
0.001	0.001	0.997	0.001
0.001	0.651	0.347	0.001
>ATGGCTTTTCTK	5-ATGGCTTTTCTK	11.496365	-23.173922	0	T:14.0(9.27%),B:858.0(0.87%),P:1e-10	Tpos:333.0,Tstd:201.2,Bpos:381.0,Bstd:249.4,StrandBias:-0.8,Multiplicity:1.00
0.545	0.035	0.378	0.042
0.054	0.001	0.062	0.883
0.001	0.228	0.488	0.283
0.060	0.006	0.928	0.006
0.001	0.582	0.148	0.269
0.057	0.057	0.001	0.885
0.085	0.001	0.077	0.837
0.001	0.001	0.001	0.997
0.001	0.413	0.001	0.585
0.001	0.903	0.037	0.059
0.001	0.133	0.001	0.865
0.001	0.059	0.429	0.511
>TTCMCACTGTGA	6-TTCMCACTGTGA	9.994734	-22.986326	0	T:23.0(15.23%),B:2877.2(2.90%),P:1e-9	Tpos:308.2,Tstd:171.1,Bpos:392.5,Bstd:239.7,StrandBias:0.1,Multiplicity:1.04
0.077	0.204	0.002	0.717
0.204	0.001	0.001	0.794
0.002	0.924	0.001	0.073
0.524	0.411	0.001	0.064
0.001	0.919	0.079	0.001
0.997	0.001	0.001	0.001
0.003	0.724	0.165	0.108
0.221	0.001	0.001	0.777
0.003	0.001	0.995	0.001
0.176	0.001	0.182	0.641
0.081	0.001	0.819	0.099
0.721	0.001	0.066	0.212
>CAGGCAATCCAT	7-CAGGCAATCCAT	10.439466	-21.948597	0	T:18.0(11.92%),B:1760.9(1.78%),P:1e-9	Tpos:406.2,Tstd:374.9,Bpos:396.7,Bstd:242.2,StrandBias:-0.7,Multiplicity:1.00
0.143	0.623	0.233	0.001
0.997	0.001	0.001	0.001
0.164	0.001	0.834	0.001
0.001	0.001	0.997	0.001
0.001	0.766	0.001	0.232
0.568	0.147	0.001	0.284
0.834	0.164	0.001	0.001
0.001	0.138	0.308	0.553
0.001	0.997	0.001	0.001
0.001	0.997	0.001	0.001
0.997	0.001	0.001	0.001
0.001	0.001	0.119	0.879
>AGAGGATAAACA	8-AGAGGATAAACA	9.501857	-19.412517	0	T:22.0(14.57%),B:3173.8(3.20%),P:1e-8	Tpos:409.3,Tstd:366.8,Bpos:394.4,Bstd:232.4,StrandBias:0.0,Multiplicity:1.00
0.636	0.121	0.069	0.174
0.060	0.061	0.808	0.071
0.875	0.001	0.063	0.061
0.065	0.087	0.847	0.001
0.152	0.001	0.791	0.056
0.930	0.068	0.001	0.001
0.058	0.140	0.074	0.728
0.864	0.001	0.048	0.087
0.767	0.039	0.143	0.051
0.934	0.064	0.001	0.001
0.054	0.918	0.027	0.001
0.912	0.086	0.001	0.001
>AAGGCTGTTTTC	9-AAGGCTGTTTTC	9.169330	-17.317111	0	T:25.0(16.56%),B:4562.6(4.60%),P:1e-7	Tpos:379.0,Tstd:242.6,Bpos:396.7,Bstd:244.0,StrandBias:-0.4,Multiplicity:1.12
0.873	0.064	0.062	0.001
0.758	0.052	0.062	0.128
0.108	0.055	0.728	0.109
0.055	0.008	0.775	0.162
0.043	0.770	0.118	0.069
0.108	0.001	0.001	0.890
0.001	0.059	0.878	0.062
0.001	0.001	0.001	0.997
0.074	0.001	0.001	0.924
0.150	0.108	0.001	0.741
0.001	0.156	0.069	0.774
0.001	0.899	0.099	0.001
>ACAAATGGTGGC	10-ACAAATGGTGGC	10.409522	-14.935470	0	T:9.0(5.96%),B:578.7(0.58%),P:1e-6	Tpos:262.0,Tstd:0.0,Bpos:412.5,Bstd:249.8,StrandBias:-10.0,Multiplicity:1.00
0.700	0.100	0.100	0.100
0.100	0.700	0.100	0.100
0.700	0.100	0.100	0.100
0.700	0.100	0.100	0.100
0.700	0.100	0.100	0.100
0.100	0.100	0.100	0.700
0.100	0.100	0.700	0.100
0.100	0.100	0.700	0.100
0.100	0.100	0.100	0.700
0.100	0.100	0.700	0.100
0.100	0.100	0.700	0.100
0.100	0.700	0.100	0.100
>NCTGTTAGCTAN	11-NCTGTTAGCTAN	7.988403	-14.550515	0	T:11.0(7.28%),B:999.6(1.01%),P:1e-6	Tpos:306.5,Tstd:183.3,Bpos:396.7,Bstd:239.3,StrandBias:-0.7,Multiplicity:1.18
0.197	0.214	0.256	0.332
0.110	0.656	0.116	0.118
0.112	0.070	0.045	0.773
0.070	0.137	0.661	0.132
0.151	0.102	0.109	0.638
0.103	0.138	0.163	0.596
0.597	0.073	0.172	0.158
0.126	0.125	0.622	0.127
0.144	0.595	0.120	0.141
0.153	0.152	0.067	0.628
0.588	0.125	0.151	0.136
0.233	0.229	0.224	0.313
>ATAGCAGTGCAG	12-ATAGCAGTGCAG	14.859111	-11.102576	0	T:3.0(1.99%),B:30.9(0.03%),P:1e-4	Tpos:104.7,Tstd:128.1,Bpos:410.0,Bstd:235.6,StrandBias:2.3,Multiplicity:2.00
0.997	0.001	0.001	0.001
0.001	0.001	0.001	0.997
0.997	0.001	0.001	0.001
0.001	0.001	0.755	0.243
0.001	0.997	0.001	0.001
0.997	0.001	0.001	0.001
0.231	0.001	0.767	0.001
0.001	0.001	0.001	0.997
0.001	0.001	0.997	0.001
0.001	0.997	0.001	0.001
0.997	0.001	0.001	0.001
0.001	0.001	0.997	0.001
>TCACTTTGCTTA	13-TCACTTTGCTTA	8.463612	-6.968005	0	T:24.0(15.89%),B:7920.8(7.99%),P:1e-3	Tpos:512.1,Tstd:286.3,Bpos:393.6,Bstd:236.9,StrandBias:-0.5,Multiplicity:1.26
0.100	0.100	0.100	0.700
0.100	0.700	0.100	0.100
0.700	0.100	0.100	0.100
0.100	0.700	0.100	0.100
0.100	0.100	0.100	0.700
0.100	0.100	0.100	0.700
0.100	0.100	0.100	0.700
0.100	0.100	0.700	0.100
0.100	0.700	0.100	0.100
0.100	0.100	0.100	0.700
0.100	0.100	0.100	0.700
0.700	0.100	0.100	0.100
>ATACATAAATAA	14-ATACATAAATAA	9.093852	-4.927814	0	T:18.0(11.92%),B:6264.2(6.32%),P:1e-2	Tpos:272.4,Tstd:164.2,Bpos:395.7,Bstd:238.7,StrandBias:1.1,Multiplicity:1.12
0.639	0.220	0.001	0.140
0.198	0.004	0.001	0.797
0.997	0.001	0.001	0.001
0.028	0.802	0.169	0.001
0.799	0.001	0.001	0.199
0.058	0.172	0.001	0.769
0.997	0.001	0.001	0.001
0.993	0.005	0.001	0.001
0.826	0.001	0.172	0.001
0.001	0.168	0.001	0.830
0.799	0.001	0.199	0.001
0.779	0.219	0.001	0.001
>TTATTTAYTTTT	15-TTATTTAYTTTT	14.585121	-4.009261	0	T:5.0(3.31%),B:987.1(1.00%),P:1e-1	Tpos:118.0,Tstd:96.2,Bpos:385.7,Bstd:241.6,StrandBias:-1.0,Multiplicity:1.20
0.001	0.001	0.001	0.997
0.001	0.001	0.001	0.997
0.997	0.001	0.001	0.001
0.001	0.001	0.001	0.997
0.001	0.001	0.001	0.997
0.001	0.001	0.001	0.997
0.630	0.368	0.001	0.001
0.001	0.436	0.001	0.562
0.001	0.001	0.001	0.997
0.001	0.001	0.001	0.997
0.174	0.001	0.001	0.824
0.001	0.001	0.001	0.997
>GCTGCTCCCCCT	16-GCTGCTCCCCCT	16.432879	-3.286938	0	T:1.0(0.66%),B:25.8(0.03%),P:1e-1	Tpos:212.8,Tstd:71.0,Bpos:320.0,Bstd:252.4,StrandBias:10.0,Multiplicity:5.00
0.001	0.001	0.997	0.001
0.001	0.997	0.001	0.001
0.001	0.001	0.001	0.997
0.001	0.001	0.997	0.001
0.001	0.997	0.001	0.001
0.001	0.001	0.001	0.997
0.001	0.844	0.001	0.154
0.001	0.997	0.001	0.001
0.001	0.997	0.001	0.001
0.001	0.997	0.001	0.001
0.001	0.997	0.001	0.001
0.001	0.001	0.001	0.997
