>AACAAATGGT	1-AACAAATGGT,BestGuess:Mesp1(bHLH)/ESC-Mesp1-ChIP-Seq(GSE165102)/Homer(0.977)	8.717400	-175.010865	0	T:91.0(60.26%),B:5065.2(5.11%),P:1e-76
0.654	0.049	0.216	0.081
0.562	0.211	0.205	0.022
0.018	0.973	0.001	0.008
0.970	0.028	0.001	0.001
0.849	0.017	0.061	0.073
0.822	0.010	0.068	0.100
0.044	0.028	0.019	0.909
0.051	0.025	0.880	0.044
0.025	0.057	0.870	0.048
0.104	0.287	0.091	0.518
>GCTGTGTAAACA	3-GCTGTGTAAACA,BestGuess:Fox:Ebox(Forkhead,bHLH)/Panc1-Foxa2-ChIP-Seq(GSE47459)/Homer(0.821)	10.633164	-27.554909	0	T:16.0(10.60%),B:903.7(0.91%),P:1e-11
0.109	0.218	0.672	0.001
0.127	0.777	0.001	0.095
0.001	0.126	0.001	0.872
0.130	0.220	0.649	0.001
0.110	0.001	0.001	0.888
0.001	0.001	0.997	0.001
0.195	0.001	0.001	0.803
0.650	0.001	0.001	0.348
0.785	0.001	0.001	0.213
0.896	0.001	0.102	0.001
0.001	0.997	0.001	0.001
0.548	0.001	0.201	0.250
>TCGTTAATAAGC	4-TCGTTAATAAGC,BestGuess:acj6/MA2188.1/Jaspar(0.727)	11.701911	-24.777916	0	T:9.0(5.96%),B:183.9(0.19%),P:1e-10
0.001	0.001	0.001	0.997
0.001	0.612	0.199	0.188
0.001	0.215	0.625	0.159
0.001	0.001	0.001	0.997
0.001	0.001	0.001	0.997
0.997	0.001	0.001	0.001
0.581	0.180	0.001	0.238
0.001	0.254	0.001	0.744
0.800	0.001	0.001	0.198
0.997	0.001	0.001	0.001
0.001	0.001	0.997	0.001
0.001	0.651	0.347	0.001
>CTGGATAATG	4-CTGGATAATG,BestGuess:AT5G56840(MYBrelated)/colamp-AT5G56840-DAP-Seq(GSE60143)/Homer(0.846)	9.717685	-24.401852	0	T:21.0(13.91%),B:2178.5(2.20%),P:1e-10
0.086	0.732	0.087	0.095
0.001	0.001	0.001	0.997
0.001	0.001	0.997	0.001
0.001	0.080	0.918	0.001
0.916	0.001	0.001	0.082
0.001	0.001	0.042	0.956
0.942	0.001	0.056	0.001
0.788	0.130	0.081	0.001
0.001	0.001	0.065	0.933
0.108	0.001	0.890	0.001
>GWWAGCAAAY	6-GWWAGCAAAY,BestGuess:MAC1/Literature(Harbison)/Yeast(0.786)	7.616289	-23.591008	0	T:36.0(23.84%),B:6906.3(6.97%),P:1e-10
0.028	0.085	0.607	0.280
0.412	0.094	0.188	0.306
0.424	0.018	0.225	0.333
0.910	0.027	0.051	0.012
0.042	0.027	0.915	0.016
0.172	0.638	0.189	0.001
0.624	0.071	0.057	0.248
0.697	0.047	0.220	0.036
0.620	0.015	0.173	0.192
0.069	0.473	0.111	0.346
>ATGGCTTTTCTK	5-ATGGCTTTTCTK,BestGuess:PTBP1(RRM)/Homo_sapiens-RNCMPT00268-PBM/HughesRNA(0.754)	11.496365	-23.173922	0	T:14.0(9.27%),B:858.0(0.87%),P:1e-10
0.545	0.035	0.378	0.042
0.054	0.001	0.062	0.883
0.001	0.228	0.488	0.283
0.060	0.006	0.928	0.006
0.001	0.582	0.148	0.269
0.057	0.057	0.001	0.885
0.085	0.001	0.077	0.837
0.001	0.001	0.001	0.997
0.001	0.413	0.001	0.585
0.001	0.903	0.037	0.059
0.001	0.133	0.001	0.865
0.001	0.059	0.429	0.511
>TTCMCACTGTGA	6-TTCMCACTGTGA,BestGuess:tbx-38/MA2186.1/Jaspar(0.699)	9.994734	-22.986326	0	T:23.0(15.23%),B:2877.2(2.90%),P:1e-9
0.077	0.204	0.002	0.717
0.204	0.001	0.001	0.794
0.002	0.924	0.001	0.073
0.524	0.411	0.001	0.064
0.001	0.919	0.079	0.001
0.997	0.001	0.001	0.001
0.003	0.724	0.165	0.108
0.221	0.001	0.001	0.777
0.003	0.001	0.995	0.001
0.176	0.001	0.182	0.641
0.081	0.001	0.819	0.099
0.721	0.001	0.066	0.212
>TGTCCCTAAT	8-TGTCCCTAAT,BestGuess:HNRNPA1(RRM)/Homo_sapiens-RNCMPT00022-PBM/HughesRNA(0.799)	8.999338	-20.835328	0	T:17.0(11.26%),B:1656.7(1.67%),P:1e-9
0.058	0.001	0.124	0.817
0.001	0.099	0.899	0.001
0.001	0.126	0.001	0.872
0.001	0.900	0.098	0.001
0.001	0.997	0.001	0.001
0.001	0.897	0.001	0.101
0.087	0.001	0.001	0.911
0.997	0.001	0.001	0.001
0.698	0.091	0.102	0.109
0.001	0.001	0.001	0.997
>AGAGGATAAACA	8-AGAGGATAAACA,BestGuess:FoxP/MA2237.1/Jaspar(0.741)	9.501857	-19.412517	0	T:22.0(14.57%),B:3173.8(3.20%),P:1e-8
0.636	0.121	0.069	0.174
0.060	0.061	0.808	0.071
0.875	0.001	0.063	0.061
0.065	0.087	0.847	0.001
0.152	0.001	0.791	0.056
0.930	0.068	0.001	0.001
0.058	0.140	0.074	0.728
0.864	0.001	0.048	0.087
0.767	0.039	0.143	0.051
0.934	0.064	0.001	0.001
0.054	0.918	0.027	0.001
0.912	0.086	0.001	0.001
>CCMTGCWG	4-CCMTGCWG,BestGuess:Zic3/MA0697.3/Jaspar(0.770)	6.611624	-18.884545	0	T:74.0(49.01%),B:26692.2(26.93%),P:1e-8
0.001	0.733	0.162	0.104
0.209	0.742	0.018	0.031
0.377	0.469	0.001	0.153
0.391	0.035	0.005	0.569
0.365	0.020	0.611	0.004
0.149	0.571	0.185	0.095
0.268	0.116	0.225	0.391
0.001	0.001	0.996	0.002
>AAGGCTGTTTTC	9-AAGGCTGTTTTC,BestGuess:ZNF341/MA1655.2/Jaspar(0.721)	9.169330	-17.317111	0	T:25.0(16.56%),B:4562.6(4.60%),P:1e-7
0.873	0.064	0.062	0.001
0.758	0.052	0.062	0.128
0.108	0.055	0.728	0.109
0.055	0.008	0.775	0.162
0.043	0.770	0.118	0.069
0.108	0.001	0.001	0.890
0.001	0.059	0.878	0.062
0.001	0.001	0.001	0.997
0.074	0.001	0.001	0.924
0.150	0.108	0.001	0.741
0.001	0.156	0.069	0.774
0.001	0.899	0.099	0.001
>GAGGCCACTA	15-GAGGCCACTA,BestGuess:Plagl1/MA1615.2/Jaspar(0.689)	7.935165	-12.753928	0	T:26.0(17.22%),B:6243.0(6.30%),P:1e-5
0.047	0.069	0.883	0.001
0.793	0.001	0.069	0.137
0.063	0.077	0.744	0.116
0.075	0.107	0.751	0.067
0.078	0.758	0.067	0.097
0.062	0.877	0.001	0.060
0.897	0.029	0.001	0.073
0.078	0.811	0.008	0.103
0.097	0.170	0.040	0.693
0.805	0.094	0.041	0.060
>GCTGCTCCCC	16-GCTGCTCCCC,BestGuess:Znf263(Zf)/K562-Znf263-ChIP-Seq(GSE31477)/Homer(0.752)	8.666451	-11.127659	0	T:14.0(9.27%),B:2323.2(2.34%),P:1e-4
0.001	0.001	0.997	0.001
0.001	0.997	0.001	0.001
0.001	0.001	0.001	0.997
0.001	0.001	0.945	0.053
0.001	0.997	0.001	0.001
0.001	0.001	0.001	0.997
0.093	0.793	0.001	0.113
0.054	0.944	0.001	0.001
0.001	0.997	0.001	0.001
0.001	0.997	0.001	0.001
>ATAGCAGTGCAG	12-ATAGCAGTGCAG,BestGuess:PB0091.1_Zbtb3_1/Jaspar(0.649)	14.859111	-11.102576	0	T:3.0(1.99%),B:30.9(0.03%),P:1e-4
0.997	0.001	0.001	0.001
0.001	0.001	0.001	0.997
0.997	0.001	0.001	0.001
0.001	0.001	0.755	0.243
0.001	0.997	0.001	0.001
0.997	0.001	0.001	0.001
0.231	0.001	0.767	0.001
0.001	0.001	0.001	0.997
0.001	0.001	0.997	0.001
0.001	0.997	0.001	0.001
0.997	0.001	0.001	0.001
0.001	0.001	0.997	0.001
>ATACATAAATAA	14-ATACATAAATAA,BestGuess:Crg-1/MA2302.1/Jaspar(0.772)	9.093852	-4.927814	0	T:18.0(11.92%),B:6264.2(6.32%),P:1e-2
0.639	0.220	0.001	0.140
0.198	0.004	0.001	0.797
0.997	0.001	0.001	0.001
0.028	0.802	0.169	0.001
0.799	0.001	0.001	0.199
0.058	0.172	0.001	0.769
0.997	0.001	0.001	0.001
0.993	0.005	0.001	0.001
0.826	0.001	0.172	0.001
0.001	0.168	0.001	0.830
0.799	0.001	0.199	0.001
0.779	0.219	0.001	0.001
