>CATYMATCAY	1-CATYMATCAY	8.067610	-85.675409	0	T:95.0(48.22%),B:11225.8(11.30%),P:1e-37	Tpos:397.3,Tstd:213.7,Bpos:382.9,Bstd:240.3,StrandBias:-0.0,Multiplicity:1.29
0.097	0.722	0.180	0.001
0.983	0.015	0.001	0.001
0.042	0.001	0.001	0.956
0.043	0.433	0.151	0.373
0.369	0.392	0.001	0.238
0.717	0.020	0.123	0.140
0.001	0.001	0.001	0.997
0.076	0.761	0.001	0.162
0.831	0.001	0.001	0.167
0.094	0.369	0.175	0.362
>TTCCAGCTGG	2-TTCCAGCTGG	7.885693	-35.467427	0	T:69.0(35.03%),B:12431.8(12.51%),P:1e-15	Tpos:460.2,Tstd:287.2,Bpos:387.3,Bstd:237.8,StrandBias:0.3,Multiplicity:1.17
0.027	0.001	0.183	0.789
0.001	0.297	0.152	0.550
0.002	0.972	0.025	0.001
0.001	0.997	0.001	0.001
0.997	0.001	0.001	0.001
0.001	0.001	0.750	0.248
0.180	0.818	0.001	0.001
0.001	0.001	0.001	0.997
0.001	0.001	0.975	0.023
0.022	0.247	0.719	0.012
>GSGGAAAACA	3-GSGGAAAACA	9.061666	-28.663437	0	T:41.0(20.81%),B:5592.1(5.63%),P:1e-12	Tpos:423.9,Tstd:326.3,Bpos:382.2,Bstd:234.4,StrandBias:0.9,Multiplicity:1.00
0.208	0.147	0.644	0.001
0.069	0.365	0.388	0.178
0.052	0.165	0.494	0.289
0.001	0.001	0.997	0.001
0.811	0.044	0.001	0.144
0.997	0.001	0.001	0.001
0.997	0.001	0.001	0.001
0.997	0.001	0.001	0.001
0.027	0.971	0.001	0.001
0.813	0.001	0.001	0.185
>TCACCATCTG	4-TCACCATCTG	7.134517	-25.403709	0	T:66.0(33.50%),B:14199.4(14.29%),P:1e-11	Tpos:351.0,Tstd:229.2,Bpos:385.6,Bstd:236.1,StrandBias:0.1,Multiplicity:1.17
0.151	0.068	0.129	0.652
0.193	0.491	0.120	0.196
0.712	0.101	0.001	0.186
0.127	0.540	0.109	0.224
0.113	0.758	0.060	0.069
0.714	0.095	0.088	0.103
0.093	0.128	0.086	0.693
0.158	0.710	0.002	0.130
0.128	0.020	0.005	0.847
0.091	0.114	0.675	0.120
>ATTTATCGTC	5-ATTTATCGTC	9.200007	-24.065384	0	T:17.0(8.63%),B:1015.5(1.02%),P:1e-10	Tpos:393.7,Tstd:236.3,Bpos:388.0,Bstd:236.0,StrandBias:0.7,Multiplicity:1.07
0.917	0.081	0.001	0.001
0.024	0.001	0.090	0.885
0.068	0.057	0.217	0.658
0.001	0.043	0.027	0.929
0.740	0.051	0.076	0.133
0.044	0.045	0.069	0.842
0.053	0.779	0.094	0.074
0.206	0.069	0.595	0.130
0.099	0.001	0.021	0.879
0.047	0.789	0.025	0.139
>CATTTGTTAG	6-CATTTGTTAG	9.936783	-22.326128	0	T:24.0(12.18%),B:2464.2(2.48%),P:1e-9	Tpos:423.9,Tstd:279.4,Bpos:383.6,Bstd:235.4,StrandBias:0.6,Multiplicity:1.00
0.001	0.714	0.143	0.142
0.869	0.129	0.001	0.001
0.001	0.001	0.001	0.997
0.001	0.356	0.001	0.642
0.001	0.001	0.001	0.997
0.155	0.101	0.699	0.045
0.001	0.001	0.001	0.997
0.001	0.313	0.001	0.685
0.997	0.001	0.001	0.001
0.001	0.001	0.769	0.229
>AATTAATTGC	7-AATTAATTGC	6.811956	-22.020652	0	T:75.0(38.07%),B:18768.8(18.89%),P:1e-9	Tpos:364.6,Tstd:259.1,Bpos:385.1,Bstd:237.1,StrandBias:0.1,Multiplicity:1.30
0.848	0.090	0.003	0.059
0.862	0.057	0.014	0.067
0.062	0.064	0.070	0.804
0.080	0.025	0.097	0.798
0.774	0.072	0.080	0.074
0.822	0.040	0.081	0.057
0.026	0.135	0.086	0.753
0.050	0.041	0.115	0.794
0.044	0.117	0.747	0.092
0.093	0.804	0.049	0.054
>ATCTGGTAAA	8-ATCTGGTAAA	10.088010	-20.025282	0	T:19.0(9.64%),B:1704.0(1.72%),P:1e-8	Tpos:385.5,Tstd:206.7,Bpos:387.8,Bstd:235.9,StrandBias:0.5,Multiplicity:1.00
0.721	0.086	0.113	0.080
0.001	0.001	0.061	0.937
0.114	0.794	0.091	0.001
0.092	0.001	0.001	0.906
0.001	0.001	0.997	0.001
0.089	0.091	0.736	0.084
0.001	0.001	0.001	0.997
0.997	0.001	0.001	0.001
0.997	0.001	0.001	0.001
0.997	0.001	0.001	0.001
>GGTCTGGGAA	9-GGTCTGGGAA	9.734577	-19.434244	0	T:28.0(14.21%),B:3845.6(3.87%),P:1e-8	Tpos:426.2,Tstd:298.2,Bpos:381.0,Bstd:233.2,StrandBias:0.2,Multiplicity:1.07
0.101	0.001	0.897	0.001
0.125	0.001	0.873	0.001
0.001	0.236	0.065	0.698
0.001	0.881	0.117	0.001
0.113	0.001	0.001	0.885
0.272	0.001	0.726	0.001
0.125	0.001	0.873	0.001
0.001	0.001	0.997	0.001
0.938	0.001	0.060	0.001
0.997	0.001	0.001	0.001
>GTTAATGGAA	10-GTTAATGGAA	7.063474	-18.714778	0	T:73.0(37.06%),B:19360.6(19.49%),P:1e-8	Tpos:443.1,Tstd:244.8,Bpos:385.9,Bstd:236.5,StrandBias:0.7,Multiplicity:1.18
0.120	0.110	0.724	0.046
0.125	0.110	0.054	0.711
0.006	0.051	0.044	0.899
0.730	0.118	0.109	0.043
0.958	0.001	0.040	0.001
0.128	0.001	0.055	0.816
0.124	0.001	0.819	0.056
0.167	0.001	0.761	0.071
0.736	0.120	0.143	0.001
0.888	0.001	0.053	0.058
>TCTCTGTGGC	11-TCTCTGTGGC	9.229556	-17.700867	0	T:34.0(17.26%),B:5880.2(5.92%),P:1e-7	Tpos:414.4,Tstd:313.7,Bpos:385.6,Bstd:232.8,StrandBias:-0.1,Multiplicity:1.09
0.045	0.077	0.014	0.864
0.075	0.774	0.150	0.001
0.035	0.027	0.001	0.937
0.001	0.910	0.029	0.060
0.001	0.001	0.001	0.997
0.001	0.059	0.939	0.001
0.001	0.118	0.001	0.880
0.031	0.119	0.814	0.036
0.076	0.019	0.904	0.001
0.022	0.976	0.001	0.001
>TCCCAGCGGA	12-TCCCAGCGGA	8.203479	-16.998557	0	T:30.0(15.23%),B:4877.5(4.91%),P:1e-7	Tpos:444.0,Tstd:269.0,Bpos:383.7,Bstd:231.2,StrandBias:-0.2,Multiplicity:1.07
0.075	0.110	0.112	0.703
0.090	0.830	0.073	0.007
0.054	0.944	0.001	0.001
0.056	0.905	0.001	0.038
0.910	0.040	0.001	0.049
0.120	0.086	0.727	0.067
0.139	0.640	0.107	0.114
0.108	0.049	0.811	0.032
0.023	0.038	0.783	0.156
0.765	0.098	0.026	0.111
>AAGCAGTACA	13-AAGCAGTACA	9.838777	-16.932390	0	T:19.0(9.64%),B:2072.6(2.09%),P:1e-7	Tpos:395.7,Tstd:263.5,Bpos:387.7,Bstd:239.2,StrandBias:1.1,Multiplicity:1.00
0.997	0.001	0.001	0.001
0.803	0.001	0.097	0.099
0.001	0.001	0.886	0.112
0.001	0.774	0.089	0.136
0.907	0.001	0.001	0.091
0.001	0.001	0.902	0.096
0.040	0.047	0.042	0.871
0.997	0.001	0.001	0.001
0.075	0.852	0.072	0.001
0.997	0.001	0.001	0.001
>TGATGGGCAC	14-TGATGGGCAC	10.373623	-16.633610	0	T:16.0(8.12%),B:1478.9(1.49%),P:1e-7	Tpos:401.1,Tstd:307.9,Bpos:405.4,Bstd:232.7,StrandBias:-0.9,Multiplicity:1.25
0.001	0.001	0.001	0.997
0.001	0.001	0.997	0.001
0.758	0.240	0.001	0.001
0.001	0.001	0.001	0.997
0.085	0.001	0.838	0.076
0.001	0.001	0.997	0.001
0.001	0.049	0.889	0.061
0.053	0.891	0.055	0.001
0.997	0.001	0.001	0.001
0.001	0.679	0.177	0.143
>GGTCACCACA	15-GGTCACCACA	7.695273	-15.738971	0	T:54.0(27.41%),B:13281.3(13.37%),P:1e-6	Tpos:397.2,Tstd:210.6,Bpos:385.6,Bstd:233.4,StrandBias:-0.4,Multiplicity:1.11
0.086	0.007	0.858	0.049
0.001	0.071	0.802	0.126
0.073	0.001	0.001	0.925
0.001	0.657	0.109	0.233
0.877	0.070	0.001	0.052
0.093	0.557	0.349	0.001
0.001	0.903	0.001	0.095
0.592	0.245	0.080	0.083
0.183	0.657	0.159	0.001
0.997	0.001	0.001	0.001
>AATGATGCAT	16-AATGATGCAT	6.404373	-14.367242	0	T:128.0(64.97%),B:47179.5(47.49%),P:1e-6	Tpos:429.5,Tstd:256.9,Bpos:386.6,Bstd:238.8,StrandBias:0.4,Multiplicity:1.60
0.700	0.100	0.100	0.100
0.700	0.100	0.100	0.100
0.100	0.100	0.100	0.700
0.100	0.100	0.700	0.100
0.700	0.100	0.100	0.100
0.100	0.100	0.100	0.700
0.100	0.100	0.700	0.100
0.100	0.700	0.100	0.100
0.700	0.100	0.100	0.100
0.100	0.100	0.100	0.700
>GGCCTTTGAC	17-GGCCTTTGAC	9.061964	-14.243068	0	T:18.0(9.14%),B:2233.4(2.25%),P:1e-6	Tpos:272.6,Tstd:132.4,Bpos:383.7,Bstd:231.0,StrandBias:-1.2,Multiplicity:1.11
0.001	0.158	0.840	0.001
0.071	0.001	0.927	0.001
0.105	0.893	0.001	0.001
0.001	0.997	0.001	0.001
0.001	0.001	0.001	0.997
0.104	0.043	0.001	0.852
0.102	0.001	0.060	0.837
0.083	0.001	0.915	0.001
0.875	0.058	0.066	0.001
0.056	0.942	0.001	0.001
>CCCTCYCCTC	18-CCCTCYCCTC	10.944486	-6.177155	0	T:15.0(7.61%),B:3219.9(3.24%),P:1e-2	Tpos:557.4,Tstd:220.1,Bpos:384.4,Bstd:209.9,StrandBias:2.4,Multiplicity:2.13
0.001	0.997	0.001	0.001
0.001	0.997	0.001	0.001
0.001	0.714	0.284	0.001
0.001	0.001	0.001	0.997
0.001	0.997	0.001	0.001
0.079	0.442	0.001	0.478
0.001	0.997	0.001	0.001
0.001	0.978	0.001	0.020
0.001	0.001	0.001	0.997
0.001	0.997	0.001	0.001
>CCATCMATCACC	1-CCATCMATCACC	8.411270	-96.752837	0	T:95.0(48.22%),B:9824.5(9.89%),P:1e-42	Tpos:389.9,Tstd:186.5,Bpos:384.7,Bstd:237.4,StrandBias:-0.2,Multiplicity:1.17
0.266	0.533	0.001	0.200
0.038	0.919	0.001	0.042
0.997	0.001	0.001	0.001
0.001	0.001	0.069	0.929
0.001	0.616	0.001	0.382
0.336	0.461	0.001	0.202
0.629	0.033	0.153	0.185
0.001	0.001	0.001	0.997
0.001	0.907	0.001	0.091
0.844	0.001	0.001	0.154
0.153	0.482	0.185	0.180
0.128	0.522	0.240	0.110
>AAATGAGAAGAA	2-AAATGAGAAGAA	11.905812	-26.534910	0	T:13.0(6.60%),B:404.7(0.41%),P:1e-11	Tpos:389.6,Tstd:250.3,Bpos:383.5,Bstd:231.1,StrandBias:0.2,Multiplicity:1.00
0.849	0.001	0.001	0.149
0.997	0.001	0.001	0.001
0.855	0.143	0.001	0.001
0.001	0.001	0.001	0.997
0.001	0.121	0.877	0.001
0.997	0.001	0.001	0.001
0.001	0.001	0.997	0.001
0.788	0.001	0.001	0.210
0.997	0.001	0.001	0.001
0.001	0.001	0.864	0.134
0.762	0.119	0.118	0.001
0.997	0.001	0.001	0.001
>AGGDCAGAGGCA	3-AGGDCAGAGGCA	9.256994	-25.214667	0	T:47.0(23.86%),B:7985.8(8.04%),P:1e-10	Tpos:446.8,Tstd:339.8,Bpos:386.1,Bstd:233.1,StrandBias:0.3,Multiplicity:1.11
0.997	0.001	0.001	0.001
0.001	0.001	0.921	0.077
0.192	0.062	0.745	0.001
0.232	0.071	0.324	0.373
0.057	0.941	0.001	0.001
0.662	0.001	0.157	0.180
0.178	0.004	0.817	0.001
0.865	0.001	0.133	0.001
0.072	0.001	0.857	0.070
0.040	0.001	0.958	0.001
0.008	0.752	0.174	0.066
0.717	0.081	0.001	0.201
>CTCCTCTGGGAA	4-CTCCTCTGGGAA	9.687930	-23.155312	0	T:32.0(16.24%),B:4220.7(4.25%),P:1e-10	Tpos:388.2,Tstd:220.1,Bpos:380.5,Bstd:229.2,StrandBias:0.5,Multiplicity:1.03
0.021	0.726	0.201	0.052
0.001	0.001	0.001	0.997
0.055	0.845	0.097	0.003
0.059	0.759	0.055	0.127
0.108	0.198	0.088	0.606
0.001	0.943	0.001	0.055
0.043	0.001	0.001	0.955
0.062	0.001	0.826	0.111
0.001	0.001	0.997	0.001
0.046	0.058	0.895	0.001
0.810	0.001	0.188	0.001
0.651	0.111	0.237	0.001
>TCATTTATCNTC	5-TCATTTATCNTC	12.030079	-22.296565	0	T:12.0(6.09%),B:457.7(0.46%),P:1e-9	Tpos:333.5,Tstd:152.3,Bpos:369.9,Bstd:242.0,StrandBias:-0.3,Multiplicity:1.00
0.001	0.001	0.001	0.997
0.001	0.840	0.158	0.001
0.997	0.001	0.001	0.001
0.001	0.001	0.154	0.844
0.001	0.001	0.248	0.750
0.001	0.001	0.001	0.997
0.525	0.001	0.112	0.362
0.001	0.001	0.001	0.997
0.001	0.997	0.001	0.001
0.269	0.212	0.249	0.271
0.001	0.001	0.001	0.997
0.172	0.826	0.001	0.001
>TCCAGCTGGGAA	6-TCCAGCTGGGAA	9.590082	-21.165405	0	T:28.0(14.21%),B:3551.7(3.57%),P:1e-9	Tpos:434.7,Tstd:305.5,Bpos:384.0,Bstd:231.9,StrandBias:0.2,Multiplicity:1.07
0.164	0.179	0.054	0.603
0.057	0.761	0.132	0.050
0.059	0.908	0.001	0.032
0.966	0.001	0.032	0.001
0.001	0.051	0.947	0.001
0.050	0.884	0.065	0.001
0.001	0.088	0.001	0.910
0.042	0.048	0.816	0.094
0.045	0.001	0.861	0.093
0.116	0.178	0.705	0.001
0.954	0.001	0.044	0.001
0.697	0.102	0.149	0.052
>GGAAAACAGATG	7-GGAAAACAGATG	9.440824	-20.825365	0	T:29.0(14.72%),B:3857.5(3.88%),P:1e-9	Tpos:330.9,Tstd:223.9,Bpos:382.4,Bstd:235.2,StrandBias:-0.3,Multiplicity:1.07
0.092	0.001	0.766	0.141
0.091	0.050	0.809	0.050
0.737	0.044	0.163	0.056
0.877	0.003	0.048	0.072
0.767	0.030	0.042	0.161
0.916	0.001	0.082	0.001
0.001	0.968	0.030	0.001
0.810	0.001	0.139	0.050
0.041	0.086	0.823	0.050
0.823	0.041	0.050	0.086
0.022	0.027	0.073	0.878
0.126	0.001	0.837	0.036
>TACTGAACTCAT	8-TACTGAACTCAT	10.932830	-20.302262	0	T:15.0(7.61%),B:970.1(0.98%),P:1e-8	Tpos:403.7,Tstd:192.7,Bpos:381.5,Bstd:224.2,StrandBias:0.2,Multiplicity:1.00
0.001	0.001	0.001	0.997
0.619	0.001	0.001	0.379
0.001	0.778	0.220	0.001
0.001	0.001	0.001	0.997
0.001	0.001	0.778	0.220
0.803	0.001	0.001	0.195
0.644	0.196	0.159	0.001
0.001	0.997	0.001	0.001
0.001	0.207	0.001	0.791
0.189	0.809	0.001	0.001
0.828	0.001	0.001	0.170
0.001	0.001	0.001	0.997
>TGACCCTTGACC	9-TGACCCTTGACC	9.341114	-20.099688	0	T:24.0(12.18%),B:2761.9(2.78%),P:1e-8	Tpos:432.3,Tstd:158.0,Bpos:380.8,Bstd:232.6,StrandBias:-0.7,Multiplicity:1.00
0.001	0.001	0.148	0.850
0.074	0.050	0.875	0.001
0.915	0.001	0.049	0.035
0.001	0.997	0.001	0.001
0.001	0.948	0.001	0.050
0.001	0.802	0.095	0.102
0.101	0.035	0.001	0.863
0.001	0.001	0.145	0.853
0.001	0.058	0.829	0.112
0.716	0.057	0.125	0.102
0.001	0.824	0.174	0.001
0.239	0.538	0.148	0.075
>CCAAGGGAGCAT	10-CCAAGGGAGCAT	10.701740	-18.363424	0	T:13.0(6.60%),B:798.0(0.80%),P:1e-7	Tpos:350.3,Tstd:308.6,Bpos:373.6,Bstd:230.6,StrandBias:0.6,Multiplicity:1.15
0.084	0.545	0.173	0.198
0.094	0.904	0.001	0.001
0.825	0.173	0.001	0.001
0.556	0.123	0.161	0.160
0.100	0.092	0.807	0.001
0.098	0.001	0.900	0.001
0.004	0.001	0.994	0.001
0.997	0.001	0.001	0.001
0.001	0.001	0.997	0.001
0.186	0.724	0.006	0.084
0.839	0.076	0.001	0.084
0.001	0.001	0.074	0.924
>GACAAATTGTCT	11-GACAAATTGTCT	9.556736	-17.430284	0	T:20.0(10.15%),B:2227.1(2.24%),P:1e-7	Tpos:443.7,Tstd:315.7,Bpos:386.8,Bstd:233.3,StrandBias:-0.7,Multiplicity:1.05
0.062	0.001	0.875	0.062
0.997	0.001	0.001	0.001
0.001	0.850	0.053	0.096
0.818	0.096	0.001	0.085
0.750	0.078	0.120	0.052
0.798	0.064	0.001	0.137
0.166	0.001	0.062	0.771
0.089	0.001	0.092	0.818
0.075	0.062	0.862	0.001
0.001	0.227	0.152	0.620
0.001	0.997	0.001	0.001
0.056	0.089	0.001	0.854
>CTCTCCAGTGCA	12-CTCTCCAGTGCA	10.722982	-16.528871	0	T:7.0(3.55%),B:170.5(0.17%),P:1e-7	Tpos:489.8,Tstd:236.7,Bpos:365.4,Bstd:240.7,StrandBias:0.0,Multiplicity:1.14
0.200	0.798	0.001	0.001
0.001	0.001	0.001	0.997
0.001	0.997	0.001	0.001
0.001	0.001	0.001	0.997
0.135	0.863	0.001	0.001
0.247	0.751	0.001	0.001
0.997	0.001	0.001	0.001
0.001	0.001	0.933	0.065
0.001	0.001	0.001	0.997
0.001	0.001	0.997	0.001
0.001	0.997	0.001	0.001
0.997	0.001	0.001	0.001
>TCTCCCCAGACC	13-TCTCCCCAGACC	14.339214	-15.890053	0	T:7.0(3.55%),B:187.0(0.19%),P:1e-6	Tpos:237.6,Tstd:188.6,Bpos:355.0,Bstd:236.5,StrandBias:0.4,Multiplicity:1.00
0.001	0.001	0.001	0.997
0.001	0.823	0.001	0.175
0.001	0.001	0.001	0.997
0.001	0.997	0.001	0.001
0.001	0.997	0.001	0.001
0.001	0.997	0.001	0.001
0.001	0.997	0.001	0.001
0.997	0.001	0.001	0.001
0.001	0.001	0.997	0.001
0.738	0.001	0.135	0.126
0.001	0.997	0.001	0.001
0.001	0.997	0.001	0.001
>TTTATCCACMTC	14-TTTATCCACMTC	10.807037	-15.447124	0	T:9.0(4.57%),B:415.4(0.42%),P:1e-6	Tpos:211.7,Tstd:118.2,Bpos:379.3,Bstd:224.7,StrandBias:0.3,Multiplicity:1.00
0.001	0.008	0.001	0.990
0.001	0.008	0.001	0.990
0.001	0.051	0.001	0.947
0.992	0.006	0.001	0.001
0.001	0.001	0.342	0.656
0.001	0.997	0.001	0.001
0.001	0.701	0.001	0.297
0.538	0.243	0.001	0.218
0.001	0.997	0.001	0.001
0.480	0.507	0.001	0.012
0.001	0.010	0.001	0.988
0.022	0.976	0.001	0.001
>TCTCCAGTGTGT	15-TCTCCAGTGTGT	10.462905	-15.057232	0	T:16.0(8.12%),B:1664.3(1.68%),P:1e-6	Tpos:329.9,Tstd:188.0,Bpos:384.5,Bstd:228.2,StrandBias:-0.5,Multiplicity:1.06
0.124	0.001	0.003	0.872
0.076	0.861	0.062	0.001
0.001	0.068	0.224	0.707
0.076	0.672	0.202	0.050
0.055	0.743	0.001	0.201
0.906	0.001	0.001	0.092
0.067	0.001	0.931	0.001
0.001	0.091	0.001	0.907
0.001	0.101	0.895	0.003
0.062	0.001	0.122	0.815
0.001	0.001	0.868	0.130
0.160	0.001	0.002	0.837
>GTGAGTTCACKT	16-GTGAGTTCACKT	13.108142	-14.966529	0	T:5.0(2.54%),B:68.9(0.07%),P:1e-6	Tpos:494.2,Tstd:103.9,Bpos:356.2,Bstd:231.6,StrandBias:2.0,Multiplicity:1.00
0.001	0.001	0.997	0.001
0.001	0.001	0.001	0.997
0.001	0.001	0.997	0.001
0.997	0.001	0.001	0.001
0.001	0.001	0.997	0.001
0.001	0.160	0.010	0.829
0.001	0.019	0.001	0.979
0.001	0.781	0.217	0.001
0.838	0.001	0.160	0.001
0.001	0.984	0.014	0.001
0.197	0.206	0.366	0.231
0.001	0.001	0.001	0.997
>CTATGATTGATT	17-CTATGATTGATT	9.985304	-14.743623	0	T:8.0(4.06%),B:328.4(0.33%),P:1e-6	Tpos:337.4,Tstd:351.9,Bpos:399.3,Bstd:230.7,StrandBias:-0.3,Multiplicity:1.12
0.105	0.680	0.118	0.097
0.063	0.139	0.038	0.760
0.607	0.142	0.107	0.144
0.080	0.033	0.107	0.780
0.067	0.106	0.731	0.096
0.741	0.065	0.044	0.150
0.041	0.065	0.064	0.830
0.056	0.037	0.137	0.770
0.086	0.130	0.670	0.114
0.813	0.093	0.025	0.069
0.062	0.016	0.054	0.868
0.080	0.036	0.129	0.755
>CACTGTGGTGAC	18-CACTGTGGTGAC	9.140939	-14.197418	0	T:23.0(11.68%),B:3526.4(3.55%),P:1e-6	Tpos:374.3,Tstd:269.0,Bpos:379.4,Bstd:233.8,StrandBias:0.0,Multiplicity:1.04
0.177	0.710	0.001	0.112
0.746	0.245	0.001	0.008
0.133	0.559	0.001	0.307
0.112	0.001	0.001	0.886
0.001	0.130	0.868	0.001
0.099	0.001	0.001	0.899
0.001	0.001	0.775	0.223
0.001	0.007	0.991	0.001
0.100	0.089	0.001	0.810
0.001	0.089	0.909	0.001
0.881	0.001	0.117	0.001
0.001	0.989	0.009	0.001
>GAAATCCAGGAT	19-GAAATCCAGGAT	9.813126	-13.237069	0	T:5.0(2.54%),B:97.3(0.10%),P:1e-5	Tpos:419.6,Tstd:166.8,Bpos:411.9,Bstd:226.6,StrandBias:1.3,Multiplicity:1.40
0.001	0.001	0.997	0.001
0.997	0.001	0.001	0.001
0.997	0.001	0.001	0.001
0.997	0.001	0.001	0.001
0.001	0.001	0.001	0.997
0.050	0.929	0.020	0.001
0.023	0.975	0.001	0.001
0.997	0.001	0.001	0.001
0.001	0.001	0.997	0.001
0.001	0.001	0.997	0.001
0.973	0.001	0.001	0.025
0.001	0.001	0.001	0.997
>ATGCACAGGCAT	20-ATGCACAGGCAT	13.327954	-11.609876	0	T:5.0(2.54%),B:136.1(0.14%),P:1e-5	Tpos:161.4,Tstd:200.9,Bpos:398.2,Bstd:236.2,StrandBias:2.3,Multiplicity:2.40
0.997	0.001	0.001	0.001
0.001	0.001	0.001	0.997
0.001	0.001	0.997	0.001
0.001	0.604	0.394	0.001
0.893	0.105	0.001	0.001
0.001	0.997	0.001	0.001
0.997	0.001	0.001	0.001
0.107	0.299	0.593	0.001
0.001	0.001	0.997	0.001
0.001	0.997	0.001	0.001
0.997	0.001	0.001	0.001
0.001	0.001	0.001	0.997
>CCCCTCCCCTCT	21-CCCCTCCCCTCT	12.767134	-9.742658	0	T:14.0(7.11%),B:2014.1(2.03%),P:1e-4	Tpos:546.2,Tstd:223.7,Bpos:386.6,Bstd:200.8,StrandBias:1.4,Multiplicity:1.50
0.001	0.668	0.001	0.330
0.001	0.982	0.016	0.001
0.001	0.997	0.001	0.001
0.001	0.997	0.001	0.001
0.001	0.001	0.001	0.997
0.001	0.997	0.001	0.001
0.001	0.754	0.001	0.244
0.001	0.997	0.001	0.001
0.001	0.805	0.001	0.193
0.001	0.233	0.001	0.765
0.001	0.766	0.001	0.232
0.163	0.184	0.001	0.652
>CCCACTCAGCTG	22-CCCACTCAGCTG	15.041834	-9.468521	0	T:3.0(1.52%),B:40.4(0.04%),P:1e-4	Tpos:592.7,Tstd:161.8,Bpos:466.0,Bstd:228.6,StrandBias:2.3,Multiplicity:2.00
0.001	0.997	0.001	0.001
0.001	0.997	0.001	0.001
0.001	0.997	0.001	0.001
0.788	0.210	0.001	0.001
0.001	0.997	0.001	0.001
0.001	0.001	0.001	0.997
0.001	0.997	0.001	0.001
0.997	0.001	0.001	0.001
0.001	0.001	0.997	0.001
0.001	0.997	0.001	0.001
0.001	0.001	0.001	0.997
0.001	0.001	0.997	0.001
>GGATGCCCATCA	23-GGATGCCCATCA	12.355432	-4.034851	0	T:1.0(0.51%),B:9.7(0.01%),P:1e-1	Tpos:379.0,Tstd:44.1,Bpos:436.0,Bstd:138.4,StrandBias:10.0,Multiplicity:3.00
0.100	0.100	0.700	0.100
0.100	0.100	0.700	0.100
0.700	0.100	0.100	0.100
0.100	0.100	0.100	0.700
0.100	0.100	0.700	0.100
0.100	0.700	0.100	0.100
0.100	0.700	0.100	0.100
0.100	0.700	0.100	0.100
0.700	0.100	0.100	0.100
0.100	0.100	0.100	0.700
0.100	0.700	0.100	0.100
0.700	0.100	0.100	0.100
>ATCAATCA	1-ATCAATCA	6.196435	-82.220740	0	T:151.0(76.65%),B:32554.5(32.77%),P:1e-35	Tpos:409.7,Tstd:218.5,Bpos:386.0,Bstd:237.6,StrandBias:-0.0,Multiplicity:1.53
0.997	0.001	0.001	0.001
0.001	0.001	0.001	0.997
0.033	0.754	0.058	0.155
0.642	0.320	0.001	0.037
0.858	0.061	0.080	0.001
0.001	0.001	0.001	0.997
0.035	0.958	0.001	0.006
0.922	0.019	0.001	0.058
>ATTCATCT	2-ATTCATCT	6.234281	-37.869534	0	T:126.0(63.96%),B:34268.0(34.49%),P:1e-16	Tpos:413.7,Tstd:244.9,Bpos:387.4,Bstd:236.8,StrandBias:0.3,Multiplicity:1.35
0.947	0.033	0.014	0.006
0.001	0.194	0.001	0.804
0.001	0.049	0.384	0.566
0.001	0.750	0.001	0.248
0.607	0.001	0.371	0.021
0.001	0.001	0.045	0.953
0.001	0.971	0.001	0.027
0.188	0.001	0.001	0.810
>GCAGATGG	3-GCAGATGG	4.172540	-27.306119	0	T:91.0(46.19%),B:23085.0(23.24%),P:1e-11	Tpos:426.8,Tstd:257.2,Bpos:387.0,Bstd:238.4,StrandBias:0.1,Multiplicity:1.31
0.014	0.048	0.937	0.001
0.001	0.997	0.001	0.001
0.997	0.001	0.001	0.001
0.001	0.001	0.997	0.001
0.977	0.021	0.001	0.001
0.001	0.001	0.001	0.997
0.001	0.001	0.997	0.001
0.001	0.001	0.997	0.001
>TGTTTTCA	4-TGTTTTCA	3.277793	-19.953466	0	T:135.0(68.53%),B:47235.5(47.54%),P:1e-8	Tpos:429.7,Tstd:288.1,Bpos:385.2,Bstd:235.0,StrandBias:-0.1,Multiplicity:1.54
0.001	0.001	0.001	0.997
0.001	0.001	0.997	0.001
0.001	0.407	0.001	0.591
0.001	0.001	0.001	0.997
0.001	0.001	0.001	0.997
0.303	0.001	0.001	0.695
0.001	0.997	0.001	0.001
0.708	0.083	0.208	0.001
>CTTCGGTG	5-CTTCGGTG	6.987775	-19.594071	0	T:55.0(27.92%),B:12210.0(12.29%),P:1e-8	Tpos:418.3,Tstd:302.1,Bpos:383.8,Bstd:232.6,StrandBias:0.0,Multiplicity:1.09
0.025	0.973	0.001	0.001
0.076	0.047	0.001	0.876
0.001	0.001	0.001	0.997
0.001	0.956	0.042	0.001
0.001	0.078	0.920	0.001
0.084	0.001	0.546	0.369
0.001	0.002	0.001	0.996
0.001	0.240	0.758	0.001
>TAATTGAA	6-TAATTGAA	8.465632	-16.623257	0	T:19.0(9.64%),B:2114.3(2.13%),P:1e-7	Tpos:349.4,Tstd:197.3,Bpos:388.6,Bstd:235.9,StrandBias:1.6,Multiplicity:1.05
0.001	0.001	0.001	0.997
0.997	0.001	0.001	0.001
0.997	0.001	0.001	0.001
0.001	0.001	0.001	0.997
0.001	0.074	0.001	0.924
0.001	0.001	0.997	0.001
0.997	0.001	0.001	0.001
0.997	0.001	0.001	0.001
>CCCTCCCC	7-CCCTCCCC	6.619871	-9.184892	0	T:57.0(28.93%),B:17804.5(17.92%),P:1e-3	Tpos:484.2,Tstd:225.3,Bpos:383.2,Bstd:217.7,StrandBias:1.0,Multiplicity:1.49
0.001	0.997	0.001	0.001
0.001	0.997	0.001	0.001
0.229	0.769	0.001	0.001
0.001	0.001	0.001	0.997
0.001	0.997	0.001	0.001
0.001	0.982	0.016	0.001
0.001	0.944	0.054	0.001
0.001	0.997	0.001	0.001
