>ATCAATCA	1-ATCAATCA	6.196435	-82.220740	0	T:151.0(76.65%),B:32554.5(32.77%),P:1e-35	Tpos:409.7,Tstd:218.5,Bpos:386.0,Bstd:237.6,StrandBias:-0.0,Multiplicity:1.53
0.997	0.001	0.001	0.001
0.001	0.001	0.001	0.997
0.033	0.754	0.058	0.155
0.642	0.320	0.001	0.037
0.858	0.061	0.080	0.001
0.001	0.001	0.001	0.997
0.035	0.958	0.001	0.006
0.922	0.019	0.001	0.058
>ATTCATCT	2-ATTCATCT	6.234281	-37.869534	0	T:126.0(63.96%),B:34268.0(34.49%),P:1e-16	Tpos:413.7,Tstd:244.9,Bpos:387.4,Bstd:236.8,StrandBias:0.3,Multiplicity:1.35
0.947	0.033	0.014	0.006
0.001	0.194	0.001	0.804
0.001	0.049	0.384	0.566
0.001	0.750	0.001	0.248
0.607	0.001	0.371	0.021
0.001	0.001	0.045	0.953
0.001	0.971	0.001	0.027
0.188	0.001	0.001	0.810
>GCAGATGG	3-GCAGATGG	4.172540	-27.306119	0	T:91.0(46.19%),B:23085.0(23.24%),P:1e-11	Tpos:426.8,Tstd:257.2,Bpos:387.0,Bstd:238.4,StrandBias:0.1,Multiplicity:1.31
0.014	0.048	0.937	0.001
0.001	0.997	0.001	0.001
0.997	0.001	0.001	0.001
0.001	0.001	0.997	0.001
0.977	0.021	0.001	0.001
0.001	0.001	0.001	0.997
0.001	0.001	0.997	0.001
0.001	0.001	0.997	0.001
>TGTTTTCA	4-TGTTTTCA	3.277793	-19.953466	0	T:135.0(68.53%),B:47235.5(47.54%),P:1e-8	Tpos:429.7,Tstd:288.1,Bpos:385.2,Bstd:235.0,StrandBias:-0.1,Multiplicity:1.54
0.001	0.001	0.001	0.997
0.001	0.001	0.997	0.001
0.001	0.407	0.001	0.591
0.001	0.001	0.001	0.997
0.001	0.001	0.001	0.997
0.303	0.001	0.001	0.695
0.001	0.997	0.001	0.001
0.708	0.083	0.208	0.001
>CTTCGGTG	5-CTTCGGTG	6.987775	-19.594071	0	T:55.0(27.92%),B:12210.0(12.29%),P:1e-8	Tpos:418.3,Tstd:302.1,Bpos:383.8,Bstd:232.6,StrandBias:0.0,Multiplicity:1.09
0.025	0.973	0.001	0.001
0.076	0.047	0.001	0.876
0.001	0.001	0.001	0.997
0.001	0.956	0.042	0.001
0.001	0.078	0.920	0.001
0.084	0.001	0.546	0.369
0.001	0.002	0.001	0.996
0.001	0.240	0.758	0.001
>TAATTGAA	6-TAATTGAA	8.465632	-16.623257	0	T:19.0(9.64%),B:2114.3(2.13%),P:1e-7	Tpos:349.4,Tstd:197.3,Bpos:388.6,Bstd:235.9,StrandBias:1.6,Multiplicity:1.05
0.001	0.001	0.001	0.997
0.997	0.001	0.001	0.001
0.997	0.001	0.001	0.001
0.001	0.001	0.001	0.997
0.001	0.074	0.001	0.924
0.001	0.001	0.997	0.001
0.997	0.001	0.001	0.001
0.997	0.001	0.001	0.001
>CCCTCCCC	7-CCCTCCCC	6.619871	-9.184892	0	T:57.0(28.93%),B:17804.5(17.92%),P:1e-3	Tpos:484.2,Tstd:225.3,Bpos:383.2,Bstd:217.7,StrandBias:1.0,Multiplicity:1.49
0.001	0.997	0.001	0.001
0.001	0.997	0.001	0.001
0.229	0.769	0.001	0.001
0.001	0.001	0.001	0.997
0.001	0.997	0.001	0.001
0.001	0.982	0.016	0.001
0.001	0.944	0.054	0.001
0.001	0.997	0.001	0.001
