>CATYMATCAY	1-CATYMATCAY	8.067610	-85.675409	0	T:95.0(48.22%),B:11225.8(11.30%),P:1e-37	Tpos:397.3,Tstd:213.7,Bpos:382.9,Bstd:240.3,StrandBias:-0.0,Multiplicity:1.29
0.097	0.722	0.180	0.001
0.983	0.015	0.001	0.001
0.042	0.001	0.001	0.956
0.043	0.433	0.151	0.373
0.369	0.392	0.001	0.238
0.717	0.020	0.123	0.140
0.001	0.001	0.001	0.997
0.076	0.761	0.001	0.162
0.831	0.001	0.001	0.167
0.094	0.369	0.175	0.362
>TTCCAGCTGG	2-TTCCAGCTGG	7.885693	-35.467427	0	T:69.0(35.03%),B:12431.8(12.51%),P:1e-15	Tpos:460.2,Tstd:287.2,Bpos:387.3,Bstd:237.8,StrandBias:0.3,Multiplicity:1.17
0.027	0.001	0.183	0.789
0.001	0.297	0.152	0.550
0.002	0.972	0.025	0.001
0.001	0.997	0.001	0.001
0.997	0.001	0.001	0.001
0.001	0.001	0.750	0.248
0.180	0.818	0.001	0.001
0.001	0.001	0.001	0.997
0.001	0.001	0.975	0.023
0.022	0.247	0.719	0.012
>GSGGAAAACA	3-GSGGAAAACA	9.061666	-28.663437	0	T:41.0(20.81%),B:5592.1(5.63%),P:1e-12	Tpos:423.9,Tstd:326.3,Bpos:382.2,Bstd:234.4,StrandBias:0.9,Multiplicity:1.00
0.208	0.147	0.644	0.001
0.069	0.365	0.388	0.178
0.052	0.165	0.494	0.289
0.001	0.001	0.997	0.001
0.811	0.044	0.001	0.144
0.997	0.001	0.001	0.001
0.997	0.001	0.001	0.001
0.997	0.001	0.001	0.001
0.027	0.971	0.001	0.001
0.813	0.001	0.001	0.185
>TCACCATCTG	4-TCACCATCTG	7.134517	-25.403709	0	T:66.0(33.50%),B:14199.4(14.29%),P:1e-11	Tpos:351.0,Tstd:229.2,Bpos:385.6,Bstd:236.1,StrandBias:0.1,Multiplicity:1.17
0.151	0.068	0.129	0.652
0.193	0.491	0.120	0.196
0.712	0.101	0.001	0.186
0.127	0.540	0.109	0.224
0.113	0.758	0.060	0.069
0.714	0.095	0.088	0.103
0.093	0.128	0.086	0.693
0.158	0.710	0.002	0.130
0.128	0.020	0.005	0.847
0.091	0.114	0.675	0.120
>ATTTATCGTC	5-ATTTATCGTC	9.200007	-24.065384	0	T:17.0(8.63%),B:1015.5(1.02%),P:1e-10	Tpos:393.7,Tstd:236.3,Bpos:388.0,Bstd:236.0,StrandBias:0.7,Multiplicity:1.07
0.917	0.081	0.001	0.001
0.024	0.001	0.090	0.885
0.068	0.057	0.217	0.658
0.001	0.043	0.027	0.929
0.740	0.051	0.076	0.133
0.044	0.045	0.069	0.842
0.053	0.779	0.094	0.074
0.206	0.069	0.595	0.130
0.099	0.001	0.021	0.879
0.047	0.789	0.025	0.139
>CATTTGTTAG	6-CATTTGTTAG	9.936783	-22.326128	0	T:24.0(12.18%),B:2464.2(2.48%),P:1e-9	Tpos:423.9,Tstd:279.4,Bpos:383.6,Bstd:235.4,StrandBias:0.6,Multiplicity:1.00
0.001	0.714	0.143	0.142
0.869	0.129	0.001	0.001
0.001	0.001	0.001	0.997
0.001	0.356	0.001	0.642
0.001	0.001	0.001	0.997
0.155	0.101	0.699	0.045
0.001	0.001	0.001	0.997
0.001	0.313	0.001	0.685
0.997	0.001	0.001	0.001
0.001	0.001	0.769	0.229
>AATTAATTGC	7-AATTAATTGC	6.811956	-22.020652	0	T:75.0(38.07%),B:18768.8(18.89%),P:1e-9	Tpos:364.6,Tstd:259.1,Bpos:385.1,Bstd:237.1,StrandBias:0.1,Multiplicity:1.30
0.848	0.090	0.003	0.059
0.862	0.057	0.014	0.067
0.062	0.064	0.070	0.804
0.080	0.025	0.097	0.798
0.774	0.072	0.080	0.074
0.822	0.040	0.081	0.057
0.026	0.135	0.086	0.753
0.050	0.041	0.115	0.794
0.044	0.117	0.747	0.092
0.093	0.804	0.049	0.054
>ATCTGGTAAA	8-ATCTGGTAAA	10.088010	-20.025282	0	T:19.0(9.64%),B:1704.0(1.72%),P:1e-8	Tpos:385.5,Tstd:206.7,Bpos:387.8,Bstd:235.9,StrandBias:0.5,Multiplicity:1.00
0.721	0.086	0.113	0.080
0.001	0.001	0.061	0.937
0.114	0.794	0.091	0.001
0.092	0.001	0.001	0.906
0.001	0.001	0.997	0.001
0.089	0.091	0.736	0.084
0.001	0.001	0.001	0.997
0.997	0.001	0.001	0.001
0.997	0.001	0.001	0.001
0.997	0.001	0.001	0.001
>GGTCTGGGAA	9-GGTCTGGGAA	9.734577	-19.434244	0	T:28.0(14.21%),B:3845.6(3.87%),P:1e-8	Tpos:426.2,Tstd:298.2,Bpos:381.0,Bstd:233.2,StrandBias:0.2,Multiplicity:1.07
0.101	0.001	0.897	0.001
0.125	0.001	0.873	0.001
0.001	0.236	0.065	0.698
0.001	0.881	0.117	0.001
0.113	0.001	0.001	0.885
0.272	0.001	0.726	0.001
0.125	0.001	0.873	0.001
0.001	0.001	0.997	0.001
0.938	0.001	0.060	0.001
0.997	0.001	0.001	0.001
>GTTAATGGAA	10-GTTAATGGAA	7.063474	-18.714778	0	T:73.0(37.06%),B:19360.6(19.49%),P:1e-8	Tpos:443.1,Tstd:244.8,Bpos:385.9,Bstd:236.5,StrandBias:0.7,Multiplicity:1.18
0.120	0.110	0.724	0.046
0.125	0.110	0.054	0.711
0.006	0.051	0.044	0.899
0.730	0.118	0.109	0.043
0.958	0.001	0.040	0.001
0.128	0.001	0.055	0.816
0.124	0.001	0.819	0.056
0.167	0.001	0.761	0.071
0.736	0.120	0.143	0.001
0.888	0.001	0.053	0.058
>TCTCTGTGGC	11-TCTCTGTGGC	9.229556	-17.700867	0	T:34.0(17.26%),B:5880.2(5.92%),P:1e-7	Tpos:414.4,Tstd:313.7,Bpos:385.6,Bstd:232.8,StrandBias:-0.1,Multiplicity:1.09
0.045	0.077	0.014	0.864
0.075	0.774	0.150	0.001
0.035	0.027	0.001	0.937
0.001	0.910	0.029	0.060
0.001	0.001	0.001	0.997
0.001	0.059	0.939	0.001
0.001	0.118	0.001	0.880
0.031	0.119	0.814	0.036
0.076	0.019	0.904	0.001
0.022	0.976	0.001	0.001
>TCCCAGCGGA	12-TCCCAGCGGA	8.203479	-16.998557	0	T:30.0(15.23%),B:4877.5(4.91%),P:1e-7	Tpos:444.0,Tstd:269.0,Bpos:383.7,Bstd:231.2,StrandBias:-0.2,Multiplicity:1.07
0.075	0.110	0.112	0.703
0.090	0.830	0.073	0.007
0.054	0.944	0.001	0.001
0.056	0.905	0.001	0.038
0.910	0.040	0.001	0.049
0.120	0.086	0.727	0.067
0.139	0.640	0.107	0.114
0.108	0.049	0.811	0.032
0.023	0.038	0.783	0.156
0.765	0.098	0.026	0.111
>AAGCAGTACA	13-AAGCAGTACA	9.838777	-16.932390	0	T:19.0(9.64%),B:2072.6(2.09%),P:1e-7	Tpos:395.7,Tstd:263.5,Bpos:387.7,Bstd:239.2,StrandBias:1.1,Multiplicity:1.00
0.997	0.001	0.001	0.001
0.803	0.001	0.097	0.099
0.001	0.001	0.886	0.112
0.001	0.774	0.089	0.136
0.907	0.001	0.001	0.091
0.001	0.001	0.902	0.096
0.040	0.047	0.042	0.871
0.997	0.001	0.001	0.001
0.075	0.852	0.072	0.001
0.997	0.001	0.001	0.001
>TGATGGGCAC	14-TGATGGGCAC	10.373623	-16.633610	0	T:16.0(8.12%),B:1478.9(1.49%),P:1e-7	Tpos:401.1,Tstd:307.9,Bpos:405.4,Bstd:232.7,StrandBias:-0.9,Multiplicity:1.25
0.001	0.001	0.001	0.997
0.001	0.001	0.997	0.001
0.758	0.240	0.001	0.001
0.001	0.001	0.001	0.997
0.085	0.001	0.838	0.076
0.001	0.001	0.997	0.001
0.001	0.049	0.889	0.061
0.053	0.891	0.055	0.001
0.997	0.001	0.001	0.001
0.001	0.679	0.177	0.143
>GGTCACCACA	15-GGTCACCACA	7.695273	-15.738971	0	T:54.0(27.41%),B:13281.3(13.37%),P:1e-6	Tpos:397.2,Tstd:210.6,Bpos:385.6,Bstd:233.4,StrandBias:-0.4,Multiplicity:1.11
0.086	0.007	0.858	0.049
0.001	0.071	0.802	0.126
0.073	0.001	0.001	0.925
0.001	0.657	0.109	0.233
0.877	0.070	0.001	0.052
0.093	0.557	0.349	0.001
0.001	0.903	0.001	0.095
0.592	0.245	0.080	0.083
0.183	0.657	0.159	0.001
0.997	0.001	0.001	0.001
>AATGATGCAT	16-AATGATGCAT	6.404373	-14.367242	0	T:128.0(64.97%),B:47179.5(47.49%),P:1e-6	Tpos:429.5,Tstd:256.9,Bpos:386.6,Bstd:238.8,StrandBias:0.4,Multiplicity:1.60
0.700	0.100	0.100	0.100
0.700	0.100	0.100	0.100
0.100	0.100	0.100	0.700
0.100	0.100	0.700	0.100
0.700	0.100	0.100	0.100
0.100	0.100	0.100	0.700
0.100	0.100	0.700	0.100
0.100	0.700	0.100	0.100
0.700	0.100	0.100	0.100
0.100	0.100	0.100	0.700
>GGCCTTTGAC	17-GGCCTTTGAC	9.061964	-14.243068	0	T:18.0(9.14%),B:2233.4(2.25%),P:1e-6	Tpos:272.6,Tstd:132.4,Bpos:383.7,Bstd:231.0,StrandBias:-1.2,Multiplicity:1.11
0.001	0.158	0.840	0.001
0.071	0.001	0.927	0.001
0.105	0.893	0.001	0.001
0.001	0.997	0.001	0.001
0.001	0.001	0.001	0.997
0.104	0.043	0.001	0.852
0.102	0.001	0.060	0.837
0.083	0.001	0.915	0.001
0.875	0.058	0.066	0.001
0.056	0.942	0.001	0.001
>CCCTCYCCTC	18-CCCTCYCCTC	10.944486	-6.177155	0	T:15.0(7.61%),B:3219.9(3.24%),P:1e-2	Tpos:557.4,Tstd:220.1,Bpos:384.4,Bstd:209.9,StrandBias:2.4,Multiplicity:2.13
0.001	0.997	0.001	0.001
0.001	0.997	0.001	0.001
0.001	0.714	0.284	0.001
0.001	0.001	0.001	0.997
0.001	0.997	0.001	0.001
0.079	0.442	0.001	0.478
0.001	0.997	0.001	0.001
0.001	0.978	0.001	0.020
0.001	0.001	0.001	0.997
0.001	0.997	0.001	0.001
