>CCATCMATCACC	1-CCATCMATCACC,BestGuess:HOXA1(Homeobox)/mES-Hoxa1-ChIP-Seq(SRP084292)/Homer(0.931)	8.411270	-96.752837	0	T:95.0(48.22%),B:9824.5(9.89%),P:1e-42
0.266	0.533	0.001	0.200
0.038	0.919	0.001	0.042
0.997	0.001	0.001	0.001
0.001	0.001	0.069	0.929
0.001	0.616	0.001	0.382
0.336	0.461	0.001	0.202
0.629	0.033	0.153	0.185
0.001	0.001	0.001	0.997
0.001	0.907	0.001	0.091
0.844	0.001	0.001	0.154
0.153	0.482	0.185	0.180
0.128	0.522	0.240	0.110
>TTCCAGCTGG	2-TTCCAGCTGG,BestGuess:BHLHA15(bHLH)/NIH3T3-BHLHB8.HA-ChIP-Seq(GSE119782)/Homer(0.867)	7.885693	-35.467427	0	T:69.0(35.03%),B:12431.8(12.51%),P:1e-15
0.027	0.001	0.183	0.789
0.001	0.297	0.152	0.550
0.002	0.972	0.025	0.001
0.001	0.997	0.001	0.001
0.997	0.001	0.001	0.001
0.001	0.001	0.750	0.248
0.180	0.818	0.001	0.001
0.001	0.001	0.001	0.997
0.001	0.001	0.975	0.023
0.022	0.247	0.719	0.012
>GSGGAAAACA	3-GSGGAAAACA,BestGuess:PABPC3(RRM)/Homo_sapiens-RNCMPT00153-PBM/HughesRNA(0.857)	9.061666	-28.663437	0	T:41.0(20.81%),B:5592.1(5.63%),P:1e-12
0.208	0.147	0.644	0.001
0.069	0.365	0.388	0.178
0.052	0.165	0.494	0.289
0.001	0.001	0.997	0.001
0.811	0.044	0.001	0.144
0.997	0.001	0.001	0.001
0.997	0.001	0.001	0.001
0.997	0.001	0.001	0.001
0.027	0.971	0.001	0.001
0.813	0.001	0.001	0.185
>AAATGAGAAGAA	2-AAATGAGAAGAA,BestGuess:egl-27/MA2164.1/Jaspar(0.722)	11.905812	-26.534910	0	T:13.0(6.60%),B:404.7(0.41%),P:1e-11
0.849	0.001	0.001	0.149
0.997	0.001	0.001	0.001
0.855	0.143	0.001	0.001
0.001	0.001	0.001	0.997
0.001	0.121	0.877	0.001
0.997	0.001	0.001	0.001
0.001	0.001	0.997	0.001
0.788	0.001	0.001	0.210
0.997	0.001	0.001	0.001
0.001	0.001	0.864	0.134
0.762	0.119	0.118	0.001
0.997	0.001	0.001	0.001
>AGGDCAGAGGCA	3-AGGDCAGAGGCA,BestGuess:RXR(NR),DR1/3T3L1-RXR-ChIP-Seq(GSE13511)/Homer(0.692)	9.256994	-25.214667	0	T:47.0(23.86%),B:7985.8(8.04%),P:1e-10
0.997	0.001	0.001	0.001
0.001	0.001	0.921	0.077
0.192	0.062	0.745	0.001
0.232	0.071	0.324	0.373
0.057	0.941	0.001	0.001
0.662	0.001	0.157	0.180
0.178	0.004	0.817	0.001
0.865	0.001	0.133	0.001
0.072	0.001	0.857	0.070
0.040	0.001	0.958	0.001
0.008	0.752	0.174	0.066
0.717	0.081	0.001	0.201
>ATTTATCGTC	5-ATTTATCGTC,BestGuess:abd-A/dmmpmm(Down)/fly(0.740)	9.200007	-24.065384	0	T:17.0(8.63%),B:1015.5(1.02%),P:1e-10
0.917	0.081	0.001	0.001
0.024	0.001	0.090	0.885
0.068	0.057	0.217	0.658
0.001	0.043	0.027	0.929
0.740	0.051	0.076	0.133
0.044	0.045	0.069	0.842
0.053	0.779	0.094	0.074
0.206	0.069	0.595	0.130
0.099	0.001	0.021	0.879
0.047	0.789	0.025	0.139
>CTCCTCTGGGAA	4-CTCCTCTGGGAA,BestGuess:Ebf4/MA2122.1/Jaspar(0.816)	9.687930	-23.155312	0	T:32.0(16.24%),B:4220.7(4.25%),P:1e-10
0.021	0.726	0.201	0.052
0.001	0.001	0.001	0.997
0.055	0.845	0.097	0.003
0.059	0.759	0.055	0.127
0.108	0.198	0.088	0.606
0.001	0.943	0.001	0.055
0.043	0.001	0.001	0.955
0.062	0.001	0.826	0.111
0.001	0.001	0.997	0.001
0.046	0.058	0.895	0.001
0.810	0.001	0.188	0.001
0.651	0.111	0.237	0.001
>AATTAATTGC	7-AATTAATTGC,BestGuess:ANL2(HB)/col-ANL2-DAP-Seq(GSE60143)/Homer(0.842)	6.811956	-22.020652	0	T:75.0(38.07%),B:18768.8(18.89%),P:1e-9
0.848	0.090	0.003	0.059
0.862	0.057	0.014	0.067
0.062	0.064	0.070	0.804
0.080	0.025	0.097	0.798
0.774	0.072	0.080	0.074
0.822	0.040	0.081	0.057
0.026	0.135	0.086	0.753
0.050	0.041	0.115	0.794
0.044	0.117	0.747	0.092
0.093	0.804	0.049	0.054
>TACTGAACTCAT	8-TACTGAACTCAT,BestGuess:Vdr/MA0693.4/Jaspar(0.716)	10.932830	-20.302262	0	T:15.0(7.61%),B:970.1(0.98%),P:1e-8
0.001	0.001	0.001	0.997
0.619	0.001	0.001	0.379
0.001	0.778	0.220	0.001
0.001	0.001	0.001	0.997
0.001	0.001	0.778	0.220
0.803	0.001	0.001	0.195
0.644	0.196	0.159	0.001
0.001	0.997	0.001	0.001
0.001	0.207	0.001	0.791
0.189	0.809	0.001	0.001
0.828	0.001	0.001	0.170
0.001	0.001	0.001	0.997
>TGACCCTTGACC	9-TGACCCTTGACC,BestGuess:Nr2f6/MA0677.2/Jaspar(0.866)	9.341114	-20.099688	0	T:24.0(12.18%),B:2761.9(2.78%),P:1e-8
0.001	0.001	0.148	0.850
0.074	0.050	0.875	0.001
0.915	0.001	0.049	0.035
0.001	0.997	0.001	0.001
0.001	0.948	0.001	0.050
0.001	0.802	0.095	0.102
0.101	0.035	0.001	0.863
0.001	0.001	0.145	0.853
0.001	0.058	0.829	0.112
0.716	0.057	0.125	0.102
0.001	0.824	0.174	0.001
0.239	0.538	0.148	0.075
>ATCTGGTAAA	8-ATCTGGTAAA,BestGuess:AT3G10030/MA1662.2/Jaspar(0.768)	10.088010	-20.025282	0	T:19.0(9.64%),B:1704.0(1.72%),P:1e-8
0.721	0.086	0.113	0.080
0.001	0.001	0.061	0.937
0.114	0.794	0.091	0.001
0.092	0.001	0.001	0.906
0.001	0.001	0.997	0.001
0.089	0.091	0.736	0.084
0.001	0.001	0.001	0.997
0.997	0.001	0.001	0.001
0.997	0.001	0.001	0.001
0.997	0.001	0.001	0.001
>CTTCGGTG	5-CTTCGGTG,BestGuess:Deaf1/MA0185.2/Jaspar(0.755)	6.987775	-19.594071	0	T:55.0(27.92%),B:12210.0(12.29%),P:1e-8
0.025	0.973	0.001	0.001
0.076	0.047	0.001	0.876
0.001	0.001	0.001	0.997
0.001	0.956	0.042	0.001
0.001	0.078	0.920	0.001
0.084	0.001	0.546	0.369
0.001	0.002	0.001	0.996
0.001	0.240	0.758	0.001
>GTTAATGGAA	10-GTTAATGGAA,BestGuess:Tup/dmmpmm(Noyes_hd)/fly(0.809)	7.063474	-18.714778	0	T:73.0(37.06%),B:19360.6(19.49%),P:1e-8
0.120	0.110	0.724	0.046
0.125	0.110	0.054	0.711
0.006	0.051	0.044	0.899
0.730	0.118	0.109	0.043
0.958	0.001	0.040	0.001
0.128	0.001	0.055	0.816
0.124	0.001	0.819	0.056
0.167	0.001	0.761	0.071
0.736	0.120	0.143	0.001
0.888	0.001	0.053	0.058
>CCAAGGGAGCAT	10-CCAAGGGAGCAT,BestGuess:Ebf2/MA1604.2/Jaspar(0.709)	10.701740	-18.363424	0	T:13.0(6.60%),B:798.0(0.80%),P:1e-7
0.084	0.545	0.173	0.198
0.094	0.904	0.001	0.001
0.825	0.173	0.001	0.001
0.556	0.123	0.161	0.160
0.100	0.092	0.807	0.001
0.098	0.001	0.900	0.001
0.004	0.001	0.994	0.001
0.997	0.001	0.001	0.001
0.001	0.001	0.997	0.001
0.186	0.724	0.006	0.084
0.839	0.076	0.001	0.084
0.001	0.001	0.074	0.924
>TCTCTGTGGC	11-TCTCTGTGGC,BestGuess:MET28/MA0332.1/Jaspar(0.778)	9.229556	-17.700867	0	T:34.0(17.26%),B:5880.2(5.92%),P:1e-7
0.045	0.077	0.014	0.864
0.075	0.774	0.150	0.001
0.035	0.027	0.001	0.937
0.001	0.910	0.029	0.060
0.001	0.001	0.001	0.997
0.001	0.059	0.939	0.001
0.001	0.118	0.001	0.880
0.031	0.119	0.814	0.036
0.076	0.019	0.904	0.001
0.022	0.976	0.001	0.001
>GACAAATTGTCT	11-GACAAATTGTCT,BestGuess:Msgn1/MA1524.3/Jaspar(0.707)	9.556736	-17.430284	0	T:20.0(10.15%),B:2227.1(2.24%),P:1e-7
0.062	0.001	0.875	0.062
0.997	0.001	0.001	0.001
0.001	0.850	0.053	0.096
0.818	0.096	0.001	0.085
0.750	0.078	0.120	0.052
0.798	0.064	0.001	0.137
0.166	0.001	0.062	0.771
0.089	0.001	0.092	0.818
0.075	0.062	0.862	0.001
0.001	0.227	0.152	0.620
0.001	0.997	0.001	0.001
0.056	0.089	0.001	0.854
>AAGCAGTACA	13-AAGCAGTACA,BestGuess:SPL11(SBP)/col100-SPL11-DAP-Seq(GSE60143)/Homer(0.717)	9.838777	-16.932390	0	T:19.0(9.64%),B:2072.6(2.09%),P:1e-7
0.997	0.001	0.001	0.001
0.803	0.001	0.097	0.099
0.001	0.001	0.886	0.112
0.001	0.774	0.089	0.136
0.907	0.001	0.001	0.091
0.001	0.001	0.902	0.096
0.040	0.047	0.042	0.871
0.997	0.001	0.001	0.001
0.075	0.852	0.072	0.001
0.997	0.001	0.001	0.001
>TGATGGGCAC	14-TGATGGGCAC,BestGuess:PB0133.1_Hic1_2/Jaspar(0.749)	10.373623	-16.633610	0	T:16.0(8.12%),B:1478.9(1.49%),P:1e-7
0.001	0.001	0.001	0.997
0.001	0.001	0.997	0.001
0.758	0.240	0.001	0.001
0.001	0.001	0.001	0.997
0.085	0.001	0.838	0.076
0.001	0.001	0.997	0.001
0.001	0.049	0.889	0.061
0.053	0.891	0.055	0.001
0.997	0.001	0.001	0.001
0.001	0.679	0.177	0.143
>CTCTCCAGTGCA	12-CTCTCCAGTGCA,BestGuess:tin/dmmpmm(Pollard)/fly(0.728)	10.722982	-16.528871	0	T:7.0(3.55%),B:170.5(0.17%),P:1e-7
0.200	0.798	0.001	0.001
0.001	0.001	0.001	0.997
0.001	0.997	0.001	0.001
0.001	0.001	0.001	0.997
0.135	0.863	0.001	0.001
0.247	0.751	0.001	0.001
0.997	0.001	0.001	0.001
0.001	0.001	0.933	0.065
0.001	0.001	0.001	0.997
0.001	0.001	0.997	0.001
0.001	0.997	0.001	0.001
0.997	0.001	0.001	0.001
>TCTCCCCAGACC	13-TCTCCCCAGACC,BestGuess:Hand1/MA2123.1/Jaspar(0.708)	14.339214	-15.890053	0	T:7.0(3.55%),B:187.0(0.19%),P:1e-6
0.001	0.001	0.001	0.997
0.001	0.823	0.001	0.175
0.001	0.001	0.001	0.997
0.001	0.997	0.001	0.001
0.001	0.997	0.001	0.001
0.001	0.997	0.001	0.001
0.001	0.997	0.001	0.001
0.997	0.001	0.001	0.001
0.001	0.001	0.997	0.001
0.738	0.001	0.135	0.126
0.001	0.997	0.001	0.001
0.001	0.997	0.001	0.001
>GGTCACCACA	15-GGTCACCACA,BestGuess:CG8319/MA2300.1/Jaspar(0.796)	7.695273	-15.738971	0	T:54.0(27.41%),B:13281.3(13.37%),P:1e-6
0.086	0.007	0.858	0.049
0.001	0.071	0.802	0.126
0.073	0.001	0.001	0.925
0.001	0.657	0.109	0.233
0.877	0.070	0.001	0.052
0.093	0.557	0.349	0.001
0.001	0.903	0.001	0.095
0.592	0.245	0.080	0.083
0.183	0.657	0.159	0.001
0.997	0.001	0.001	0.001
>GTGAGTTCACKT	16-GTGAGTTCACKT,BestGuess:Vdr/MA0693.4/Jaspar(0.742)	13.108142	-14.966529	0	T:5.0(2.54%),B:68.9(0.07%),P:1e-6
0.001	0.001	0.997	0.001
0.001	0.001	0.001	0.997
0.001	0.001	0.997	0.001
0.997	0.001	0.001	0.001
0.001	0.001	0.997	0.001
0.001	0.160	0.010	0.829
0.001	0.019	0.001	0.979
0.001	0.781	0.217	0.001
0.838	0.001	0.160	0.001
0.001	0.984	0.014	0.001
0.197	0.206	0.366	0.231
0.001	0.001	0.001	0.997
>AATGATGCAT	16-AATGATGCAT,BestGuess:atfs-1/MA2157.1/Jaspar(0.789)	6.404373	-14.367242	0	T:128.0(64.97%),B:47179.5(47.49%),P:1e-6
0.700	0.100	0.100	0.100
0.700	0.100	0.100	0.100
0.100	0.100	0.100	0.700
0.100	0.100	0.700	0.100
0.700	0.100	0.100	0.100
0.100	0.100	0.100	0.700
0.100	0.100	0.700	0.100
0.100	0.700	0.100	0.100
0.700	0.100	0.100	0.100
0.100	0.100	0.100	0.700
>GAAATCCAGGAT	19-GAAATCCAGGAT,BestGuess:Prdm15/MA1616.2/Jaspar(0.734)	9.813126	-13.237069	0	T:5.0(2.54%),B:97.3(0.10%),P:1e-5
0.001	0.001	0.997	0.001
0.997	0.001	0.001	0.001
0.997	0.001	0.001	0.001
0.997	0.001	0.001	0.001
0.001	0.001	0.001	0.997
0.050	0.929	0.020	0.001
0.023	0.975	0.001	0.001
0.997	0.001	0.001	0.001
0.001	0.001	0.997	0.001
0.001	0.001	0.997	0.001
0.973	0.001	0.001	0.025
0.001	0.001	0.001	0.997
>ATGCACAGGCAT	20-ATGCACAGGCAT,BestGuess:p53(p53)/mES-cMyc-ChIP-Seq(GSE11431)/Homer(0.672)	13.327954	-11.609876	0	T:5.0(2.54%),B:136.1(0.14%),P:1e-5
0.997	0.001	0.001	0.001
0.001	0.001	0.001	0.997
0.001	0.001	0.997	0.001
0.001	0.604	0.394	0.001
0.893	0.105	0.001	0.001
0.001	0.997	0.001	0.001
0.997	0.001	0.001	0.001
0.107	0.299	0.593	0.001
0.001	0.001	0.997	0.001
0.001	0.997	0.001	0.001
0.997	0.001	0.001	0.001
0.001	0.001	0.001	0.997
>CCCCTCCCCTCT	21-CCCCTCCCCTCT,BestGuess:ZNF148/MA1653.2/Jaspar(0.866)	12.767134	-9.742658	0	T:14.0(7.11%),B:2014.1(2.03%),P:1e-4
0.001	0.668	0.001	0.330
0.001	0.982	0.016	0.001
0.001	0.997	0.001	0.001
0.001	0.997	0.001	0.001
0.001	0.001	0.001	0.997
0.001	0.997	0.001	0.001
0.001	0.754	0.001	0.244
0.001	0.997	0.001	0.001
0.001	0.805	0.001	0.193
0.001	0.233	0.001	0.765
0.001	0.766	0.001	0.232
0.163	0.184	0.001	0.652
>CCCACTCAGCTG	22-CCCACTCAGCTG,BestGuess:Ap4(bHLH)/AML-Tfap4-ChIP-Seq(GSE45738)/Homer(0.725)	15.041834	-9.468521	0	T:3.0(1.52%),B:40.4(0.04%),P:1e-4
0.001	0.997	0.001	0.001
0.001	0.997	0.001	0.001
0.001	0.997	0.001	0.001
0.788	0.210	0.001	0.001
0.001	0.997	0.001	0.001
0.001	0.001	0.001	0.997
0.001	0.997	0.001	0.001
0.997	0.001	0.001	0.001
0.001	0.001	0.997	0.001
0.001	0.997	0.001	0.001
0.001	0.001	0.001	0.997
0.001	0.001	0.997	0.001
