>TCACATCTGGTT	1-TCACATCTGGTT	10.023101	-45.141476	0	T:29.0(14.50%),B:1432.6(1.44%),P:1e-19	Tpos:291.4,Tstd:185.7,Bpos:288.4,Bstd:178.7,StrandBias:1.0,Multiplicity:1.03
0.050	0.127	0.001	0.822
0.151	0.804	0.001	0.044
0.899	0.050	0.001	0.050
0.001	0.950	0.048	0.001
0.818	0.001	0.137	0.044
0.001	0.001	0.141	0.857
0.001	0.827	0.053	0.119
0.001	0.074	0.001	0.924
0.001	0.001	0.997	0.001
0.001	0.125	0.721	0.153
0.115	0.090	0.077	0.718
0.102	0.001	0.230	0.667
>GAATCCAGATGT	2-GAATCCAGATGT	9.084087	-43.189173	0	T:40.0(20.00%),B:3388.3(3.40%),P:1e-18	Tpos:284.0,Tstd:180.5,Bpos:291.2,Bstd:179.5,StrandBias:0.1,Multiplicity:1.08
0.001	0.036	0.906	0.057
0.811	0.144	0.044	0.001
0.601	0.219	0.083	0.097
0.229	0.002	0.081	0.688
0.001	0.803	0.093	0.103
0.056	0.942	0.001	0.001
0.997	0.001	0.001	0.001
0.099	0.040	0.860	0.001
0.997	0.001	0.001	0.001
0.046	0.077	0.066	0.811
0.046	0.045	0.852	0.057
0.097	0.038	0.130	0.735
>TGTTATTCTAAC	3-TGTTATTCTAAC	7.290562	-28.783002	0	T:61.0(30.50%),B:11339.7(11.39%),P:1e-12	Tpos:339.2,Tstd:230.7,Bpos:294.0,Bstd:176.1,StrandBias:0.0,Multiplicity:1.17
0.014	0.026	0.095	0.865
0.123	0.043	0.785	0.049
0.018	0.090	0.038	0.854
0.094	0.072	0.070	0.764
0.532	0.122	0.176	0.170
0.081	0.177	0.116	0.626
0.159	0.014	0.056	0.771
0.040	0.683	0.116	0.161
0.128	0.108	0.019	0.745
0.833	0.070	0.027	0.070
0.796	0.036	0.135	0.033
0.072	0.751	0.081	0.096
>GGTCAAGGGTCA	4-GGTCAAGGGTCA	7.294665	-24.125350	0	T:65.0(32.50%),B:14045.3(14.11%),P:1e-10	Tpos:328.1,Tstd:221.5,Bpos:293.4,Bstd:177.9,StrandBias:-0.2,Multiplicity:1.17
0.102	0.021	0.726	0.151
0.054	0.066	0.763	0.117
0.076	0.078	0.158	0.688
0.081	0.839	0.040	0.040
0.811	0.054	0.064	0.071
0.686	0.009	0.137	0.168
0.155	0.001	0.767	0.077
0.042	0.039	0.850	0.069
0.101	0.164	0.693	0.042
0.088	0.056	0.164	0.692
0.040	0.738	0.148	0.074
0.751	0.138	0.042	0.069
>CAGGAAGMAGGC	5-CAGGAAGMAGGC	8.744012	-23.532638	0	T:61.0(30.50%),B:12837.8(12.89%),P:1e-10	Tpos:313.8,Tstd:192.1,Bpos:291.7,Bstd:178.2,StrandBias:-0.3,Multiplicity:1.15
0.021	0.862	0.116	0.001
0.862	0.052	0.001	0.085
0.033	0.001	0.925	0.041
0.001	0.001	0.997	0.001
0.898	0.021	0.080	0.001
0.680	0.067	0.172	0.081
0.148	0.024	0.744	0.084
0.393	0.353	0.186	0.068
0.854	0.028	0.064	0.054
0.271	0.001	0.727	0.001
0.129	0.028	0.802	0.041
0.165	0.695	0.080	0.060
>CTGTGAAAACAG	6-CTGTGAAAACAG	9.029887	-22.826050	0	T:36.0(18.00%),B:5259.4(5.28%),P:1e-9	Tpos:308.8,Tstd:167.6,Bpos:290.3,Bstd:178.7,StrandBias:-0.1,Multiplicity:1.09
0.054	0.944	0.001	0.001
0.097	0.001	0.001	0.901
0.063	0.087	0.744	0.106
0.131	0.001	0.001	0.867
0.001	0.056	0.885	0.058
0.881	0.001	0.001	0.117
0.796	0.168	0.035	0.001
0.877	0.083	0.039	0.001
0.728	0.113	0.059	0.100
0.063	0.782	0.092	0.063
0.877	0.001	0.001	0.121
0.043	0.119	0.727	0.111
>TCTCTGCCAAGC	7-TCTCTGCCAAGC	14.052498	-21.650958	0	T:7.0(3.50%),B:79.4(0.08%),P:1e-9	Tpos:118.4,Tstd:116.2,Bpos:271.2,Bstd:183.0,StrandBias:1.3,Multiplicity:1.00
0.001	0.001	0.001	0.997
0.001	0.997	0.001	0.001
0.001	0.001	0.269	0.729
0.001	0.997	0.001	0.001
0.001	0.001	0.001	0.997
0.001	0.001	0.997	0.001
0.001	0.997	0.001	0.001
0.001	0.826	0.001	0.172
0.997	0.001	0.001	0.001
0.997	0.001	0.001	0.001
0.204	0.001	0.619	0.176
0.001	0.997	0.001	0.001
>GTTTCCTGTRTG	8-GTTTCCTGTRTG	7.695786	-20.170518	0	T:19.0(9.50%),B:1665.8(1.67%),P:1e-8	Tpos:267.3,Tstd:127.4,Bpos:294.0,Bstd:174.6,StrandBias:0.5,Multiplicity:1.00
0.001	0.001	0.997	0.001
0.001	0.001	0.001	0.997
0.001	0.001	0.001	0.997
0.001	0.001	0.045	0.953
0.001	0.638	0.347	0.014
0.001	0.997	0.001	0.001
0.001	0.001	0.001	0.997
0.001	0.032	0.757	0.210
0.001	0.001	0.001	0.997
0.347	0.222	0.430	0.001
0.016	0.379	0.018	0.587
0.001	0.001	0.997	0.001
>CAGGAGGGCACA	9-CAGGAGGGCACA	11.196095	-19.596246	0	T:12.0(6.00%),B:575.2(0.58%),P:1e-8	Tpos:283.8,Tstd:201.8,Bpos:286.7,Bstd:181.8,StrandBias:0.7,Multiplicity:1.08
0.001	0.602	0.271	0.126
0.930	0.001	0.068	0.001
0.278	0.001	0.720	0.001
0.125	0.146	0.728	0.001
0.996	0.001	0.001	0.002
0.057	0.152	0.790	0.001
0.069	0.001	0.830	0.100
0.060	0.059	0.878	0.003
0.001	0.926	0.072	0.001
0.920	0.001	0.078	0.001
0.173	0.825	0.001	0.001
0.873	0.001	0.125	0.001
>TCAGGGTCAAAT	10-TCAGGGTCAAAT	9.318279	-19.454601	0	T:20.0(10.00%),B:1942.7(1.95%),P:1e-8	Tpos:274.4,Tstd:176.7,Bpos:292.4,Bstd:178.3,StrandBias:-0.2,Multiplicity:1.06
0.075	0.111	0.087	0.727
0.043	0.795	0.068	0.094
0.821	0.020	0.073	0.086
0.097	0.029	0.836	0.038
0.086	0.015	0.812	0.087
0.126	0.148	0.645	0.081
0.094	0.169	0.061	0.676
0.084	0.819	0.016	0.081
0.888	0.019	0.025	0.068
0.626	0.139	0.149	0.086
0.717	0.129	0.103	0.051
0.077	0.115	0.167	0.641
>AGAAAAATAACC	11-AGAAAAATAACC	10.374746	-15.132856	0	T:18.0(9.00%),B:2070.5(2.08%),P:1e-6	Tpos:265.0,Tstd:163.2,Bpos:295.6,Bstd:175.2,StrandBias:0.0,Multiplicity:1.00
0.739	0.001	0.117	0.143
0.001	0.001	0.997	0.001
0.997	0.001	0.001	0.001
0.785	0.213	0.001	0.001
0.997	0.001	0.001	0.001
0.997	0.001	0.001	0.001
0.867	0.001	0.001	0.131
0.001	0.143	0.232	0.624
0.997	0.001	0.001	0.001
0.615	0.001	0.267	0.117
0.162	0.731	0.001	0.106
0.062	0.735	0.111	0.092
>GACAAATATTTG	12-GACAAATATTTG	9.348620	-14.285943	0	T:20.0(10.00%),B:2683.0(2.69%),P:1e-6	Tpos:265.7,Tstd:203.2,Bpos:290.4,Bstd:171.6,StrandBias:-0.2,Multiplicity:1.05
0.147	0.001	0.705	0.147
0.689	0.158	0.001	0.152
0.007	0.766	0.109	0.118
0.997	0.001	0.001	0.001
0.681	0.167	0.143	0.009
0.997	0.001	0.001	0.001
0.142	0.001	0.001	0.856
0.997	0.001	0.001	0.001
0.001	0.001	0.001	0.997
0.147	0.001	0.147	0.705
0.001	0.001	0.001	0.997
0.118	0.152	0.630	0.100
>TAWTASTRTTWT	13-TAWTASTRTTWT	7.348829	-10.920713	0	T:13.0(6.50%),B:1545.8(1.55%),P:1e-4	Tpos:234.2,Tstd:143.6,Bpos:306.5,Bstd:163.1,StrandBias:-1.6,Multiplicity:1.08
0.001	0.001	0.001	0.997
0.997	0.001	0.001	0.001
0.433	0.001	0.001	0.565
0.027	0.001	0.001	0.971
0.997	0.001	0.001	0.001
0.001	0.467	0.487	0.045
0.001	0.024	0.001	0.974
0.532	0.001	0.466	0.001
0.001	0.001	0.001	0.997
0.001	0.001	0.001	0.997
0.565	0.001	0.001	0.433
0.001	0.001	0.001	0.997
>TGCCCTGCCCTG	14-TGCCCTGCCCTG	10.813785	-9.998282	0	T:12.0(6.00%),B:1453.9(1.46%),P:1e-4	Tpos:221.4,Tstd:174.7,Bpos:295.4,Bstd:174.1,StrandBias:0.6,Multiplicity:1.08
0.060	0.001	0.073	0.866
0.200	0.048	0.751	0.001
0.125	0.579	0.073	0.223
0.101	0.746	0.063	0.090
0.001	0.997	0.001	0.001
0.041	0.001	0.001	0.957
0.001	0.124	0.874	0.001
0.001	0.762	0.170	0.067
0.084	0.750	0.067	0.099
0.101	0.897	0.001	0.001
0.070	0.001	0.001	0.928
0.001	0.083	0.915	0.001
>TTCCCTTCCCTT	15-TTCCCTTCCCTT	12.355432	-2.948430	0	T:2.0(1.00%),B:182.2(0.18%),P:1e-1	Tpos:36.0,Tstd:32.4,Bpos:311.1,Bstd:157.3,StrandBias:10.0,Multiplicity:1.00
0.100	0.100	0.100	0.700
0.100	0.100	0.100	0.700
0.100	0.700	0.100	0.100
0.100	0.700	0.100	0.100
0.100	0.700	0.100	0.100
0.100	0.100	0.100	0.700
0.100	0.100	0.100	0.700
0.100	0.700	0.100	0.100
0.100	0.700	0.100	0.100
0.100	0.700	0.100	0.100
0.100	0.100	0.100	0.700
0.100	0.100	0.100	0.700
