>MACATCTGGT	1-MACATCTGGT	7.945660	-57.485231	0	T:87.0(43.50%),B:13218.9(13.28%),P:1e-24	Tpos:296.5,Tstd:190.3,Bpos:291.2,Bstd:179.6,StrandBias:0.6,Multiplicity:1.26
0.378	0.425	0.189	0.008
0.943	0.055	0.001	0.001
0.001	0.997	0.001	0.001
0.997	0.001	0.001	0.001
0.001	0.001	0.235	0.763
0.001	0.837	0.161	0.001
0.001	0.171	0.001	0.827
0.001	0.001	0.997	0.001
0.001	0.074	0.644	0.281
0.233	0.221	0.001	0.545
>VAGGTCABGG	2-VAGGTCABGG	7.181129	-35.665969	0	T:117.0(58.50%),B:30456.4(30.59%),P:1e-15	Tpos:312.3,Tstd:203.2,Bpos:292.6,Bstd:178.5,StrandBias:0.1,Multiplicity:1.69
0.263	0.272	0.384	0.081
0.732	0.001	0.266	0.001
0.025	0.001	0.916	0.058
0.111	0.001	0.887	0.001
0.001	0.055	0.172	0.772
0.001	0.997	0.001	0.001
0.997	0.001	0.001	0.001
0.146	0.243	0.367	0.245
0.310	0.183	0.484	0.023
0.290	0.113	0.478	0.119
>TGTTTATTTA	3-TGTTTATTTA	7.051475	-33.007873	0	T:91.0(45.50%),B:20705.3(20.80%),P:1e-14	Tpos:321.2,Tstd:239.1,Bpos:292.0,Bstd:175.9,StrandBias:0.0,Multiplicity:1.29
0.024	0.001	0.294	0.681
0.001	0.001	0.997	0.001
0.001	0.162	0.001	0.836
0.001	0.222	0.069	0.708
0.251	0.062	0.222	0.465
0.842	0.156	0.001	0.001
0.211	0.262	0.001	0.526
0.263	0.001	0.094	0.642
0.001	0.241	0.210	0.548
0.779	0.113	0.015	0.093
>GAAAAACATC	4-GAAAAACATC	10.216883	-26.062919	0	T:22.0(11.00%),B:1657.2(1.66%),P:1e-11	Tpos:314.6,Tstd:163.3,Bpos:285.9,Bstd:178.6,StrandBias:0.6,Multiplicity:1.05
0.074	0.001	0.924	0.001
0.997	0.001	0.001	0.001
0.909	0.089	0.001	0.001
0.879	0.001	0.001	0.119
0.902	0.001	0.001	0.096
0.997	0.001	0.001	0.001
0.031	0.884	0.084	0.001
0.997	0.001	0.001	0.001
0.218	0.001	0.001	0.780
0.077	0.716	0.068	0.139
>CTTCCTGTTG	5-CTTCCTGTTG	9.712123	-25.186267	0	T:33.0(16.50%),B:4080.8(4.10%),P:1e-10	Tpos:322.5,Tstd:223.8,Bpos:298.0,Bstd:181.8,StrandBias:0.2,Multiplicity:1.06
0.071	0.839	0.053	0.037
0.001	0.054	0.001	0.944
0.001	0.001	0.001	0.997
0.001	0.958	0.040	0.001
0.001	0.997	0.001	0.001
0.062	0.001	0.001	0.936
0.001	0.001	0.997	0.001
0.042	0.259	0.001	0.698
0.044	0.001	0.184	0.771
0.055	0.001	0.943	0.001
>TGTTGTAACA	6-TGTTGTAACA	7.268842	-20.946119	0	T:58.0(29.00%),B:12629.7(12.68%),P:1e-9	Tpos:316.6,Tstd:208.7,Bpos:290.6,Bstd:180.5,StrandBias:-0.7,Multiplicity:1.20
0.020	0.078	0.028	0.874
0.004	0.247	0.748	0.001
0.068	0.102	0.001	0.829
0.043	0.076	0.024	0.857
0.112	0.001	0.789	0.098
0.082	0.035	0.241	0.642
0.637	0.149	0.027	0.187
0.997	0.001	0.001	0.001
0.036	0.823	0.055	0.086
0.813	0.127	0.001	0.059
>CCATCTGGAA	7-CCATCTGGAA	10.035801	-20.839485	0	T:21.0(10.50%),B:1986.8(2.00%),P:1e-9	Tpos:303.7,Tstd:194.8,Bpos:291.2,Bstd:176.5,StrandBias:0.3,Multiplicity:1.05
0.001	0.732	0.266	0.001
0.132	0.866	0.001	0.001
0.980	0.001	0.001	0.018
0.001	0.001	0.144	0.854
0.198	0.800	0.001	0.001
0.001	0.001	0.001	0.997
0.001	0.001	0.997	0.001
0.102	0.001	0.896	0.001
0.921	0.077	0.001	0.001
0.748	0.250	0.001	0.001
>GTTTCCTCTG	8-GTTTCCTCTG	10.498765	-17.641186	0	T:17.0(8.50%),B:1545.9(1.55%),P:1e-7	Tpos:221.5,Tstd:139.4,Bpos:292.2,Bstd:179.4,StrandBias:1.3,Multiplicity:1.00
0.098	0.021	0.880	0.001
0.001	0.004	0.001	0.994
0.101	0.001	0.001	0.897
0.001	0.100	0.126	0.773
0.028	0.861	0.085	0.026
0.001	0.791	0.001	0.207
0.132	0.001	0.001	0.866
0.001	0.615	0.115	0.269
0.087	0.001	0.001	0.911
0.001	0.001	0.923	0.075
>CGTTGACAGG	9-CGTTGACAGG	7.099240	-17.627374	0	T:58.0(29.00%),B:13817.6(13.88%),P:1e-7	Tpos:303.8,Tstd:196.9,Bpos:293.0,Bstd:180.6,StrandBias:-0.3,Multiplicity:1.14
0.090	0.663	0.160	0.087
0.118	0.156	0.591	0.135
0.071	0.044	0.092	0.793
0.048	0.079	0.071	0.802
0.055	0.055	0.856	0.034
0.921	0.034	0.030	0.015
0.001	0.964	0.034	0.001
0.883	0.058	0.058	0.001
0.016	0.134	0.820	0.030
0.097	0.084	0.725	0.094
>ACAAATATTT	10-ACAAATATTT	8.673586	-16.800065	0	T:23.0(11.50%),B:2995.7(3.01%),P:1e-7	Tpos:301.6,Tstd:205.0,Bpos:291.5,Bstd:171.1,StrandBias:-0.5,Multiplicity:1.09
0.823	0.066	0.059	0.052
0.100	0.758	0.111	0.031
0.900	0.098	0.001	0.001
0.876	0.063	0.001	0.060
0.919	0.001	0.079	0.001
0.001	0.001	0.001	0.997
0.997	0.001	0.001	0.001
0.001	0.001	0.001	0.997
0.067	0.001	0.077	0.855
0.001	0.001	0.085	0.913
>AGTGAAAACA	11-AGTGAAAACA	9.165910	-16.037187	0	T:32.0(16.00%),B:5616.3(5.64%),P:1e-6	Tpos:238.8,Tstd:198.4,Bpos:291.2,Bstd:177.0,StrandBias:-0.3,Multiplicity:1.06
0.997	0.001	0.001	0.001
0.001	0.310	0.688	0.001
0.090	0.001	0.240	0.669
0.087	0.001	0.911	0.001
0.756	0.242	0.001	0.001
0.911	0.001	0.087	0.001
0.835	0.073	0.001	0.091
0.733	0.001	0.265	0.001
0.003	0.655	0.066	0.276
0.904	0.001	0.001	0.094
