>CATCTGTT	1-CATCTGTT	4.685149	-56.812798	0	T:130.0(65.00%),B:29212.2(29.34%),P:1e-24	Tpos:325.9,Tstd:193.6,Bpos:292.0,Bstd:179.3,StrandBias:-0.1,Multiplicity:1.32
0.001	0.997	0.001	0.001
0.997	0.001	0.001	0.001
0.001	0.001	0.001	0.997
0.001	0.997	0.001	0.001
0.001	0.001	0.001	0.997
0.001	0.001	0.997	0.001
0.001	0.033	0.076	0.890
0.051	0.366	0.001	0.582
>AGGTCACG	2-AGGTCACG	5.973813	-34.606490	0	T:134.0(67.00%),B:38748.3(38.92%),P:1e-15	Tpos:300.0,Tstd:189.6,Bpos:293.1,Bstd:179.0,StrandBias:-0.1,Multiplicity:1.66
0.690	0.024	0.218	0.068
0.027	0.030	0.822	0.121
0.052	0.040	0.831	0.077
0.077	0.084	0.113	0.726
0.067	0.834	0.030	0.069
0.863	0.024	0.037	0.076
0.112	0.502	0.284	0.102
0.138	0.061	0.741	0.060
>CTTCCTGT	3-CTTCCTGT	8.063906	-33.053525	0	T:93.0(46.50%),B:21462.5(21.56%),P:1e-14	Tpos:305.4,Tstd:200.7,Bpos:290.4,Bstd:182.1,StrandBias:0.3,Multiplicity:1.23
0.001	0.653	0.001	0.345
0.242	0.001	0.001	0.756
0.001	0.051	0.019	0.929
0.001	0.997	0.001	0.001
0.050	0.948	0.001	0.001
0.001	0.149	0.001	0.849
0.001	0.001	0.997	0.001
0.001	0.245	0.001	0.753
>TGTMAACA	4-TGTMAACA	7.483486	-28.154764	0	T:117.0(58.50%),B:33516.8(33.66%),P:1e-12	Tpos:324.3,Tstd:204.2,Bpos:291.2,Bstd:178.5,StrandBias:0.0,Multiplicity:1.50
0.380	0.001	0.001	0.618
0.307	0.001	0.691	0.001
0.326	0.001	0.001	0.672
0.561	0.437	0.001	0.001
0.997	0.001	0.001	0.001
0.732	0.266	0.001	0.001
0.001	0.997	0.001	0.001
0.997	0.001	0.001	0.001
>STTAAAAC	5-STTAAAAC	6.257329	-11.379412	0	T:88.0(44.00%),B:29481.8(29.61%),P:1e-4	Tpos:328.9,Tstd:249.1,Bpos:292.3,Bstd:175.9,StrandBias:0.2,Multiplicity:1.33
0.001	0.474	0.374	0.151
0.009	0.402	0.019	0.570
0.068	0.002	0.152	0.778
0.785	0.001	0.057	0.157
0.826	0.146	0.011	0.017
0.850	0.016	0.001	0.133
0.879	0.003	0.004	0.114
0.003	0.898	0.056	0.043
