>MACATCTGGT	1-MACATCTGGT,BestGuess:TWIST1/MA1123.3/Jaspar(0.945)	7.945660	-57.485231	0	T:87.0(43.50%),B:13218.9(13.28%),P:1e-24
0.378	0.425	0.189	0.008
0.943	0.055	0.001	0.001
0.001	0.997	0.001	0.001
0.997	0.001	0.001	0.001
0.001	0.001	0.235	0.763
0.001	0.837	0.161	0.001
0.001	0.171	0.001	0.827
0.001	0.001	0.997	0.001
0.001	0.074	0.644	0.281
0.233	0.221	0.001	0.545
>VAGGTCABGG	2-VAGGTCABGG,BestGuess:Hr78/MA2245.1/Jaspar(0.941)	7.181129	-35.665969	0	T:117.0(58.50%),B:30456.4(30.59%),P:1e-15
0.263	0.272	0.384	0.081
0.732	0.001	0.266	0.001
0.025	0.001	0.916	0.058
0.111	0.001	0.887	0.001
0.001	0.055	0.172	0.772
0.001	0.997	0.001	0.001
0.997	0.001	0.001	0.001
0.146	0.243	0.367	0.245
0.310	0.183	0.484	0.023
0.290	0.113	0.478	0.119
>CTTCCTGT	3-CTTCCTGT,BestGuess:Ets1-distal(ETS)/CD4+-PolII-ChIP-Seq(Barski_et_al.)/Homer(0.943)	8.063906	-33.053525	0	T:93.0(46.50%),B:21462.5(21.56%),P:1e-14
0.001	0.653	0.001	0.345
0.242	0.001	0.001	0.756
0.001	0.051	0.019	0.929
0.001	0.997	0.001	0.001
0.050	0.948	0.001	0.001
0.001	0.149	0.001	0.849
0.001	0.001	0.997	0.001
0.001	0.245	0.001	0.753
>TGTTTATTTA	3-TGTTTATTTA,BestGuess:fd59A/MA2232.1/Jaspar(0.865)	7.051475	-33.007873	0	T:91.0(45.50%),B:20705.3(20.80%),P:1e-14
0.024	0.001	0.294	0.681
0.001	0.001	0.997	0.001
0.001	0.162	0.001	0.836
0.001	0.222	0.069	0.708
0.251	0.062	0.222	0.465
0.842	0.156	0.001	0.001
0.211	0.262	0.001	0.526
0.263	0.001	0.094	0.642
0.001	0.241	0.210	0.548
0.779	0.113	0.015	0.093
>TGTTATTCTAAC	3-TGTTATTCTAAC,BestGuess:ara/dmmpmm(Noyes_hd)/fly(0.701)	7.290562	-28.783002	0	T:61.0(30.50%),B:11339.7(11.39%),P:1e-12
0.014	0.026	0.095	0.865
0.123	0.043	0.785	0.049
0.018	0.090	0.038	0.854
0.094	0.072	0.070	0.764
0.532	0.122	0.176	0.170
0.081	0.177	0.116	0.626
0.159	0.014	0.056	0.771
0.040	0.683	0.116	0.161
0.128	0.108	0.019	0.745
0.833	0.070	0.027	0.070
0.796	0.036	0.135	0.033
0.072	0.751	0.081	0.096
>CTGTGAAAACAG	6-CTGTGAAAACAG,BestGuess:Fox:Ebox(Forkhead,bHLH)/Panc1-Foxa2-ChIP-Seq(GSE47459)/Homer(0.781)	9.029887	-22.826050	0	T:36.0(18.00%),B:5259.4(5.28%),P:1e-9
0.054	0.944	0.001	0.001
0.097	0.001	0.001	0.901
0.063	0.087	0.744	0.106
0.131	0.001	0.001	0.867
0.001	0.056	0.885	0.058
0.881	0.001	0.001	0.117
0.796	0.168	0.035	0.001
0.877	0.083	0.039	0.001
0.728	0.113	0.059	0.100
0.063	0.782	0.092	0.063
0.877	0.001	0.001	0.121
0.043	0.119	0.727	0.111
>TCTCTGCCAAGC	7-TCTCTGCCAAGC,BestGuess:RIM101/Literature(Harbison)/Yeast(0.735)	14.052498	-21.650958	0	T:7.0(3.50%),B:79.4(0.08%),P:1e-9
0.001	0.001	0.001	0.997
0.001	0.997	0.001	0.001
0.001	0.001	0.269	0.729
0.001	0.997	0.001	0.001
0.001	0.001	0.001	0.997
0.001	0.001	0.997	0.001
0.001	0.997	0.001	0.001
0.001	0.826	0.001	0.172
0.997	0.001	0.001	0.001
0.997	0.001	0.001	0.001
0.204	0.001	0.619	0.176
0.001	0.997	0.001	0.001
>TCAGGGTCAAAT	10-TCAGGGTCAAAT,BestGuess:ESRRB/MA0141.4/Jaspar(0.745)	9.318279	-19.454601	0	T:20.0(10.00%),B:1942.7(1.95%),P:1e-8
0.075	0.111	0.087	0.727
0.043	0.795	0.068	0.094
0.821	0.020	0.073	0.086
0.097	0.029	0.836	0.038
0.086	0.015	0.812	0.087
0.126	0.148	0.645	0.081
0.094	0.169	0.061	0.676
0.084	0.819	0.016	0.081
0.888	0.019	0.025	0.068
0.626	0.139	0.149	0.086
0.717	0.129	0.103	0.051
0.077	0.115	0.167	0.641
>ACAAATATTT	10-ACAAATATTT,BestGuess:cad/dmmpmm(Down)/fly(0.806)	8.673586	-16.800065	0	T:23.0(11.50%),B:2995.7(3.01%),P:1e-7
0.823	0.066	0.059	0.052
0.100	0.758	0.111	0.031
0.900	0.098	0.001	0.001
0.876	0.063	0.001	0.060
0.919	0.001	0.079	0.001
0.001	0.001	0.001	0.997
0.997	0.001	0.001	0.001
0.001	0.001	0.001	0.997
0.067	0.001	0.077	0.855
0.001	0.001	0.085	0.913
>STTAAAAC	5-STTAAAAC,BestGuess:PABPC3(RRM)/Homo_sapiens-RNCMPT00153-PBM/HughesRNA(0.789)	6.257329	-11.379412	0	T:88.0(44.00%),B:29481.8(29.61%),P:1e-4
0.001	0.474	0.374	0.151
0.009	0.402	0.019	0.570
0.068	0.002	0.152	0.778
0.785	0.001	0.057	0.157
0.826	0.146	0.011	0.017
0.850	0.016	0.001	0.133
0.879	0.003	0.004	0.114
0.003	0.898	0.056	0.043
>TAWTASTRTTWT	13-TAWTASTRTTWT,BestGuess:bab1/dmmpmm(Pollard)/fly(0.774)	7.348829	-10.920713	0	T:13.0(6.50%),B:1545.8(1.55%),P:1e-4
0.001	0.001	0.001	0.997
0.997	0.001	0.001	0.001
0.433	0.001	0.001	0.565
0.027	0.001	0.001	0.971
0.997	0.001	0.001	0.001
0.001	0.467	0.487	0.045
0.001	0.024	0.001	0.974
0.532	0.001	0.466	0.001
0.001	0.001	0.001	0.997
0.001	0.001	0.001	0.997
0.565	0.001	0.001	0.433
0.001	0.001	0.001	0.997
>TTCCCTTCCCTT	15-TTCCCTTCCCTT,BestGuess:PCBP2(KH)/Homo_sapiens-RNCMPT00044-PBM/HughesRNA(0.721)	12.355432	-2.948430	0	T:2.0(1.00%),B:182.2(0.18%),P:1e-1
0.100	0.100	0.100	0.700
0.100	0.100	0.100	0.700
0.100	0.700	0.100	0.100
0.100	0.700	0.100	0.100
0.100	0.700	0.100	0.100
0.100	0.100	0.100	0.700
0.100	0.100	0.100	0.700
0.100	0.700	0.100	0.100
0.100	0.700	0.100	0.100
0.100	0.700	0.100	0.100
0.100	0.100	0.100	0.700
0.100	0.100	0.100	0.700
