>CACCATTTGTTG	2-CACCATTTGTTG	7.623147	-72.633470	0	T:81.0(53.64%),B:13017.6(13.13%),P:1e-31
0.113	0.688	0.145	0.054
0.736	0.125	0.014	0.125
0.032	0.733	0.122	0.113
0.063	0.766	0.038	0.133
0.817	0.060	0.037	0.086
0.048	0.125	0.050	0.777
0.024	0.163	0.061	0.752
0.051	0.052	0.064	0.833
0.031	0.126	0.770	0.073
0.037	0.122	0.087	0.754
0.082	0.100	0.065	0.753
0.091	0.185	0.627	0.097
