>TGTTTATCCTCT	8-AGAGGATAAACA	9.501857	-19.412517	0	T:22.0(14.57%),B:3173.8(3.20%),P:1e-8
0.001	0.001	0.086	0.912
0.001	0.027	0.918	0.054
0.001	0.001	0.064	0.934
0.051	0.143	0.039	0.767
0.087	0.048	0.001	0.864
0.728	0.074	0.140	0.058
0.001	0.001	0.068	0.930
0.056	0.791	0.001	0.152
0.001	0.847	0.087	0.065
0.061	0.063	0.001	0.875
0.071	0.808	0.061	0.060
0.174	0.069	0.121	0.636
