>NCTGTTAGCTAN	11-NCTGTTAGCTAN	7.988403	-14.550515	0	T:11.0(7.28%),B:999.6(1.01%),P:1e-6
0.197	0.214	0.256	0.332
0.110	0.656	0.116	0.118
0.112	0.070	0.045	0.773
0.070	0.137	0.661	0.132
0.151	0.102	0.109	0.638
0.103	0.138	0.163	0.596
0.597	0.073	0.172	0.158
0.126	0.125	0.622	0.127
0.144	0.595	0.120	0.141
0.153	0.152	0.067	0.628
0.588	0.125	0.151	0.136
0.233	0.229	0.224	0.313
