>TTTATGAC	1-TTTATGAC	5.102881	-218.602473	0	T:305.0(64.08%),B:9975.9(20.21%),P:1e-94	Tpos:384.0,Tstd:220.2,Bpos:356.4,Bstd:226.1,StrandBias:0.1,Multiplicity:1.63
0.001	0.001	0.001	0.997
0.001	0.001	0.001	0.997
0.002	0.001	0.001	0.996
0.997	0.001	0.001	0.001
0.001	0.361	0.001	0.637
0.357	0.001	0.631	0.011
0.634	0.001	0.364	0.001
0.001	0.997	0.001	0.001
>GCMATAAA	2-GCMATAAA	6.838450	-175.933484	0	T:337.0(70.80%),B:14540.3(29.46%),P:1e-76	Tpos:364.9,Tstd:218.4,Bpos:357.5,Bstd:223.9,StrandBias:0.1,Multiplicity:1.35
0.189	0.118	0.692	0.001
0.001	0.952	0.005	0.042
0.447	0.401	0.028	0.124
0.795	0.058	0.146	0.001
0.001	0.079	0.098	0.822
0.701	0.001	0.001	0.297
0.997	0.001	0.001	0.001
0.692	0.269	0.038	0.001
>TTTACGAG	3-TTTACGAG	6.532729	-54.016275	0	T:153.0(32.14%),B:6872.7(13.92%),P:1e-23	Tpos:415.3,Tstd:249.4,Bpos:356.9,Bstd:222.5,StrandBias:0.1,Multiplicity:1.22
0.001	0.001	0.001	0.997
0.001	0.001	0.001	0.997
0.001	0.001	0.001	0.997
0.997	0.001	0.001	0.001
0.001	0.927	0.001	0.071
0.066	0.001	0.932	0.001
0.997	0.001	0.001	0.001
0.001	0.001	0.824	0.174
>GTGATTTA	4-GTGATTTA	7.666138	-43.187257	0	T:142.0(29.83%),B:6836.0(13.85%),P:1e-18	Tpos:414.0,Tstd:227.6,Bpos:355.2,Bstd:224.3,StrandBias:-0.2,Multiplicity:1.18
0.215	0.001	0.744	0.040
0.041	0.016	0.014	0.929
0.079	0.001	0.895	0.025
0.986	0.012	0.001	0.001
0.160	0.070	0.019	0.751
0.001	0.001	0.001	0.997
0.001	0.001	0.036	0.962
0.840	0.108	0.051	0.001
>AGGCAATT	5-AGGCAATT	6.048555	-38.021975	0	T:277.0(58.19%),B:19293.7(39.09%),P:1e-16	Tpos:378.5,Tstd:253.4,Bpos:355.5,Bstd:225.1,StrandBias:-0.3,Multiplicity:1.37
0.806	0.001	0.041	0.152
0.102	0.001	0.896	0.001
0.094	0.048	0.857	0.001
0.001	0.997	0.001	0.001
0.811	0.046	0.009	0.134
0.950	0.048	0.001	0.001
0.001	0.063	0.057	0.879
0.001	0.077	0.082	0.840
>CTAATTAC	6-CTAATTAC	7.611838	-35.173057	0	T:114.0(23.95%),B:5373.0(10.89%),P:1e-15	Tpos:394.1,Tstd:244.5,Bpos:356.6,Bstd:231.8,StrandBias:-0.3,Multiplicity:1.26
0.188	0.744	0.009	0.059
0.048	0.066	0.011	0.875
0.970	0.001	0.028	0.001
0.951	0.001	0.001	0.047
0.001	0.001	0.012	0.986
0.044	0.024	0.001	0.931
0.918	0.015	0.066	0.001
0.001	0.848	0.001	0.150
>TTTATTGA	7-TTTATTGA	8.047407	-34.663372	0	T:110.0(23.11%),B:5121.7(10.38%),P:1e-15	Tpos:343.5,Tstd:195.1,Bpos:356.1,Bstd:219.9,StrandBias:0.7,Multiplicity:1.08
0.001	0.001	0.001	0.997
0.001	0.081	0.001	0.917
0.077	0.001	0.001	0.921
0.997	0.001	0.001	0.001
0.001	0.001	0.001	0.997
0.001	0.001	0.349	0.649
0.001	0.001	0.997	0.001
0.997	0.001	0.001	0.001
>TGCTAATA	8-TGCTAATA	7.209988	-33.171766	0	T:157.0(32.98%),B:8906.5(18.04%),P:1e-14	Tpos:395.9,Tstd:244.3,Bpos:356.3,Bstd:226.3,StrandBias:0.1,Multiplicity:1.37
0.001	0.030	0.001	0.968
0.001	0.001	0.997	0.001
0.031	0.967	0.001	0.001
0.001	0.001	0.001	0.997
0.797	0.048	0.001	0.154
0.820	0.001	0.001	0.178
0.001	0.232	0.029	0.738
0.732	0.020	0.046	0.202
>TCCTTTGA	9-TCCTTTGA	8.488460	-32.248494	0	T:150.0(31.51%),B:8424.4(17.07%),P:1e-14	Tpos:394.2,Tstd:248.4,Bpos:356.7,Bstd:221.4,StrandBias:0.2,Multiplicity:1.29
0.168	0.333	0.009	0.490
0.068	0.601	0.330	0.001
0.001	0.997	0.001	0.001
0.001	0.013	0.001	0.985
0.001	0.098	0.001	0.900
0.001	0.001	0.001	0.997
0.001	0.023	0.975	0.001
0.705	0.001	0.001	0.293
>TAAACATC	10-TAAACATC	4.010254	-27.474543	0	T:125.0(26.26%),B:6885.6(13.95%),P:1e-11	Tpos:422.7,Tstd:266.5,Bpos:352.9,Bstd:227.5,StrandBias:0.1,Multiplicity:1.24
0.001	0.001	0.001	0.997
0.997	0.001	0.001	0.001
0.997	0.001	0.001	0.001
0.997	0.001	0.001	0.001
0.001	0.997	0.001	0.001
0.680	0.318	0.001	0.001
0.001	0.001	0.001	0.997
0.001	0.857	0.001	0.141
>CTCTAATT	11-CTCTAATT	3.837455	-21.832033	0	T:143.0(30.04%),B:9018.6(18.27%),P:1e-9	Tpos:421.2,Tstd:262.4,Bpos:356.9,Bstd:222.0,StrandBias:0.2,Multiplicity:1.19
0.001	0.721	0.277	0.001
0.001	0.001	0.001	0.997
0.001	0.997	0.001	0.001
0.001	0.001	0.001	0.997
0.710	0.108	0.181	0.001
0.997	0.001	0.001	0.001
0.001	0.001	0.001	0.997
0.001	0.001	0.001	0.997
>RAAGCCTT	12-RAAGCCTT	6.571390	-19.521274	0	T:156.0(32.77%),B:10474.8(21.22%),P:1e-8	Tpos:405.0,Tstd:230.0,Bpos:358.7,Bstd:225.8,StrandBias:-0.1,Multiplicity:1.21
0.371	0.070	0.485	0.074
0.666	0.001	0.332	0.001
0.828	0.020	0.001	0.151
0.088	0.001	0.910	0.001
0.001	0.561	0.354	0.084
0.276	0.621	0.102	0.001
0.126	0.172	0.120	0.582
0.001	0.232	0.270	0.497
>GSYTGGGG	13-GSYTGGGG	7.022365	-19.156572	0	T:219.0(46.01%),B:16394.6(33.22%),P:1e-8	Tpos:382.2,Tstd:239.1,Bpos:357.0,Bstd:226.7,StrandBias:-0.1,Multiplicity:1.46
0.001	0.065	0.933	0.001
0.120	0.459	0.420	0.001
0.159	0.468	0.001	0.372
0.135	0.001	0.287	0.577
0.127	0.001	0.871	0.001
0.001	0.001	0.997	0.001
0.001	0.001	0.919	0.079
0.001	0.001	0.997	0.001
>CGACCTGC	14-CGACCTGC	6.541648	-17.799668	0	T:127.0(26.68%),B:8183.0(16.58%),P:1e-7	Tpos:395.0,Tstd:232.5,Bpos:359.9,Bstd:221.8,StrandBias:0.4,Multiplicity:1.33
0.074	0.688	0.125	0.113
0.235	0.121	0.580	0.064
0.761	0.097	0.113	0.029
0.161	0.711	0.060	0.068
0.044	0.848	0.001	0.107
0.009	0.068	0.001	0.922
0.082	0.045	0.776	0.097
0.033	0.732	0.027	0.208
>CTGAGATA	15-CTGAGATA	10.694037	-16.023661	0	T:39.0(8.19%),B:1565.6(3.17%),P:1e-6	Tpos:403.8,Tstd:218.5,Bpos:351.4,Bstd:219.7,StrandBias:-0.1,Multiplicity:1.08
0.001	0.997	0.001	0.001
0.001	0.001	0.001	0.997
0.001	0.001	0.782	0.216
0.997	0.001	0.001	0.001
0.001	0.122	0.876	0.001
0.997	0.001	0.001	0.001
0.001	0.001	0.001	0.997
0.997	0.001	0.001	0.001
>CCAAGACA	16-CCAAGACA	9.249163	-10.236429	0	T:59.0(12.39%),B:3545.6(7.18%),P:1e-4	Tpos:397.4,Tstd:232.0,Bpos:361.5,Bstd:228.5,StrandBias:-0.3,Multiplicity:1.21
0.001	0.997	0.001	0.001
0.001	0.997	0.001	0.001
0.997	0.001	0.001	0.001
0.997	0.001	0.001	0.001
0.001	0.001	0.997	0.001
0.836	0.162	0.001	0.001
0.001	0.997	0.001	0.001
0.997	0.001	0.001	0.001
