>NGGCMATAAA	1-NGGCMATAAA	7.044754	-223.318360	0	T:326.0(68.49%),B:11412.6(23.12%),P:1e-96	Tpos:363.6,Tstd:209.9,Bpos:355.2,Bstd:224.5,StrandBias:-0.2,Multiplicity:1.67
0.319	0.242	0.256	0.183
0.212	0.129	0.491	0.168
0.191	0.078	0.646	0.085
0.003	0.605	0.014	0.378
0.454	0.332	0.001	0.212
0.635	0.010	0.351	0.004
0.001	0.050	0.046	0.903
0.816	0.062	0.013	0.109
0.948	0.028	0.012	0.012
0.866	0.040	0.036	0.058
>GRTTTTATKG	2-GRTTTTATKG	7.316844	-100.022513	0	T:283.0(59.45%),B:14174.1(28.72%),P:1e-43	Tpos:376.6,Tstd:213.9,Bpos:355.3,Bstd:221.9,StrandBias:0.0,Multiplicity:1.26
0.194	0.199	0.475	0.133
0.283	0.265	0.430	0.022
0.273	0.130	0.001	0.596
0.057	0.001	0.001	0.941
0.001	0.093	0.001	0.905
0.197	0.147	0.001	0.655
0.997	0.001	0.001	0.001
0.001	0.001	0.009	0.989
0.226	0.001	0.419	0.355
0.154	0.021	0.686	0.139
>CCTTTGATGH	3-CCTTTGATGH	7.883489	-65.782336	0	T:174.0(36.55%),B:7641.5(15.48%),P:1e-28	Tpos:408.7,Tstd:229.1,Bpos:358.4,Bstd:224.9,StrandBias:-0.1,Multiplicity:1.31
0.014	0.609	0.241	0.136
0.062	0.747	0.001	0.190
0.081	0.001	0.001	0.917
0.001	0.035	0.092	0.872
0.001	0.001	0.001	0.997
0.001	0.001	0.704	0.294
0.593	0.034	0.001	0.372
0.326	0.001	0.059	0.614
0.218	0.227	0.430	0.126
0.257	0.383	0.001	0.359
>TGCTAATTGC	4-TGCTAATTGC	7.507247	-58.059647	0	T:131.0(27.52%),B:5084.0(10.30%),P:1e-25	Tpos:370.5,Tstd:227.6,Bpos:354.5,Bstd:229.4,StrandBias:0.4,Multiplicity:1.19
0.270	0.001	0.123	0.606
0.086	0.234	0.643	0.037
0.011	0.783	0.001	0.205
0.062	0.142	0.001	0.795
0.916	0.007	0.040	0.037
0.828	0.154	0.001	0.017
0.091	0.200	0.017	0.692
0.328	0.001	0.050	0.621
0.093	0.117	0.718	0.072
0.001	0.844	0.055	0.100
>TGATTTACGG	5-TGATTTACGG	6.316135	-57.727540	0	T:225.0(47.27%),B:12341.9(25.00%),P:1e-25	Tpos:400.2,Tstd:246.3,Bpos:354.8,Bstd:218.9,StrandBias:-0.0,Multiplicity:1.34
0.072	0.001	0.057	0.870
0.046	0.061	0.839	0.054
0.708	0.119	0.114	0.059
0.073	0.012	0.024	0.891
0.056	0.027	0.019	0.898
0.017	0.043	0.082	0.858
0.825	0.090	0.013	0.072
0.112	0.659	0.075	0.154
0.148	0.022	0.704	0.126
0.110	0.079	0.757	0.054
>TAGTGCTAAC	6-TAGTGCTAAC	13.631335	-39.769992	0	T:14.0(2.94%),B:38.5(0.08%),P:1e-17	Tpos:390.7,Tstd:125.6,Bpos:406.6,Bstd:250.3,StrandBias:0.0,Multiplicity:1.00
0.001	0.001	0.001	0.997
0.997	0.001	0.001	0.001
0.108	0.076	0.815	0.001
0.001	0.001	0.001	0.997
0.001	0.001	0.997	0.001
0.001	0.997	0.001	0.001
0.001	0.001	0.001	0.997
0.997	0.001	0.001	0.001
0.997	0.001	0.001	0.001
0.001	0.997	0.001	0.001
>SYWATWADVW	7-SYWATWADVW	6.834899	-36.863764	0	T:171.0(35.92%),B:9697.0(19.65%),P:1e-16	Tpos:392.4,Tstd:233.3,Bpos:359.5,Bstd:223.6,StrandBias:0.4,Multiplicity:1.22
0.105	0.448	0.347	0.100
0.001	0.466	0.001	0.532
0.504	0.001	0.001	0.494
0.831	0.001	0.001	0.167
0.324	0.001	0.068	0.607
0.366	0.174	0.001	0.458
0.829	0.001	0.001	0.169
0.336	0.026	0.306	0.332
0.273	0.394	0.332	0.001
0.424	0.001	0.023	0.552
>CACCGCAGGT	8-CACCGCAGGT	10.598018	-36.710919	0	T:32.0(6.72%),B:499.7(1.01%),P:1e-15	Tpos:379.9,Tstd:237.9,Bpos:339.9,Bstd:216.9,StrandBias:-0.6,Multiplicity:1.03
0.001	0.997	0.001	0.001
0.997	0.001	0.001	0.001
0.001	0.825	0.173	0.001
0.151	0.563	0.001	0.285
0.001	0.185	0.813	0.001
0.001	0.997	0.001	0.001
0.997	0.001	0.001	0.001
0.001	0.001	0.997	0.001
0.103	0.001	0.895	0.001
0.001	0.001	0.001	0.997
>TTCTCTAAGH	9-TTCTCTAAGH	9.672145	-33.885266	0	T:46.0(9.66%),B:1167.9(2.37%),P:1e-14	Tpos:455.7,Tstd:268.2,Bpos:359.6,Bstd:223.7,StrandBias:0.4,Multiplicity:1.16
0.001	0.206	0.001	0.792
0.001	0.031	0.054	0.914
0.280	0.679	0.040	0.001
0.283	0.082	0.001	0.634
0.001	0.997	0.001	0.001
0.001	0.233	0.001	0.765
0.997	0.001	0.001	0.001
0.791	0.001	0.124	0.084
0.001	0.092	0.678	0.229
0.391	0.289	0.001	0.320
>TTGATCAGAA	10-TTGATCAGAA	9.934001	-33.732232	0	T:29.0(6.09%),B:446.2(0.90%),P:1e-14	Tpos:434.7,Tstd:242.3,Bpos:370.4,Bstd:215.6,StrandBias:0.1,Multiplicity:1.00
0.183	0.001	0.001	0.815
0.001	0.001	0.001	0.997
0.001	0.001	0.997	0.001
0.997	0.001	0.001	0.001
0.001	0.001	0.001	0.997
0.001	0.997	0.001	0.001
0.997	0.001	0.001	0.001
0.001	0.001	0.997	0.001
0.880	0.118	0.001	0.001
0.930	0.001	0.068	0.001
>AGGCAATTAC	11-AGGCAATTAC	6.828210	-31.845373	0	T:183.0(38.45%),B:11261.8(22.82%),P:1e-13	Tpos:404.5,Tstd:257.2,Bpos:357.1,Bstd:226.3,StrandBias:0.0,Multiplicity:1.25
0.835	0.033	0.044	0.088
0.057	0.014	0.834	0.095
0.069	0.069	0.812	0.050
0.123	0.773	0.062	0.042
0.788	0.078	0.040	0.094
0.805	0.059	0.052	0.084
0.031	0.076	0.098	0.795
0.055	0.052	0.071	0.822
0.749	0.056	0.088	0.107
0.088	0.796	0.063	0.053
>GGGGATAGTC	12-GGGGATAGTC	9.052341	-30.976646	0	T:35.0(7.35%),B:743.9(1.51%),P:1e-13	Tpos:330.8,Tstd:241.9,Bpos:357.1,Bstd:222.9,StrandBias:-0.5,Multiplicity:1.03
0.001	0.001	0.997	0.001
0.001	0.169	0.641	0.189
0.112	0.001	0.886	0.001
0.002	0.001	0.987	0.010
0.854	0.001	0.079	0.066
0.115	0.035	0.106	0.744
0.631	0.001	0.367	0.001
0.078	0.066	0.855	0.001
0.001	0.281	0.211	0.507
0.007	0.919	0.032	0.042
>TCAAGGCTGA	13-TCAAGGCTGA	10.140586	-29.556747	0	T:39.0(8.19%),B:967.5(1.96%),P:1e-12	Tpos:370.5,Tstd:213.8,Bpos:361.7,Bstd:220.8,StrandBias:-0.2,Multiplicity:1.09
0.385	0.001	0.053	0.561
0.005	0.894	0.001	0.100
0.997	0.001	0.001	0.001
0.959	0.032	0.001	0.008
0.083	0.001	0.915	0.001
0.010	0.096	0.811	0.083
0.001	0.971	0.001	0.027
0.001	0.001	0.001	0.997
0.008	0.188	0.803	0.001
0.854	0.046	0.099	0.001
>TGTAGCCTCC	14-TGTAGCCTCC	10.457033	-28.611783	0	T:24.0(5.04%),B:361.1(0.73%),P:1e-12	Tpos:384.2,Tstd:195.3,Bpos:360.0,Bstd:221.9,StrandBias:0.3,Multiplicity:1.04
0.001	0.001	0.001	0.997
0.001	0.001	0.997	0.001
0.001	0.001	0.001	0.997
0.997	0.001	0.001	0.001
0.161	0.001	0.837	0.001
0.001	0.952	0.046	0.001
0.001	0.997	0.001	0.001
0.001	0.001	0.001	0.997
0.001	0.997	0.001	0.001
0.001	0.880	0.001	0.118
>AAAGCCTTCT	15-AAAGCCTTCT	9.022767	-27.624220	0	T:62.0(13.03%),B:2334.2(4.73%),P:1e-11	Tpos:341.3,Tstd:262.1,Bpos:359.4,Bstd:221.3,StrandBias:0.2,Multiplicity:1.02
0.891	0.076	0.001	0.032
0.920	0.018	0.015	0.047
0.876	0.103	0.001	0.020
0.022	0.001	0.852	0.125
0.050	0.895	0.014	0.041
0.016	0.950	0.001	0.033
0.001	0.001	0.001	0.997
0.001	0.025	0.061	0.913
0.001	0.818	0.076	0.105
0.019	0.086	0.001	0.894
>GTATAAKYAC	16-GTATAAKYAC	9.057769	-27.461920	0	T:50.0(10.50%),B:1626.0(3.29%),P:1e-11	Tpos:404.0,Tstd:226.5,Bpos:346.9,Bstd:225.6,StrandBias:0.4,Multiplicity:1.07
0.101	0.193	0.478	0.227
0.001	0.001	0.001	0.997
0.874	0.001	0.124	0.001
0.001	0.001	0.001	0.997
0.834	0.001	0.164	0.001
0.704	0.001	0.294	0.001
0.001	0.001	0.429	0.569
0.001	0.569	0.001	0.429
0.997	0.001	0.001	0.001
0.188	0.653	0.158	0.001
>GCRAGGTCCG	17-GCRAGGTCCG	10.984207	-27.030056	0	T:14.0(2.94%),B:98.2(0.20%),P:1e-11	Tpos:386.2,Tstd:210.3,Bpos:367.2,Bstd:224.5,StrandBias:0.6,Multiplicity:1.07
0.001	0.157	0.841	0.001
0.001	0.997	0.001	0.001
0.401	0.245	0.353	0.001
0.655	0.001	0.001	0.343
0.001	0.001	0.997	0.001
0.001	0.001	0.997	0.001
0.001	0.001	0.001	0.997
0.001	0.997	0.001	0.001
0.001	0.603	0.001	0.395
0.001	0.180	0.818	0.001
>TTCCTGAGAT	18-TTCCTGAGAT	11.146651	-25.932446	0	T:26.0(5.46%),B:489.7(0.99%),P:1e-11	Tpos:321.0,Tstd:129.8,Bpos:373.4,Bstd:223.5,StrandBias:0.3,Multiplicity:1.16
0.001	0.001	0.001	0.997
0.001	0.001	0.334	0.664
0.001	0.997	0.001	0.001
0.001	0.997	0.001	0.001
0.001	0.001	0.001	0.997
0.001	0.001	0.997	0.001
0.997	0.001	0.001	0.001
0.001	0.001	0.997	0.001
0.997	0.001	0.001	0.001
0.102	0.001	0.001	0.896
>GGTCTCATTC	19-GGTCTCATTC	12.029888	-24.592101	0	T:16.0(3.36%),B:169.3(0.34%),P:1e-10	Tpos:417.6,Tstd:227.4,Bpos:341.2,Bstd:219.1,StrandBias:-0.2,Multiplicity:1.06
0.001	0.001	0.997	0.001
0.001	0.001	0.997	0.001
0.001	0.001	0.001	0.997
0.001	0.997	0.001	0.001
0.001	0.001	0.129	0.869
0.001	0.670	0.328	0.001
0.997	0.001	0.001	0.001
0.296	0.130	0.001	0.573
0.001	0.001	0.001	0.997
0.001	0.997	0.001	0.001
>TGTGACMKRA	20-TGTGACMKRA	9.089558	-23.104854	0	T:56.0(11.76%),B:2217.2(4.49%),P:1e-10	Tpos:397.5,Tstd:288.6,Bpos:350.6,Bstd:216.1,StrandBias:-0.2,Multiplicity:1.04
0.124	0.203	0.207	0.466
0.001	0.001	0.997	0.001
0.001	0.004	0.001	0.994
0.001	0.064	0.934	0.001
0.830	0.166	0.003	0.001
0.001	0.997	0.001	0.001
0.335	0.469	0.001	0.195
0.026	0.033	0.519	0.422
0.543	0.014	0.442	0.001
0.970	0.028	0.001	0.001
>ACTAAGAGTC	21-ACTAAGAGTC	10.296193	-22.922290	0	T:10.0(2.10%),B:50.8(0.10%),P:1e-9	Tpos:307.4,Tstd:155.7,Bpos:339.1,Bstd:225.6,StrandBias:0.6,Multiplicity:1.00
0.700	0.100	0.100	0.100
0.100	0.700	0.100	0.100
0.100	0.100	0.100	0.700
0.700	0.100	0.100	0.100
0.700	0.100	0.100	0.100
0.100	0.100	0.700	0.100
0.700	0.100	0.100	0.100
0.100	0.100	0.700	0.100
0.100	0.100	0.100	0.700
0.100	0.700	0.100	0.100
>GCWTMATAAC	22-GCWTMATAAC	8.817490	-22.544457	0	T:46.0(9.66%),B:1630.8(3.30%),P:1e-9	Tpos:404.2,Tstd:314.6,Bpos:357.6,Bstd:230.1,StrandBias:-0.3,Multiplicity:1.07
0.001	0.001	0.997	0.001
0.003	0.878	0.001	0.118
0.437	0.001	0.001	0.561
0.182	0.001	0.001	0.816
0.572	0.426	0.001	0.001
0.727	0.001	0.134	0.138
0.001	0.001	0.174	0.824
0.557	0.001	0.143	0.299
0.836	0.162	0.001	0.001
0.039	0.822	0.001	0.138
>GCCACATGGA	23-GCCACATGGA	10.847193	-20.522825	0	T:24.0(5.04%),B:540.1(1.09%),P:1e-8	Tpos:286.2,Tstd:241.4,Bpos:345.2,Bstd:220.1,StrandBias:0.5,Multiplicity:1.04
0.001	0.001	0.984	0.014
0.001	0.842	0.156	0.001
0.001	0.997	0.001	0.001
0.786	0.212	0.001	0.001
0.001	0.997	0.001	0.001
0.997	0.001	0.001	0.001
0.001	0.001	0.228	0.770
0.060	0.001	0.681	0.258
0.214	0.001	0.784	0.001
0.997	0.001	0.001	0.001
>ATCAAGAAGC	24-ATCAAGAAGC	10.296193	-19.054526	0	T:12.0(2.52%),B:124.6(0.25%),P:1e-8	Tpos:409.2,Tstd:192.7,Bpos:345.0,Bstd:224.5,StrandBias:0.0,Multiplicity:1.00
0.700	0.100	0.100	0.100
0.100	0.100	0.100	0.700
0.100	0.700	0.100	0.100
0.700	0.100	0.100	0.100
0.700	0.100	0.100	0.100
0.100	0.100	0.700	0.100
0.700	0.100	0.100	0.100
0.700	0.100	0.100	0.100
0.100	0.100	0.700	0.100
0.100	0.700	0.100	0.100
>GAGGCTGAAC	25-GAGGCTGAAC	11.132839	-17.767946	0	T:13.0(2.73%),B:170.2(0.34%),P:1e-7	Tpos:340.8,Tstd:100.3,Bpos:338.9,Bstd:228.4,StrandBias:-0.7,Multiplicity:1.00
0.001	0.001	0.997	0.001
0.997	0.001	0.001	0.001
0.001	0.001	0.997	0.001
0.001	0.001	0.997	0.001
0.001	0.997	0.001	0.001
0.001	0.001	0.001	0.997
0.001	0.067	0.931	0.001
0.997	0.001	0.001	0.001
0.997	0.001	0.001	0.001
0.001	0.997	0.001	0.001
>GCAATAAAGCAN	1-GCAATAAAGCAN	8.414676	-116.401786	0	T:152.0(31.93%),B:3930.8(7.96%),P:1e-50	Tpos:362.4,Tstd:207.7,Bpos:349.6,Bstd:224.6,StrandBias:-0.6,Multiplicity:1.15
0.025	0.099	0.742	0.134
0.001	0.959	0.001	0.039
0.689	0.160	0.001	0.150
0.706	0.020	0.208	0.066
0.001	0.094	0.022	0.883
0.976	0.001	0.001	0.022
0.973	0.025	0.001	0.001
0.933	0.001	0.001	0.065
0.178	0.001	0.586	0.235
0.052	0.599	0.348	0.001
0.614	0.051	0.001	0.334
0.315	0.216	0.263	0.207
>AGCAATAAACTC	2-AGCAATAAACTC	6.579499	-100.483296	0	T:264.0(55.46%),B:12493.4(25.31%),P:1e-43	Tpos:366.7,Tstd:199.0,Bpos:355.6,Bstd:219.6,StrandBias:0.2,Multiplicity:1.38
0.755	0.045	0.111	0.089
0.142	0.066	0.763	0.029
0.060	0.879	0.038	0.023
0.775	0.127	0.001	0.097
0.884	0.044	0.060	0.012
0.001	0.087	0.016	0.896
0.884	0.001	0.015	0.100
0.929	0.001	0.069	0.001
0.941	0.029	0.001	0.029
0.152	0.719	0.062	0.067
0.053	0.140	0.016	0.791
0.078	0.786	0.099	0.037
>GTTGTAAAGCAG	3-GTTGTAAAGCAG	8.007164	-63.614897	0	T:126.0(26.47%),B:4470.6(9.06%),P:1e-27	Tpos:387.3,Tstd:261.4,Bpos:354.3,Bstd:224.4,StrandBias:0.3,Multiplicity:1.11
0.098	0.074	0.779	0.049
0.001	0.159	0.001	0.839
0.112	0.096	0.093	0.699
0.191	0.090	0.650	0.069
0.059	0.126	0.070	0.745
0.896	0.001	0.001	0.102
0.767	0.033	0.001	0.199
0.752	0.001	0.149	0.098
0.126	0.052	0.515	0.307
0.264	0.463	0.122	0.151
0.936	0.001	0.001	0.062
0.283	0.098	0.549	0.070
>TAGTGCTAACAA	4-TAGTGCTAACAA	16.241243	-62.177024	0	T:13.0(2.73%),B:6.0(0.01%),P:1e-27	Tpos:370.1,Tstd:105.3,Bpos:413.4,Bstd:115.4,StrandBias:0.2,Multiplicity:1.00
0.001	0.001	0.001	0.997
0.997	0.001	0.001	0.001
0.093	0.072	0.834	0.001
0.001	0.001	0.001	0.997
0.001	0.001	0.997	0.001
0.001	0.997	0.001	0.001
0.001	0.001	0.001	0.997
0.997	0.001	0.001	0.001
0.997	0.001	0.001	0.001
0.001	0.997	0.001	0.001
0.997	0.001	0.001	0.001
0.833	0.001	0.165	0.001
>GAGCTGTTAGCA	5-GAGCTGTTAGCA	12.355432	-54.659363	0	T:9.0(1.89%),B:1.8(0.00%),P:1e-23	Tpos:331.3,Tstd:87.9,Bpos:436.0,Bstd:2.6,StrandBias:1.0,Multiplicity:1.00
0.100	0.100	0.700	0.100
0.700	0.100	0.100	0.100
0.100	0.100	0.700	0.100
0.100	0.700	0.100	0.100
0.100	0.100	0.100	0.700
0.100	0.100	0.700	0.100
0.100	0.100	0.100	0.700
0.100	0.100	0.100	0.700
0.700	0.100	0.100	0.100
0.100	0.100	0.700	0.100
0.100	0.700	0.100	0.100
0.700	0.100	0.100	0.100
>CACCGCAGGTGG	6-CACCGCAGGTGG	13.211089	-51.902031	0	T:19.0(3.99%),B:56.7(0.11%),P:1e-22	Tpos:411.9,Tstd:242.9,Bpos:329.9,Bstd:199.2,StrandBias:-0.9,Multiplicity:1.05
0.001	0.997	0.001	0.001
0.997	0.001	0.001	0.001
0.001	0.862	0.136	0.001
0.117	0.760	0.001	0.122
0.001	0.368	0.630	0.001
0.001	0.997	0.001	0.001
0.997	0.001	0.001	0.001
0.001	0.001	0.997	0.001
0.136	0.001	0.862	0.001
0.001	0.001	0.001	0.997
0.001	0.001	0.997	0.001
0.001	0.001	0.997	0.001
>TATAAGCACAGA	7-TATAAGCACAGA	14.012215	-50.282995	0	T:15.0(3.15%),B:24.2(0.05%),P:1e-21	Tpos:351.1,Tstd:161.1,Bpos:289.1,Bstd:196.5,StrandBias:-0.2,Multiplicity:1.00
0.001	0.001	0.001	0.997
0.997	0.001	0.001	0.001
0.001	0.001	0.001	0.997
0.997	0.001	0.001	0.001
0.997	0.001	0.001	0.001
0.001	0.001	0.923	0.075
0.001	0.997	0.001	0.001
0.997	0.001	0.001	0.001
0.001	0.997	0.001	0.001
0.997	0.001	0.001	0.001
0.001	0.001	0.997	0.001
0.997	0.001	0.001	0.001
>GATGGGCCTCCC	8-GATGGGCCTCCC	12.060453	-49.725712	0	T:19.0(3.99%),B:63.7(0.13%),P:1e-21	Tpos:398.8,Tstd:231.5,Bpos:389.3,Bstd:231.4,StrandBias:-0.2,Multiplicity:1.00
0.115	0.001	0.883	0.001
0.997	0.001	0.001	0.001
0.001	0.221	0.001	0.777
0.001	0.001	0.997	0.001
0.001	0.001	0.997	0.001
0.001	0.001	0.997	0.001
0.001	0.997	0.001	0.001
0.001	0.841	0.001	0.157
0.001	0.001	0.001	0.997
0.001	0.900	0.001	0.098
0.001	0.997	0.001	0.001
0.001	0.997	0.001	0.001
>TAGATCAAAGGC	9-TAGATCAAAGGC	9.078494	-48.035721	0	T:82.0(17.23%),B:2544.1(5.15%),P:1e-20	Tpos:388.9,Tstd:239.0,Bpos:355.1,Bstd:221.3,StrandBias:-0.3,Multiplicity:1.18
0.272	0.241	0.001	0.486
0.720	0.001	0.196	0.083
0.200	0.186	0.485	0.129
0.847	0.126	0.001	0.026
0.145	0.001	0.001	0.853
0.129	0.762	0.016	0.093
0.997	0.001	0.001	0.001
0.902	0.001	0.096	0.001
0.921	0.001	0.077	0.001
0.052	0.042	0.836	0.070
0.043	0.105	0.819	0.033
0.305	0.496	0.198	0.001
>TCTCATTCTCAG	10-TCTCATTCTCAG	12.355095	-45.738828	0	T:21.0(4.41%),B:109.6(0.22%),P:1e-19	Tpos:408.8,Tstd:169.7,Bpos:345.6,Bstd:213.0,StrandBias:-0.1,Multiplicity:1.00
0.001	0.001	0.001	0.997
0.001	0.997	0.001	0.001
0.001	0.152	0.001	0.846
0.159	0.839	0.001	0.001
0.718	0.001	0.280	0.001
0.001	0.001	0.001	0.997
0.199	0.001	0.001	0.799
0.001	0.810	0.147	0.042
0.053	0.001	0.001	0.945
0.001	0.997	0.001	0.001
0.997	0.001	0.001	0.001
0.001	0.001	0.997	0.001
>GCAGCAAGGTCT	11-GCAGCAAGGTCT	12.355432	-44.788880	0	T:9.0(1.89%),B:3.4(0.01%),P:1e-19	Tpos:417.2,Tstd:203.1,Bpos:422.0,Bstd:171.8,StrandBias:0.0,Multiplicity:1.11
0.100	0.100	0.700	0.100
0.100	0.700	0.100	0.100
0.700	0.100	0.100	0.100
0.100	0.100	0.700	0.100
0.100	0.700	0.100	0.100
0.700	0.100	0.100	0.100
0.700	0.100	0.100	0.100
0.100	0.100	0.700	0.100
0.100	0.100	0.700	0.100
0.100	0.100	0.100	0.700
0.100	0.700	0.100	0.100
0.100	0.100	0.100	0.700
>TARTAAACTTTG	12-TARTAAACTTTG	12.498611	-44.345499	0	T:20.0(4.20%),B:100.3(0.20%),P:1e-19	Tpos:426.6,Tstd:230.4,Bpos:371.8,Bstd:224.1,StrandBias:-0.1,Multiplicity:1.05
0.001	0.001	0.001	0.997
0.811	0.187	0.001	0.001
0.430	0.001	0.568	0.001
0.001	0.001	0.399	0.599
0.747	0.001	0.251	0.001
0.997	0.001	0.001	0.001
0.997	0.001	0.001	0.001
0.001	0.860	0.001	0.138
0.267	0.001	0.001	0.731
0.001	0.124	0.001	0.874
0.001	0.001	0.028	0.970
0.145	0.001	0.603	0.251
>GCCTTGATCAGA	13-GCCTTGATCAGA	11.841332	-43.487088	0	T:21.0(4.41%),B:122.7(0.25%),P:1e-18	Tpos:354.3,Tstd:220.8,Bpos:364.2,Bstd:225.1,StrandBias:-0.4,Multiplicity:1.00
0.001	0.001	0.997	0.001
0.001	0.927	0.001	0.071
0.001	0.955	0.001	0.043
0.125	0.001	0.001	0.873
0.001	0.001	0.083	0.915
0.001	0.001	0.997	0.001
0.997	0.001	0.001	0.001
0.047	0.001	0.001	0.951
0.001	0.997	0.001	0.001
0.909	0.001	0.001	0.089
0.001	0.001	0.997	0.001
0.902	0.096	0.001	0.001
>AGGTCATAAAAG	14-AGGTCATAAAAG	8.468670	-43.158949	0	T:75.0(15.76%),B:2354.7(4.77%),P:1e-18	Tpos:368.1,Tstd:230.3,Bpos:350.0,Bstd:223.2,StrandBias:0.5,Multiplicity:1.19
0.758	0.041	0.082	0.119
0.057	0.061	0.761	0.121
0.020	0.161	0.818	0.001
0.138	0.158	0.048	0.656
0.105	0.627	0.118	0.150
0.625	0.138	0.161	0.076
0.065	0.183	0.042	0.710
0.917	0.001	0.001	0.081
0.869	0.001	0.065	0.065
0.787	0.040	0.001	0.172
0.686	0.204	0.086	0.024
0.080	0.126	0.792	0.002
>TAATTACTCCTA	15-TAATTACTCCTA	12.355432	-42.266914	0	T:8.0(1.68%),B:2.8(0.01%),P:1e-18	Tpos:568.1,Tstd:262.5,Bpos:614.0,Bstd:97.7,StrandBias:0.0,Multiplicity:1.00
0.100	0.100	0.100	0.700
0.700	0.100	0.100	0.100
0.700	0.100	0.100	0.100
0.100	0.100	0.100	0.700
0.100	0.100	0.100	0.700
0.700	0.100	0.100	0.100
0.100	0.700	0.100	0.100
0.100	0.100	0.100	0.700
0.100	0.700	0.100	0.100
0.100	0.700	0.100	0.100
0.100	0.100	0.100	0.700
0.700	0.100	0.100	0.100
>CAAGAAACCTGK	16-CAAGAAACCTGK	13.539360	-41.839501	0	T:16.0(3.36%),B:54.8(0.11%),P:1e-18	Tpos:376.0,Tstd:116.5,Bpos:385.3,Bstd:237.2,StrandBias:0.0,Multiplicity:1.00
0.001	0.997	0.001	0.001
0.997	0.001	0.001	0.001
0.997	0.001	0.001	0.001
0.001	0.001	0.997	0.001
0.997	0.001	0.001	0.001
0.997	0.001	0.001	0.001
0.858	0.001	0.140	0.001
0.001	0.997	0.001	0.001
0.001	0.652	0.001	0.346
0.001	0.001	0.001	0.997
0.001	0.001	0.997	0.001
0.001	0.001	0.509	0.489
>AATCAGCCTGST	17-AATCAGCCTGST	13.816177	-41.428471	0	T:13.0(2.73%),B:25.9(0.05%),P:1e-17	Tpos:398.3,Tstd:176.4,Bpos:417.4,Bstd:141.5,StrandBias:0.7,Multiplicity:1.00
0.997	0.001	0.001	0.001
0.997	0.001	0.001	0.001
0.001	0.223	0.001	0.775
0.001	0.985	0.001	0.013
0.623	0.001	0.375	0.001
0.001	0.062	0.616	0.321
0.001	0.997	0.001	0.001
0.001	0.997	0.001	0.001
0.001	0.001	0.001	0.997
0.001	0.001	0.997	0.001
0.001	0.399	0.376	0.224
0.001	0.001	0.001	0.997
>TAACTWAGTTAT	18-TAACTWAGTTAT	13.861354	-37.197249	0	T:9.0(1.89%),B:7.3(0.01%),P:1e-16	Tpos:421.2,Tstd:281.5,Bpos:389.1,Bstd:176.5,StrandBias:0.2,Multiplicity:1.00
0.001	0.001	0.001	0.997
0.997	0.001	0.001	0.001
0.997	0.001	0.001	0.001
0.001	0.922	0.001	0.076
0.001	0.001	0.001	0.997
0.473	0.001	0.001	0.525
0.997	0.001	0.001	0.001
0.001	0.001	0.950	0.048
0.001	0.001	0.001	0.997
0.001	0.139	0.001	0.859
0.997	0.001	0.001	0.001
0.001	0.001	0.001	0.997
>TTGGAGAAGAGC	19-TTGGAGAAGAGC	12.355432	-36.867854	0	T:10.0(2.10%),B:12.9(0.03%),P:1e-16	Tpos:347.7,Tstd:120.6,Bpos:368.0,Bstd:215.3,StrandBias:1.2,Multiplicity:1.00
0.100	0.100	0.100	0.700
0.100	0.100	0.100	0.700
0.100	0.100	0.700	0.100
0.100	0.100	0.700	0.100
0.700	0.100	0.100	0.100
0.100	0.100	0.700	0.100
0.700	0.100	0.100	0.100
0.700	0.100	0.100	0.100
0.100	0.100	0.700	0.100
0.700	0.100	0.100	0.100
0.100	0.100	0.700	0.100
0.100	0.700	0.100	0.100
>CAAGGCTGGGGG	20-CAAGGCTGGGGG	12.046044	-35.615352	0	T:21.0(4.41%),B:183.0(0.37%),P:1e-15	Tpos:375.5,Tstd:194.4,Bpos:357.5,Bstd:250.5,StrandBias:0.8,Multiplicity:1.05
0.001	0.841	0.001	0.157
0.860	0.138	0.001	0.001
0.997	0.001	0.001	0.001
0.129	0.001	0.862	0.008
0.001	0.001	0.997	0.001
0.001	0.997	0.001	0.001
0.001	0.001	0.001	0.997
0.188	0.001	0.711	0.100
0.001	0.001	0.997	0.001
0.087	0.001	0.911	0.001
0.143	0.001	0.855	0.001
0.001	0.001	0.997	0.001
>GAGAGGCTGAAC	21-GAGAGGCTGAAC	14.131543	-33.923087	0	T:11.0(2.31%),B:24.8(0.05%),P:1e-14	Tpos:351.7,Tstd:101.4,Bpos:296.4,Bstd:230.9,StrandBias:-0.8,Multiplicity:1.00
0.102	0.001	0.896	0.001
0.997	0.001	0.001	0.001
0.001	0.001	0.997	0.001
0.997	0.001	0.001	0.001
0.001	0.001	0.997	0.001
0.001	0.001	0.997	0.001
0.001	0.997	0.001	0.001
0.001	0.001	0.001	0.997
0.001	0.001	0.997	0.001
0.997	0.001	0.001	0.001
0.997	0.001	0.001	0.001
0.001	0.826	0.001	0.172
>GGTCCTCATTAA	22-GGTCCTCATTAA	12.864724	-33.163424	0	T:9.0(1.89%),B:11.2(0.02%),P:1e-14	Tpos:381.7,Tstd:289.6,Bpos:339.9,Bstd:235.6,StrandBias:0.3,Multiplicity:1.00
0.001	0.001	0.997	0.001
0.172	0.001	0.826	0.001
0.001	0.001	0.001	0.997
0.001	0.997	0.001	0.001
0.138	0.860	0.001	0.001
0.001	0.001	0.001	0.997
0.001	0.997	0.001	0.001
0.997	0.001	0.001	0.001
0.001	0.001	0.001	0.997
0.001	0.001	0.001	0.997
0.997	0.001	0.001	0.001
0.997	0.001	0.001	0.001
>TATCTCAGGAAT	23-TATCTCAGGAAT	13.442244	-30.992617	0	T:13.0(2.73%),B:57.8(0.12%),P:1e-13	Tpos:355.1,Tstd:140.8,Bpos:352.8,Bstd:241.9,StrandBias:0.4,Multiplicity:1.23
0.001	0.001	0.001	0.997
0.997	0.001	0.001	0.001
0.001	0.102	0.001	0.896
0.001	0.997	0.001	0.001
0.082	0.001	0.001	0.916
0.001	0.997	0.001	0.001
0.997	0.001	0.001	0.001
0.125	0.001	0.873	0.001
0.001	0.001	0.997	0.001
0.901	0.001	0.001	0.097
0.997	0.001	0.001	0.001
0.083	0.126	0.188	0.603
>ACTTAGANWAGT	24-ACTTAGANWAGT	10.313565	-26.610453	0	T:26.0(5.46%),B:474.0(0.96%),P:1e-11	Tpos:432.8,Tstd:264.1,Bpos:342.0,Bstd:227.4,StrandBias:0.1,Multiplicity:1.32
0.595	0.200	0.204	0.001
0.124	0.736	0.001	0.139
0.127	0.001	0.001	0.871
0.001	0.001	0.206	0.792
0.854	0.001	0.001	0.144
0.324	0.001	0.674	0.001
0.889	0.001	0.001	0.109
0.294	0.226	0.166	0.315
0.572	0.001	0.001	0.426
0.828	0.001	0.001	0.170
0.001	0.025	0.769	0.205
0.259	0.001	0.001	0.739
>GTGCTAATTGCC	25-GTGCTAATTGCC	8.463612	-22.305328	0	T:50.0(10.50%),B:1886.4(3.82%),P:1e-9	Tpos:344.0,Tstd:229.6,Bpos:357.5,Bstd:231.4,StrandBias:0.5,Multiplicity:1.02
0.100	0.100	0.700	0.100
0.100	0.100	0.100	0.700
0.100	0.100	0.700	0.100
0.100	0.700	0.100	0.100
0.100	0.100	0.100	0.700
0.700	0.100	0.100	0.100
0.700	0.100	0.100	0.100
0.100	0.100	0.100	0.700
0.100	0.100	0.100	0.700
0.100	0.100	0.700	0.100
0.100	0.700	0.100	0.100
0.100	0.700	0.100	0.100
>TTTATGAC	1-TTTATGAC	5.102881	-218.602473	0	T:305.0(64.08%),B:9975.9(20.21%),P:1e-94	Tpos:384.0,Tstd:220.2,Bpos:356.4,Bstd:226.1,StrandBias:0.1,Multiplicity:1.63
0.001	0.001	0.001	0.997
0.001	0.001	0.001	0.997
0.002	0.001	0.001	0.996
0.997	0.001	0.001	0.001
0.001	0.361	0.001	0.637
0.357	0.001	0.631	0.011
0.634	0.001	0.364	0.001
0.001	0.997	0.001	0.001
>GCMATAAA	2-GCMATAAA	6.838450	-175.933484	0	T:337.0(70.80%),B:14540.3(29.46%),P:1e-76	Tpos:364.9,Tstd:218.4,Bpos:357.5,Bstd:223.9,StrandBias:0.1,Multiplicity:1.35
0.189	0.118	0.692	0.001
0.001	0.952	0.005	0.042
0.447	0.401	0.028	0.124
0.795	0.058	0.146	0.001
0.001	0.079	0.098	0.822
0.701	0.001	0.001	0.297
0.997	0.001	0.001	0.001
0.692	0.269	0.038	0.001
>TTTACGAG	3-TTTACGAG	6.532729	-54.016275	0	T:153.0(32.14%),B:6872.7(13.92%),P:1e-23	Tpos:415.3,Tstd:249.4,Bpos:356.9,Bstd:222.5,StrandBias:0.1,Multiplicity:1.22
0.001	0.001	0.001	0.997
0.001	0.001	0.001	0.997
0.001	0.001	0.001	0.997
0.997	0.001	0.001	0.001
0.001	0.927	0.001	0.071
0.066	0.001	0.932	0.001
0.997	0.001	0.001	0.001
0.001	0.001	0.824	0.174
>GTGATTTA	4-GTGATTTA	7.666138	-43.187257	0	T:142.0(29.83%),B:6836.0(13.85%),P:1e-18	Tpos:414.0,Tstd:227.6,Bpos:355.2,Bstd:224.3,StrandBias:-0.2,Multiplicity:1.18
0.215	0.001	0.744	0.040
0.041	0.016	0.014	0.929
0.079	0.001	0.895	0.025
0.986	0.012	0.001	0.001
0.160	0.070	0.019	0.751
0.001	0.001	0.001	0.997
0.001	0.001	0.036	0.962
0.840	0.108	0.051	0.001
>AGGCAATT	5-AGGCAATT	6.048555	-38.021975	0	T:277.0(58.19%),B:19293.7(39.09%),P:1e-16	Tpos:378.5,Tstd:253.4,Bpos:355.5,Bstd:225.1,StrandBias:-0.3,Multiplicity:1.37
0.806	0.001	0.041	0.152
0.102	0.001	0.896	0.001
0.094	0.048	0.857	0.001
0.001	0.997	0.001	0.001
0.811	0.046	0.009	0.134
0.950	0.048	0.001	0.001
0.001	0.063	0.057	0.879
0.001	0.077	0.082	0.840
>CTAATTAC	6-CTAATTAC	7.611838	-35.173057	0	T:114.0(23.95%),B:5373.0(10.89%),P:1e-15	Tpos:394.1,Tstd:244.5,Bpos:356.6,Bstd:231.8,StrandBias:-0.3,Multiplicity:1.26
0.188	0.744	0.009	0.059
0.048	0.066	0.011	0.875
0.970	0.001	0.028	0.001
0.951	0.001	0.001	0.047
0.001	0.001	0.012	0.986
0.044	0.024	0.001	0.931
0.918	0.015	0.066	0.001
0.001	0.848	0.001	0.150
>TTTATTGA	7-TTTATTGA	8.047407	-34.663372	0	T:110.0(23.11%),B:5121.7(10.38%),P:1e-15	Tpos:343.5,Tstd:195.1,Bpos:356.1,Bstd:219.9,StrandBias:0.7,Multiplicity:1.08
0.001	0.001	0.001	0.997
0.001	0.081	0.001	0.917
0.077	0.001	0.001	0.921
0.997	0.001	0.001	0.001
0.001	0.001	0.001	0.997
0.001	0.001	0.349	0.649
0.001	0.001	0.997	0.001
0.997	0.001	0.001	0.001
>TGCTAATA	8-TGCTAATA	7.209988	-33.171766	0	T:157.0(32.98%),B:8906.5(18.04%),P:1e-14	Tpos:395.9,Tstd:244.3,Bpos:356.3,Bstd:226.3,StrandBias:0.1,Multiplicity:1.37
0.001	0.030	0.001	0.968
0.001	0.001	0.997	0.001
0.031	0.967	0.001	0.001
0.001	0.001	0.001	0.997
0.797	0.048	0.001	0.154
0.820	0.001	0.001	0.178
0.001	0.232	0.029	0.738
0.732	0.020	0.046	0.202
>TCCTTTGA	9-TCCTTTGA	8.488460	-32.248494	0	T:150.0(31.51%),B:8424.4(17.07%),P:1e-14	Tpos:394.2,Tstd:248.4,Bpos:356.7,Bstd:221.4,StrandBias:0.2,Multiplicity:1.29
0.168	0.333	0.009	0.490
0.068	0.601	0.330	0.001
0.001	0.997	0.001	0.001
0.001	0.013	0.001	0.985
0.001	0.098	0.001	0.900
0.001	0.001	0.001	0.997
0.001	0.023	0.975	0.001
0.705	0.001	0.001	0.293
>TAAACATC	10-TAAACATC	4.010254	-27.474543	0	T:125.0(26.26%),B:6885.6(13.95%),P:1e-11	Tpos:422.7,Tstd:266.5,Bpos:352.9,Bstd:227.5,StrandBias:0.1,Multiplicity:1.24
0.001	0.001	0.001	0.997
0.997	0.001	0.001	0.001
0.997	0.001	0.001	0.001
0.997	0.001	0.001	0.001
0.001	0.997	0.001	0.001
0.680	0.318	0.001	0.001
0.001	0.001	0.001	0.997
0.001	0.857	0.001	0.141
>CTCTAATT	11-CTCTAATT	3.837455	-21.832033	0	T:143.0(30.04%),B:9018.6(18.27%),P:1e-9	Tpos:421.2,Tstd:262.4,Bpos:356.9,Bstd:222.0,StrandBias:0.2,Multiplicity:1.19
0.001	0.721	0.277	0.001
0.001	0.001	0.001	0.997
0.001	0.997	0.001	0.001
0.001	0.001	0.001	0.997
0.710	0.108	0.181	0.001
0.997	0.001	0.001	0.001
0.001	0.001	0.001	0.997
0.001	0.001	0.001	0.997
>RAAGCCTT	12-RAAGCCTT	6.571390	-19.521274	0	T:156.0(32.77%),B:10474.8(21.22%),P:1e-8	Tpos:405.0,Tstd:230.0,Bpos:358.7,Bstd:225.8,StrandBias:-0.1,Multiplicity:1.21
0.371	0.070	0.485	0.074
0.666	0.001	0.332	0.001
0.828	0.020	0.001	0.151
0.088	0.001	0.910	0.001
0.001	0.561	0.354	0.084
0.276	0.621	0.102	0.001
0.126	0.172	0.120	0.582
0.001	0.232	0.270	0.497
>GSYTGGGG	13-GSYTGGGG	7.022365	-19.156572	0	T:219.0(46.01%),B:16394.6(33.22%),P:1e-8	Tpos:382.2,Tstd:239.1,Bpos:357.0,Bstd:226.7,StrandBias:-0.1,Multiplicity:1.46
0.001	0.065	0.933	0.001
0.120	0.459	0.420	0.001
0.159	0.468	0.001	0.372
0.135	0.001	0.287	0.577
0.127	0.001	0.871	0.001
0.001	0.001	0.997	0.001
0.001	0.001	0.919	0.079
0.001	0.001	0.997	0.001
>CGACCTGC	14-CGACCTGC	6.541648	-17.799668	0	T:127.0(26.68%),B:8183.0(16.58%),P:1e-7	Tpos:395.0,Tstd:232.5,Bpos:359.9,Bstd:221.8,StrandBias:0.4,Multiplicity:1.33
0.074	0.688	0.125	0.113
0.235	0.121	0.580	0.064
0.761	0.097	0.113	0.029
0.161	0.711	0.060	0.068
0.044	0.848	0.001	0.107
0.009	0.068	0.001	0.922
0.082	0.045	0.776	0.097
0.033	0.732	0.027	0.208
>CTGAGATA	15-CTGAGATA	10.694037	-16.023661	0	T:39.0(8.19%),B:1565.6(3.17%),P:1e-6	Tpos:403.8,Tstd:218.5,Bpos:351.4,Bstd:219.7,StrandBias:-0.1,Multiplicity:1.08
0.001	0.997	0.001	0.001
0.001	0.001	0.001	0.997
0.001	0.001	0.782	0.216
0.997	0.001	0.001	0.001
0.001	0.122	0.876	0.001
0.997	0.001	0.001	0.001
0.001	0.001	0.001	0.997
0.997	0.001	0.001	0.001
>CCAAGACA	16-CCAAGACA	9.249163	-10.236429	0	T:59.0(12.39%),B:3545.6(7.18%),P:1e-4	Tpos:397.4,Tstd:232.0,Bpos:361.5,Bstd:228.5,StrandBias:-0.3,Multiplicity:1.21
0.001	0.997	0.001	0.001
0.001	0.997	0.001	0.001
0.997	0.001	0.001	0.001
0.997	0.001	0.001	0.001
0.001	0.001	0.997	0.001
0.836	0.162	0.001	0.001
0.001	0.997	0.001	0.001
0.997	0.001	0.001	0.001
