>GCAATAAAGCAN	1-GCAATAAAGCAN	8.414676	-116.401786	0	T:152.0(31.93%),B:3930.8(7.96%),P:1e-50	Tpos:362.4,Tstd:207.7,Bpos:349.6,Bstd:224.6,StrandBias:-0.6,Multiplicity:1.15
0.025	0.099	0.742	0.134
0.001	0.959	0.001	0.039
0.689	0.160	0.001	0.150
0.706	0.020	0.208	0.066
0.001	0.094	0.022	0.883
0.976	0.001	0.001	0.022
0.973	0.025	0.001	0.001
0.933	0.001	0.001	0.065
0.178	0.001	0.586	0.235
0.052	0.599	0.348	0.001
0.614	0.051	0.001	0.334
0.315	0.216	0.263	0.207
>AGCAATAAACTC	2-AGCAATAAACTC	6.579499	-100.483296	0	T:264.0(55.46%),B:12493.4(25.31%),P:1e-43	Tpos:366.7,Tstd:199.0,Bpos:355.6,Bstd:219.6,StrandBias:0.2,Multiplicity:1.38
0.755	0.045	0.111	0.089
0.142	0.066	0.763	0.029
0.060	0.879	0.038	0.023
0.775	0.127	0.001	0.097
0.884	0.044	0.060	0.012
0.001	0.087	0.016	0.896
0.884	0.001	0.015	0.100
0.929	0.001	0.069	0.001
0.941	0.029	0.001	0.029
0.152	0.719	0.062	0.067
0.053	0.140	0.016	0.791
0.078	0.786	0.099	0.037
>GTTGTAAAGCAG	3-GTTGTAAAGCAG	8.007164	-63.614897	0	T:126.0(26.47%),B:4470.6(9.06%),P:1e-27	Tpos:387.3,Tstd:261.4,Bpos:354.3,Bstd:224.4,StrandBias:0.3,Multiplicity:1.11
0.098	0.074	0.779	0.049
0.001	0.159	0.001	0.839
0.112	0.096	0.093	0.699
0.191	0.090	0.650	0.069
0.059	0.126	0.070	0.745
0.896	0.001	0.001	0.102
0.767	0.033	0.001	0.199
0.752	0.001	0.149	0.098
0.126	0.052	0.515	0.307
0.264	0.463	0.122	0.151
0.936	0.001	0.001	0.062
0.283	0.098	0.549	0.070
>TAGTGCTAACAA	4-TAGTGCTAACAA	16.241243	-62.177024	0	T:13.0(2.73%),B:6.0(0.01%),P:1e-27	Tpos:370.1,Tstd:105.3,Bpos:413.4,Bstd:115.4,StrandBias:0.2,Multiplicity:1.00
0.001	0.001	0.001	0.997
0.997	0.001	0.001	0.001
0.093	0.072	0.834	0.001
0.001	0.001	0.001	0.997
0.001	0.001	0.997	0.001
0.001	0.997	0.001	0.001
0.001	0.001	0.001	0.997
0.997	0.001	0.001	0.001
0.997	0.001	0.001	0.001
0.001	0.997	0.001	0.001
0.997	0.001	0.001	0.001
0.833	0.001	0.165	0.001
>GAGCTGTTAGCA	5-GAGCTGTTAGCA	12.355432	-54.659363	0	T:9.0(1.89%),B:1.8(0.00%),P:1e-23	Tpos:331.3,Tstd:87.9,Bpos:436.0,Bstd:2.6,StrandBias:1.0,Multiplicity:1.00
0.100	0.100	0.700	0.100
0.700	0.100	0.100	0.100
0.100	0.100	0.700	0.100
0.100	0.700	0.100	0.100
0.100	0.100	0.100	0.700
0.100	0.100	0.700	0.100
0.100	0.100	0.100	0.700
0.100	0.100	0.100	0.700
0.700	0.100	0.100	0.100
0.100	0.100	0.700	0.100
0.100	0.700	0.100	0.100
0.700	0.100	0.100	0.100
>CACCGCAGGTGG	6-CACCGCAGGTGG	13.211089	-51.902031	0	T:19.0(3.99%),B:56.7(0.11%),P:1e-22	Tpos:411.9,Tstd:242.9,Bpos:329.9,Bstd:199.2,StrandBias:-0.9,Multiplicity:1.05
0.001	0.997	0.001	0.001
0.997	0.001	0.001	0.001
0.001	0.862	0.136	0.001
0.117	0.760	0.001	0.122
0.001	0.368	0.630	0.001
0.001	0.997	0.001	0.001
0.997	0.001	0.001	0.001
0.001	0.001	0.997	0.001
0.136	0.001	0.862	0.001
0.001	0.001	0.001	0.997
0.001	0.001	0.997	0.001
0.001	0.001	0.997	0.001
>TATAAGCACAGA	7-TATAAGCACAGA	14.012215	-50.282995	0	T:15.0(3.15%),B:24.2(0.05%),P:1e-21	Tpos:351.1,Tstd:161.1,Bpos:289.1,Bstd:196.5,StrandBias:-0.2,Multiplicity:1.00
0.001	0.001	0.001	0.997
0.997	0.001	0.001	0.001
0.001	0.001	0.001	0.997
0.997	0.001	0.001	0.001
0.997	0.001	0.001	0.001
0.001	0.001	0.923	0.075
0.001	0.997	0.001	0.001
0.997	0.001	0.001	0.001
0.001	0.997	0.001	0.001
0.997	0.001	0.001	0.001
0.001	0.001	0.997	0.001
0.997	0.001	0.001	0.001
>GATGGGCCTCCC	8-GATGGGCCTCCC	12.060453	-49.725712	0	T:19.0(3.99%),B:63.7(0.13%),P:1e-21	Tpos:398.8,Tstd:231.5,Bpos:389.3,Bstd:231.4,StrandBias:-0.2,Multiplicity:1.00
0.115	0.001	0.883	0.001
0.997	0.001	0.001	0.001
0.001	0.221	0.001	0.777
0.001	0.001	0.997	0.001
0.001	0.001	0.997	0.001
0.001	0.001	0.997	0.001
0.001	0.997	0.001	0.001
0.001	0.841	0.001	0.157
0.001	0.001	0.001	0.997
0.001	0.900	0.001	0.098
0.001	0.997	0.001	0.001
0.001	0.997	0.001	0.001
>TAGATCAAAGGC	9-TAGATCAAAGGC	9.078494	-48.035721	0	T:82.0(17.23%),B:2544.1(5.15%),P:1e-20	Tpos:388.9,Tstd:239.0,Bpos:355.1,Bstd:221.3,StrandBias:-0.3,Multiplicity:1.18
0.272	0.241	0.001	0.486
0.720	0.001	0.196	0.083
0.200	0.186	0.485	0.129
0.847	0.126	0.001	0.026
0.145	0.001	0.001	0.853
0.129	0.762	0.016	0.093
0.997	0.001	0.001	0.001
0.902	0.001	0.096	0.001
0.921	0.001	0.077	0.001
0.052	0.042	0.836	0.070
0.043	0.105	0.819	0.033
0.305	0.496	0.198	0.001
>TCTCATTCTCAG	10-TCTCATTCTCAG	12.355095	-45.738828	0	T:21.0(4.41%),B:109.6(0.22%),P:1e-19	Tpos:408.8,Tstd:169.7,Bpos:345.6,Bstd:213.0,StrandBias:-0.1,Multiplicity:1.00
0.001	0.001	0.001	0.997
0.001	0.997	0.001	0.001
0.001	0.152	0.001	0.846
0.159	0.839	0.001	0.001
0.718	0.001	0.280	0.001
0.001	0.001	0.001	0.997
0.199	0.001	0.001	0.799
0.001	0.810	0.147	0.042
0.053	0.001	0.001	0.945
0.001	0.997	0.001	0.001
0.997	0.001	0.001	0.001
0.001	0.001	0.997	0.001
>GCAGCAAGGTCT	11-GCAGCAAGGTCT	12.355432	-44.788880	0	T:9.0(1.89%),B:3.4(0.01%),P:1e-19	Tpos:417.2,Tstd:203.1,Bpos:422.0,Bstd:171.8,StrandBias:0.0,Multiplicity:1.11
0.100	0.100	0.700	0.100
0.100	0.700	0.100	0.100
0.700	0.100	0.100	0.100
0.100	0.100	0.700	0.100
0.100	0.700	0.100	0.100
0.700	0.100	0.100	0.100
0.700	0.100	0.100	0.100
0.100	0.100	0.700	0.100
0.100	0.100	0.700	0.100
0.100	0.100	0.100	0.700
0.100	0.700	0.100	0.100
0.100	0.100	0.100	0.700
>TARTAAACTTTG	12-TARTAAACTTTG	12.498611	-44.345499	0	T:20.0(4.20%),B:100.3(0.20%),P:1e-19	Tpos:426.6,Tstd:230.4,Bpos:371.8,Bstd:224.1,StrandBias:-0.1,Multiplicity:1.05
0.001	0.001	0.001	0.997
0.811	0.187	0.001	0.001
0.430	0.001	0.568	0.001
0.001	0.001	0.399	0.599
0.747	0.001	0.251	0.001
0.997	0.001	0.001	0.001
0.997	0.001	0.001	0.001
0.001	0.860	0.001	0.138
0.267	0.001	0.001	0.731
0.001	0.124	0.001	0.874
0.001	0.001	0.028	0.970
0.145	0.001	0.603	0.251
>GCCTTGATCAGA	13-GCCTTGATCAGA	11.841332	-43.487088	0	T:21.0(4.41%),B:122.7(0.25%),P:1e-18	Tpos:354.3,Tstd:220.8,Bpos:364.2,Bstd:225.1,StrandBias:-0.4,Multiplicity:1.00
0.001	0.001	0.997	0.001
0.001	0.927	0.001	0.071
0.001	0.955	0.001	0.043
0.125	0.001	0.001	0.873
0.001	0.001	0.083	0.915
0.001	0.001	0.997	0.001
0.997	0.001	0.001	0.001
0.047	0.001	0.001	0.951
0.001	0.997	0.001	0.001
0.909	0.001	0.001	0.089
0.001	0.001	0.997	0.001
0.902	0.096	0.001	0.001
>AGGTCATAAAAG	14-AGGTCATAAAAG	8.468670	-43.158949	0	T:75.0(15.76%),B:2354.7(4.77%),P:1e-18	Tpos:368.1,Tstd:230.3,Bpos:350.0,Bstd:223.2,StrandBias:0.5,Multiplicity:1.19
0.758	0.041	0.082	0.119
0.057	0.061	0.761	0.121
0.020	0.161	0.818	0.001
0.138	0.158	0.048	0.656
0.105	0.627	0.118	0.150
0.625	0.138	0.161	0.076
0.065	0.183	0.042	0.710
0.917	0.001	0.001	0.081
0.869	0.001	0.065	0.065
0.787	0.040	0.001	0.172
0.686	0.204	0.086	0.024
0.080	0.126	0.792	0.002
>TAATTACTCCTA	15-TAATTACTCCTA	12.355432	-42.266914	0	T:8.0(1.68%),B:2.8(0.01%),P:1e-18	Tpos:568.1,Tstd:262.5,Bpos:614.0,Bstd:97.7,StrandBias:0.0,Multiplicity:1.00
0.100	0.100	0.100	0.700
0.700	0.100	0.100	0.100
0.700	0.100	0.100	0.100
0.100	0.100	0.100	0.700
0.100	0.100	0.100	0.700
0.700	0.100	0.100	0.100
0.100	0.700	0.100	0.100
0.100	0.100	0.100	0.700
0.100	0.700	0.100	0.100
0.100	0.700	0.100	0.100
0.100	0.100	0.100	0.700
0.700	0.100	0.100	0.100
>CAAGAAACCTGK	16-CAAGAAACCTGK	13.539360	-41.839501	0	T:16.0(3.36%),B:54.8(0.11%),P:1e-18	Tpos:376.0,Tstd:116.5,Bpos:385.3,Bstd:237.2,StrandBias:0.0,Multiplicity:1.00
0.001	0.997	0.001	0.001
0.997	0.001	0.001	0.001
0.997	0.001	0.001	0.001
0.001	0.001	0.997	0.001
0.997	0.001	0.001	0.001
0.997	0.001	0.001	0.001
0.858	0.001	0.140	0.001
0.001	0.997	0.001	0.001
0.001	0.652	0.001	0.346
0.001	0.001	0.001	0.997
0.001	0.001	0.997	0.001
0.001	0.001	0.509	0.489
>AATCAGCCTGST	17-AATCAGCCTGST	13.816177	-41.428471	0	T:13.0(2.73%),B:25.9(0.05%),P:1e-17	Tpos:398.3,Tstd:176.4,Bpos:417.4,Bstd:141.5,StrandBias:0.7,Multiplicity:1.00
0.997	0.001	0.001	0.001
0.997	0.001	0.001	0.001
0.001	0.223	0.001	0.775
0.001	0.985	0.001	0.013
0.623	0.001	0.375	0.001
0.001	0.062	0.616	0.321
0.001	0.997	0.001	0.001
0.001	0.997	0.001	0.001
0.001	0.001	0.001	0.997
0.001	0.001	0.997	0.001
0.001	0.399	0.376	0.224
0.001	0.001	0.001	0.997
>TAACTWAGTTAT	18-TAACTWAGTTAT	13.861354	-37.197249	0	T:9.0(1.89%),B:7.3(0.01%),P:1e-16	Tpos:421.2,Tstd:281.5,Bpos:389.1,Bstd:176.5,StrandBias:0.2,Multiplicity:1.00
0.001	0.001	0.001	0.997
0.997	0.001	0.001	0.001
0.997	0.001	0.001	0.001
0.001	0.922	0.001	0.076
0.001	0.001	0.001	0.997
0.473	0.001	0.001	0.525
0.997	0.001	0.001	0.001
0.001	0.001	0.950	0.048
0.001	0.001	0.001	0.997
0.001	0.139	0.001	0.859
0.997	0.001	0.001	0.001
0.001	0.001	0.001	0.997
>TTGGAGAAGAGC	19-TTGGAGAAGAGC	12.355432	-36.867854	0	T:10.0(2.10%),B:12.9(0.03%),P:1e-16	Tpos:347.7,Tstd:120.6,Bpos:368.0,Bstd:215.3,StrandBias:1.2,Multiplicity:1.00
0.100	0.100	0.100	0.700
0.100	0.100	0.100	0.700
0.100	0.100	0.700	0.100
0.100	0.100	0.700	0.100
0.700	0.100	0.100	0.100
0.100	0.100	0.700	0.100
0.700	0.100	0.100	0.100
0.700	0.100	0.100	0.100
0.100	0.100	0.700	0.100
0.700	0.100	0.100	0.100
0.100	0.100	0.700	0.100
0.100	0.700	0.100	0.100
>CAAGGCTGGGGG	20-CAAGGCTGGGGG	12.046044	-35.615352	0	T:21.0(4.41%),B:183.0(0.37%),P:1e-15	Tpos:375.5,Tstd:194.4,Bpos:357.5,Bstd:250.5,StrandBias:0.8,Multiplicity:1.05
0.001	0.841	0.001	0.157
0.860	0.138	0.001	0.001
0.997	0.001	0.001	0.001
0.129	0.001	0.862	0.008
0.001	0.001	0.997	0.001
0.001	0.997	0.001	0.001
0.001	0.001	0.001	0.997
0.188	0.001	0.711	0.100
0.001	0.001	0.997	0.001
0.087	0.001	0.911	0.001
0.143	0.001	0.855	0.001
0.001	0.001	0.997	0.001
>GAGAGGCTGAAC	21-GAGAGGCTGAAC	14.131543	-33.923087	0	T:11.0(2.31%),B:24.8(0.05%),P:1e-14	Tpos:351.7,Tstd:101.4,Bpos:296.4,Bstd:230.9,StrandBias:-0.8,Multiplicity:1.00
0.102	0.001	0.896	0.001
0.997	0.001	0.001	0.001
0.001	0.001	0.997	0.001
0.997	0.001	0.001	0.001
0.001	0.001	0.997	0.001
0.001	0.001	0.997	0.001
0.001	0.997	0.001	0.001
0.001	0.001	0.001	0.997
0.001	0.001	0.997	0.001
0.997	0.001	0.001	0.001
0.997	0.001	0.001	0.001
0.001	0.826	0.001	0.172
>GGTCCTCATTAA	22-GGTCCTCATTAA	12.864724	-33.163424	0	T:9.0(1.89%),B:11.2(0.02%),P:1e-14	Tpos:381.7,Tstd:289.6,Bpos:339.9,Bstd:235.6,StrandBias:0.3,Multiplicity:1.00
0.001	0.001	0.997	0.001
0.172	0.001	0.826	0.001
0.001	0.001	0.001	0.997
0.001	0.997	0.001	0.001
0.138	0.860	0.001	0.001
0.001	0.001	0.001	0.997
0.001	0.997	0.001	0.001
0.997	0.001	0.001	0.001
0.001	0.001	0.001	0.997
0.001	0.001	0.001	0.997
0.997	0.001	0.001	0.001
0.997	0.001	0.001	0.001
>TATCTCAGGAAT	23-TATCTCAGGAAT	13.442244	-30.992617	0	T:13.0(2.73%),B:57.8(0.12%),P:1e-13	Tpos:355.1,Tstd:140.8,Bpos:352.8,Bstd:241.9,StrandBias:0.4,Multiplicity:1.23
0.001	0.001	0.001	0.997
0.997	0.001	0.001	0.001
0.001	0.102	0.001	0.896
0.001	0.997	0.001	0.001
0.082	0.001	0.001	0.916
0.001	0.997	0.001	0.001
0.997	0.001	0.001	0.001
0.125	0.001	0.873	0.001
0.001	0.001	0.997	0.001
0.901	0.001	0.001	0.097
0.997	0.001	0.001	0.001
0.083	0.126	0.188	0.603
>ACTTAGANWAGT	24-ACTTAGANWAGT	10.313565	-26.610453	0	T:26.0(5.46%),B:474.0(0.96%),P:1e-11	Tpos:432.8,Tstd:264.1,Bpos:342.0,Bstd:227.4,StrandBias:0.1,Multiplicity:1.32
0.595	0.200	0.204	0.001
0.124	0.736	0.001	0.139
0.127	0.001	0.001	0.871
0.001	0.001	0.206	0.792
0.854	0.001	0.001	0.144
0.324	0.001	0.674	0.001
0.889	0.001	0.001	0.109
0.294	0.226	0.166	0.315
0.572	0.001	0.001	0.426
0.828	0.001	0.001	0.170
0.001	0.025	0.769	0.205
0.259	0.001	0.001	0.739
>GTGCTAATTGCC	25-GTGCTAATTGCC	8.463612	-22.305328	0	T:50.0(10.50%),B:1886.4(3.82%),P:1e-9	Tpos:344.0,Tstd:229.6,Bpos:357.5,Bstd:231.4,StrandBias:0.5,Multiplicity:1.02
0.100	0.100	0.700	0.100
0.100	0.100	0.100	0.700
0.100	0.100	0.700	0.100
0.100	0.700	0.100	0.100
0.100	0.100	0.100	0.700
0.700	0.100	0.100	0.100
0.700	0.100	0.100	0.100
0.100	0.100	0.100	0.700
0.100	0.100	0.100	0.700
0.100	0.100	0.700	0.100
0.100	0.700	0.100	0.100
0.100	0.700	0.100	0.100
