>NGGCMATAAA	1-NGGCMATAAA	7.044754	-223.318360	0	T:326.0(68.49%),B:11412.6(23.12%),P:1e-96	Tpos:363.6,Tstd:209.9,Bpos:355.2,Bstd:224.5,StrandBias:-0.2,Multiplicity:1.67
0.319	0.242	0.256	0.183
0.212	0.129	0.491	0.168
0.191	0.078	0.646	0.085
0.003	0.605	0.014	0.378
0.454	0.332	0.001	0.212
0.635	0.010	0.351	0.004
0.001	0.050	0.046	0.903
0.816	0.062	0.013	0.109
0.948	0.028	0.012	0.012
0.866	0.040	0.036	0.058
>GRTTTTATKG	2-GRTTTTATKG	7.316844	-100.022513	0	T:283.0(59.45%),B:14174.1(28.72%),P:1e-43	Tpos:376.6,Tstd:213.9,Bpos:355.3,Bstd:221.9,StrandBias:0.0,Multiplicity:1.26
0.194	0.199	0.475	0.133
0.283	0.265	0.430	0.022
0.273	0.130	0.001	0.596
0.057	0.001	0.001	0.941
0.001	0.093	0.001	0.905
0.197	0.147	0.001	0.655
0.997	0.001	0.001	0.001
0.001	0.001	0.009	0.989
0.226	0.001	0.419	0.355
0.154	0.021	0.686	0.139
>CCTTTGATGH	3-CCTTTGATGH	7.883489	-65.782336	0	T:174.0(36.55%),B:7641.5(15.48%),P:1e-28	Tpos:408.7,Tstd:229.1,Bpos:358.4,Bstd:224.9,StrandBias:-0.1,Multiplicity:1.31
0.014	0.609	0.241	0.136
0.062	0.747	0.001	0.190
0.081	0.001	0.001	0.917
0.001	0.035	0.092	0.872
0.001	0.001	0.001	0.997
0.001	0.001	0.704	0.294
0.593	0.034	0.001	0.372
0.326	0.001	0.059	0.614
0.218	0.227	0.430	0.126
0.257	0.383	0.001	0.359
>TGCTAATTGC	4-TGCTAATTGC	7.507247	-58.059647	0	T:131.0(27.52%),B:5084.0(10.30%),P:1e-25	Tpos:370.5,Tstd:227.6,Bpos:354.5,Bstd:229.4,StrandBias:0.4,Multiplicity:1.19
0.270	0.001	0.123	0.606
0.086	0.234	0.643	0.037
0.011	0.783	0.001	0.205
0.062	0.142	0.001	0.795
0.916	0.007	0.040	0.037
0.828	0.154	0.001	0.017
0.091	0.200	0.017	0.692
0.328	0.001	0.050	0.621
0.093	0.117	0.718	0.072
0.001	0.844	0.055	0.100
>TGATTTACGG	5-TGATTTACGG	6.316135	-57.727540	0	T:225.0(47.27%),B:12341.9(25.00%),P:1e-25	Tpos:400.2,Tstd:246.3,Bpos:354.8,Bstd:218.9,StrandBias:-0.0,Multiplicity:1.34
0.072	0.001	0.057	0.870
0.046	0.061	0.839	0.054
0.708	0.119	0.114	0.059
0.073	0.012	0.024	0.891
0.056	0.027	0.019	0.898
0.017	0.043	0.082	0.858
0.825	0.090	0.013	0.072
0.112	0.659	0.075	0.154
0.148	0.022	0.704	0.126
0.110	0.079	0.757	0.054
>TAGTGCTAAC	6-TAGTGCTAAC	13.631335	-39.769992	0	T:14.0(2.94%),B:38.5(0.08%),P:1e-17	Tpos:390.7,Tstd:125.6,Bpos:406.6,Bstd:250.3,StrandBias:0.0,Multiplicity:1.00
0.001	0.001	0.001	0.997
0.997	0.001	0.001	0.001
0.108	0.076	0.815	0.001
0.001	0.001	0.001	0.997
0.001	0.001	0.997	0.001
0.001	0.997	0.001	0.001
0.001	0.001	0.001	0.997
0.997	0.001	0.001	0.001
0.997	0.001	0.001	0.001
0.001	0.997	0.001	0.001
>SYWATWADVW	7-SYWATWADVW	6.834899	-36.863764	0	T:171.0(35.92%),B:9697.0(19.65%),P:1e-16	Tpos:392.4,Tstd:233.3,Bpos:359.5,Bstd:223.6,StrandBias:0.4,Multiplicity:1.22
0.105	0.448	0.347	0.100
0.001	0.466	0.001	0.532
0.504	0.001	0.001	0.494
0.831	0.001	0.001	0.167
0.324	0.001	0.068	0.607
0.366	0.174	0.001	0.458
0.829	0.001	0.001	0.169
0.336	0.026	0.306	0.332
0.273	0.394	0.332	0.001
0.424	0.001	0.023	0.552
>CACCGCAGGT	8-CACCGCAGGT	10.598018	-36.710919	0	T:32.0(6.72%),B:499.7(1.01%),P:1e-15	Tpos:379.9,Tstd:237.9,Bpos:339.9,Bstd:216.9,StrandBias:-0.6,Multiplicity:1.03
0.001	0.997	0.001	0.001
0.997	0.001	0.001	0.001
0.001	0.825	0.173	0.001
0.151	0.563	0.001	0.285
0.001	0.185	0.813	0.001
0.001	0.997	0.001	0.001
0.997	0.001	0.001	0.001
0.001	0.001	0.997	0.001
0.103	0.001	0.895	0.001
0.001	0.001	0.001	0.997
>TTCTCTAAGH	9-TTCTCTAAGH	9.672145	-33.885266	0	T:46.0(9.66%),B:1167.9(2.37%),P:1e-14	Tpos:455.7,Tstd:268.2,Bpos:359.6,Bstd:223.7,StrandBias:0.4,Multiplicity:1.16
0.001	0.206	0.001	0.792
0.001	0.031	0.054	0.914
0.280	0.679	0.040	0.001
0.283	0.082	0.001	0.634
0.001	0.997	0.001	0.001
0.001	0.233	0.001	0.765
0.997	0.001	0.001	0.001
0.791	0.001	0.124	0.084
0.001	0.092	0.678	0.229
0.391	0.289	0.001	0.320
>TTGATCAGAA	10-TTGATCAGAA	9.934001	-33.732232	0	T:29.0(6.09%),B:446.2(0.90%),P:1e-14	Tpos:434.7,Tstd:242.3,Bpos:370.4,Bstd:215.6,StrandBias:0.1,Multiplicity:1.00
0.183	0.001	0.001	0.815
0.001	0.001	0.001	0.997
0.001	0.001	0.997	0.001
0.997	0.001	0.001	0.001
0.001	0.001	0.001	0.997
0.001	0.997	0.001	0.001
0.997	0.001	0.001	0.001
0.001	0.001	0.997	0.001
0.880	0.118	0.001	0.001
0.930	0.001	0.068	0.001
>AGGCAATTAC	11-AGGCAATTAC	6.828210	-31.845373	0	T:183.0(38.45%),B:11261.8(22.82%),P:1e-13	Tpos:404.5,Tstd:257.2,Bpos:357.1,Bstd:226.3,StrandBias:0.0,Multiplicity:1.25
0.835	0.033	0.044	0.088
0.057	0.014	0.834	0.095
0.069	0.069	0.812	0.050
0.123	0.773	0.062	0.042
0.788	0.078	0.040	0.094
0.805	0.059	0.052	0.084
0.031	0.076	0.098	0.795
0.055	0.052	0.071	0.822
0.749	0.056	0.088	0.107
0.088	0.796	0.063	0.053
>GGGGATAGTC	12-GGGGATAGTC	9.052341	-30.976646	0	T:35.0(7.35%),B:743.9(1.51%),P:1e-13	Tpos:330.8,Tstd:241.9,Bpos:357.1,Bstd:222.9,StrandBias:-0.5,Multiplicity:1.03
0.001	0.001	0.997	0.001
0.001	0.169	0.641	0.189
0.112	0.001	0.886	0.001
0.002	0.001	0.987	0.010
0.854	0.001	0.079	0.066
0.115	0.035	0.106	0.744
0.631	0.001	0.367	0.001
0.078	0.066	0.855	0.001
0.001	0.281	0.211	0.507
0.007	0.919	0.032	0.042
>TCAAGGCTGA	13-TCAAGGCTGA	10.140586	-29.556747	0	T:39.0(8.19%),B:967.5(1.96%),P:1e-12	Tpos:370.5,Tstd:213.8,Bpos:361.7,Bstd:220.8,StrandBias:-0.2,Multiplicity:1.09
0.385	0.001	0.053	0.561
0.005	0.894	0.001	0.100
0.997	0.001	0.001	0.001
0.959	0.032	0.001	0.008
0.083	0.001	0.915	0.001
0.010	0.096	0.811	0.083
0.001	0.971	0.001	0.027
0.001	0.001	0.001	0.997
0.008	0.188	0.803	0.001
0.854	0.046	0.099	0.001
>TGTAGCCTCC	14-TGTAGCCTCC	10.457033	-28.611783	0	T:24.0(5.04%),B:361.1(0.73%),P:1e-12	Tpos:384.2,Tstd:195.3,Bpos:360.0,Bstd:221.9,StrandBias:0.3,Multiplicity:1.04
0.001	0.001	0.001	0.997
0.001	0.001	0.997	0.001
0.001	0.001	0.001	0.997
0.997	0.001	0.001	0.001
0.161	0.001	0.837	0.001
0.001	0.952	0.046	0.001
0.001	0.997	0.001	0.001
0.001	0.001	0.001	0.997
0.001	0.997	0.001	0.001
0.001	0.880	0.001	0.118
>AAAGCCTTCT	15-AAAGCCTTCT	9.022767	-27.624220	0	T:62.0(13.03%),B:2334.2(4.73%),P:1e-11	Tpos:341.3,Tstd:262.1,Bpos:359.4,Bstd:221.3,StrandBias:0.2,Multiplicity:1.02
0.891	0.076	0.001	0.032
0.920	0.018	0.015	0.047
0.876	0.103	0.001	0.020
0.022	0.001	0.852	0.125
0.050	0.895	0.014	0.041
0.016	0.950	0.001	0.033
0.001	0.001	0.001	0.997
0.001	0.025	0.061	0.913
0.001	0.818	0.076	0.105
0.019	0.086	0.001	0.894
>GTATAAKYAC	16-GTATAAKYAC	9.057769	-27.461920	0	T:50.0(10.50%),B:1626.0(3.29%),P:1e-11	Tpos:404.0,Tstd:226.5,Bpos:346.9,Bstd:225.6,StrandBias:0.4,Multiplicity:1.07
0.101	0.193	0.478	0.227
0.001	0.001	0.001	0.997
0.874	0.001	0.124	0.001
0.001	0.001	0.001	0.997
0.834	0.001	0.164	0.001
0.704	0.001	0.294	0.001
0.001	0.001	0.429	0.569
0.001	0.569	0.001	0.429
0.997	0.001	0.001	0.001
0.188	0.653	0.158	0.001
>GCRAGGTCCG	17-GCRAGGTCCG	10.984207	-27.030056	0	T:14.0(2.94%),B:98.2(0.20%),P:1e-11	Tpos:386.2,Tstd:210.3,Bpos:367.2,Bstd:224.5,StrandBias:0.6,Multiplicity:1.07
0.001	0.157	0.841	0.001
0.001	0.997	0.001	0.001
0.401	0.245	0.353	0.001
0.655	0.001	0.001	0.343
0.001	0.001	0.997	0.001
0.001	0.001	0.997	0.001
0.001	0.001	0.001	0.997
0.001	0.997	0.001	0.001
0.001	0.603	0.001	0.395
0.001	0.180	0.818	0.001
>TTCCTGAGAT	18-TTCCTGAGAT	11.146651	-25.932446	0	T:26.0(5.46%),B:489.7(0.99%),P:1e-11	Tpos:321.0,Tstd:129.8,Bpos:373.4,Bstd:223.5,StrandBias:0.3,Multiplicity:1.16
0.001	0.001	0.001	0.997
0.001	0.001	0.334	0.664
0.001	0.997	0.001	0.001
0.001	0.997	0.001	0.001
0.001	0.001	0.001	0.997
0.001	0.001	0.997	0.001
0.997	0.001	0.001	0.001
0.001	0.001	0.997	0.001
0.997	0.001	0.001	0.001
0.102	0.001	0.001	0.896
>GGTCTCATTC	19-GGTCTCATTC	12.029888	-24.592101	0	T:16.0(3.36%),B:169.3(0.34%),P:1e-10	Tpos:417.6,Tstd:227.4,Bpos:341.2,Bstd:219.1,StrandBias:-0.2,Multiplicity:1.06
0.001	0.001	0.997	0.001
0.001	0.001	0.997	0.001
0.001	0.001	0.001	0.997
0.001	0.997	0.001	0.001
0.001	0.001	0.129	0.869
0.001	0.670	0.328	0.001
0.997	0.001	0.001	0.001
0.296	0.130	0.001	0.573
0.001	0.001	0.001	0.997
0.001	0.997	0.001	0.001
>TGTGACMKRA	20-TGTGACMKRA	9.089558	-23.104854	0	T:56.0(11.76%),B:2217.2(4.49%),P:1e-10	Tpos:397.5,Tstd:288.6,Bpos:350.6,Bstd:216.1,StrandBias:-0.2,Multiplicity:1.04
0.124	0.203	0.207	0.466
0.001	0.001	0.997	0.001
0.001	0.004	0.001	0.994
0.001	0.064	0.934	0.001
0.830	0.166	0.003	0.001
0.001	0.997	0.001	0.001
0.335	0.469	0.001	0.195
0.026	0.033	0.519	0.422
0.543	0.014	0.442	0.001
0.970	0.028	0.001	0.001
>ACTAAGAGTC	21-ACTAAGAGTC	10.296193	-22.922290	0	T:10.0(2.10%),B:50.8(0.10%),P:1e-9	Tpos:307.4,Tstd:155.7,Bpos:339.1,Bstd:225.6,StrandBias:0.6,Multiplicity:1.00
0.700	0.100	0.100	0.100
0.100	0.700	0.100	0.100
0.100	0.100	0.100	0.700
0.700	0.100	0.100	0.100
0.700	0.100	0.100	0.100
0.100	0.100	0.700	0.100
0.700	0.100	0.100	0.100
0.100	0.100	0.700	0.100
0.100	0.100	0.100	0.700
0.100	0.700	0.100	0.100
>GCWTMATAAC	22-GCWTMATAAC	8.817490	-22.544457	0	T:46.0(9.66%),B:1630.8(3.30%),P:1e-9	Tpos:404.2,Tstd:314.6,Bpos:357.6,Bstd:230.1,StrandBias:-0.3,Multiplicity:1.07
0.001	0.001	0.997	0.001
0.003	0.878	0.001	0.118
0.437	0.001	0.001	0.561
0.182	0.001	0.001	0.816
0.572	0.426	0.001	0.001
0.727	0.001	0.134	0.138
0.001	0.001	0.174	0.824
0.557	0.001	0.143	0.299
0.836	0.162	0.001	0.001
0.039	0.822	0.001	0.138
>GCCACATGGA	23-GCCACATGGA	10.847193	-20.522825	0	T:24.0(5.04%),B:540.1(1.09%),P:1e-8	Tpos:286.2,Tstd:241.4,Bpos:345.2,Bstd:220.1,StrandBias:0.5,Multiplicity:1.04
0.001	0.001	0.984	0.014
0.001	0.842	0.156	0.001
0.001	0.997	0.001	0.001
0.786	0.212	0.001	0.001
0.001	0.997	0.001	0.001
0.997	0.001	0.001	0.001
0.001	0.001	0.228	0.770
0.060	0.001	0.681	0.258
0.214	0.001	0.784	0.001
0.997	0.001	0.001	0.001
>ATCAAGAAGC	24-ATCAAGAAGC	10.296193	-19.054526	0	T:12.0(2.52%),B:124.6(0.25%),P:1e-8	Tpos:409.2,Tstd:192.7,Bpos:345.0,Bstd:224.5,StrandBias:0.0,Multiplicity:1.00
0.700	0.100	0.100	0.100
0.100	0.100	0.100	0.700
0.100	0.700	0.100	0.100
0.700	0.100	0.100	0.100
0.700	0.100	0.100	0.100
0.100	0.100	0.700	0.100
0.700	0.100	0.100	0.100
0.700	0.100	0.100	0.100
0.100	0.100	0.700	0.100
0.100	0.700	0.100	0.100
>GAGGCTGAAC	25-GAGGCTGAAC	11.132839	-17.767946	0	T:13.0(2.73%),B:170.2(0.34%),P:1e-7	Tpos:340.8,Tstd:100.3,Bpos:338.9,Bstd:228.4,StrandBias:-0.7,Multiplicity:1.00
0.001	0.001	0.997	0.001
0.997	0.001	0.001	0.001
0.001	0.001	0.997	0.001
0.001	0.001	0.997	0.001
0.001	0.997	0.001	0.001
0.001	0.001	0.001	0.997
0.001	0.067	0.931	0.001
0.997	0.001	0.001	0.001
0.997	0.001	0.001	0.001
0.001	0.997	0.001	0.001
