>GAGCATAATAAA	14-TTTATTATGCTC	7.799849	-23.251292	0	T:41.0(20.50%),B:6572.8(6.59%),P:1e-10
0.084	0.043	0.814	0.059
0.793	0.001	0.151	0.055
0.098	0.001	0.890	0.011
0.201	0.565	0.233	0.001
0.618	0.090	0.191	0.101
0.001	0.176	0.091	0.732
0.794	0.001	0.044	0.161
0.728	0.114	0.096	0.062
0.044	0.001	0.218	0.737
0.688	0.001	0.105	0.206
0.837	0.105	0.057	0.001
0.713	0.107	0.062	0.118
