>TTCACACCCCTC	24-TTCACACCCCTC	8.215846	-12.347173	0	T:22.0(11.00%),B:3610.2(3.62%),P:1e-5
0.094	0.119	0.096	0.691
0.131	0.085	0.096	0.688
0.086	0.674	0.095	0.145
0.616	0.148	0.001	0.235
0.082	0.726	0.115	0.077
0.708	0.213	0.051	0.028
0.003	0.748	0.106	0.143
0.203	0.486	0.191	0.120
0.128	0.483	0.192	0.197
0.048	0.689	0.120	0.143
0.099	0.142	0.095	0.664
0.048	0.834	0.069	0.049
