>GCMWTTATTACT	20-GCMWTTATTACT	11.168169	-16.321579	0	T:5.0(2.50%),B:51.8(0.05%),P:1e-7
0.104	0.082	0.780	0.034
0.029	0.733	0.199	0.039
0.480	0.427	0.001	0.091
0.484	0.071	0.001	0.444
0.043	0.060	0.001	0.896
0.198	0.139	0.073	0.590
0.848	0.039	0.074	0.039
0.173	0.028	0.066	0.733
0.001	0.167	0.033	0.799
0.726	0.052	0.138	0.084
0.001	0.704	0.294	0.001
0.056	0.043	0.036	0.865
