>WGATTTAYAG	1-WGATTTAYAG	8.841611	-150.189073	0	T:134.0(26.80%),B:2120.8(4.30%),P:1e-65	Tpos:415.1,Tstd:222.2,Bpos:381.5,Bstd:221.3,StrandBias:0.1,Multiplicity:1.17
0.431	0.001	0.001	0.567
0.019	0.001	0.893	0.087
0.997	0.001	0.001	0.001
0.001	0.017	0.001	0.981
0.001	0.001	0.001	0.997
0.001	0.015	0.052	0.932
0.997	0.001	0.001	0.001
0.047	0.405	0.107	0.441
0.572	0.001	0.171	0.256
0.234	0.124	0.585	0.057
>CCTTTGAWGT	2-CCTTTGAWGT	6.893658	-142.888274	0	T:296.0(59.20%),B:11861.7(24.06%),P:1e-62	Tpos:394.1,Tstd:226.0,Bpos:366.0,Bstd:231.4,StrandBias:0.1,Multiplicity:1.50
0.124	0.426	0.234	0.215
0.043	0.665	0.068	0.224
0.047	0.011	0.031	0.911
0.044	0.071	0.144	0.741
0.126	0.016	0.022	0.836
0.049	0.121	0.775	0.055
0.712	0.075	0.101	0.112
0.475	0.001	0.070	0.454
0.094	0.315	0.517	0.074
0.151	0.299	0.097	0.453
>TTGACACCTC	3-TTGACACCTC	8.299311	-99.368388	0	T:135.0(27.00%),B:3372.6(6.84%),P:1e-43	Tpos:411.3,Tstd:266.0,Bpos:369.9,Bstd:226.1,StrandBias:-0.1,Multiplicity:1.14
0.001	0.136	0.067	0.796
0.001	0.001	0.001	0.997
0.136	0.294	0.500	0.070
0.920	0.001	0.051	0.028
0.009	0.989	0.001	0.001
0.985	0.013	0.001	0.001
0.019	0.898	0.082	0.001
0.091	0.648	0.076	0.185
0.170	0.153	0.039	0.638
0.065	0.625	0.044	0.266
>CTTCACACCY	4-CTTCACACCY	6.979781	-70.685085	0	T:285.0(57.00%),B:15626.8(31.69%),P:1e-30	Tpos:385.9,Tstd:245.9,Bpos:369.2,Bstd:227.2,StrandBias:-0.2,Multiplicity:1.34
0.087	0.474	0.116	0.323
0.272	0.262	0.001	0.465
0.053	0.001	0.001	0.945
0.135	0.580	0.277	0.008
0.943	0.055	0.001	0.001
0.001	0.983	0.015	0.001
0.804	0.047	0.052	0.097
0.060	0.583	0.229	0.128
0.001	0.537	0.106	0.356
0.188	0.344	0.106	0.361
>ACTTCAAACA	5-ACTTCAAACA	8.377435	-48.058903	0	T:117.0(23.40%),B:4468.7(9.06%),P:1e-20	Tpos:398.2,Tstd:254.9,Bpos:365.5,Bstd:229.3,StrandBias:0.3,Multiplicity:1.10
0.935	0.020	0.034	0.011
0.069	0.835	0.063	0.033
0.347	0.018	0.001	0.634
0.001	0.122	0.013	0.864
0.001	0.769	0.076	0.154
0.973	0.001	0.001	0.025
0.774	0.001	0.199	0.026
0.655	0.027	0.118	0.200
0.001	0.705	0.293	0.001
0.997	0.001	0.001	0.001
>AASCCTTTGA	6-AASCCTTTGA	7.989009	-45.953524	0	T:132.0(26.40%),B:5582.4(11.32%),P:1e-19	Tpos:376.8,Tstd:217.9,Bpos:374.9,Bstd:230.9,StrandBias:-0.3,Multiplicity:1.11
0.891	0.001	0.035	0.073
0.959	0.001	0.039	0.001
0.017	0.533	0.449	0.001
0.285	0.477	0.237	0.001
0.001	0.927	0.043	0.029
0.019	0.027	0.001	0.953
0.067	0.076	0.053	0.804
0.049	0.108	0.001	0.842
0.014	0.107	0.814	0.065
0.672	0.156	0.083	0.089
>TTCTAAGAGC	7-TTCTAAGAGC	6.973031	-43.679727	0	T:189.0(37.80%),B:9963.8(20.21%),P:1e-18	Tpos:387.4,Tstd:271.3,Bpos:367.9,Bstd:229.8,StrandBias:-0.0,Multiplicity:1.21
0.068	0.125	0.102	0.705
0.058	0.041	0.037	0.864
0.078	0.820	0.035	0.067
0.111	0.032	0.123	0.734
0.768	0.109	0.064	0.059
0.881	0.032	0.057	0.030
0.055	0.150	0.762	0.033
0.811	0.096	0.062	0.031
0.074	0.060	0.812	0.054
0.090	0.850	0.028	0.032
>TGATGAGAGC	8-TGATGAGAGC	7.610828	-36.502428	0	T:121.0(24.20%),B:5479.5(11.11%),P:1e-15	Tpos:411.4,Tstd:259.5,Bpos:367.0,Bstd:225.5,StrandBias:0.0,Multiplicity:1.09
0.055	0.001	0.145	0.799
0.085	0.041	0.857	0.017
0.742	0.121	0.070	0.067
0.067	0.076	0.035	0.822
0.102	0.106	0.728	0.064
0.865	0.012	0.088	0.035
0.090	0.135	0.685	0.090
0.842	0.046	0.031	0.081
0.066	0.022	0.847	0.065
0.016	0.833	0.076	0.075
>GATTTGTCAC	9-GATTTGTCAC	6.553924	-34.162001	0	T:236.0(47.20%),B:14917.6(30.25%),P:1e-14	Tpos:403.8,Tstd:273.1,Bpos:369.4,Bstd:224.5,StrandBias:-0.1,Multiplicity:1.36
0.079	0.048	0.817	0.056
0.780	0.088	0.061	0.071
0.079	0.090	0.060	0.771
0.091	0.064	0.070	0.775
0.046	0.046	0.061	0.847
0.058	0.101	0.771	0.070
0.044	0.120	0.046	0.790
0.046	0.793	0.081	0.080
0.820	0.098	0.013	0.069
0.041	0.840	0.055	0.064
>GTAATTTATG	10-GTAATTTATG	7.855809	-31.597189	0	T:57.0(11.40%),B:1744.2(3.54%),P:1e-13	Tpos:422.3,Tstd:228.6,Bpos:370.0,Bstd:221.3,StrandBias:-0.1,Multiplicity:1.04
0.053	0.061	0.825	0.061
0.049	0.089	0.080	0.782
0.807	0.062	0.073	0.058
0.854	0.078	0.052	0.016
0.067	0.087	0.072	0.774
0.060	0.060	0.034	0.846
0.052	0.182	0.037	0.729
0.790	0.090	0.095	0.025
0.082	0.013	0.020	0.885
0.089	0.113	0.717	0.081
>CGTGGGAAGC	11-CGTGGGAAGC	7.531910	-30.198198	0	T:104.0(20.80%),B:4768.3(9.67%),P:1e-13	Tpos:406.2,Tstd:252.9,Bpos:373.0,Bstd:227.9,StrandBias:0.3,Multiplicity:1.09
0.027	0.742	0.086	0.145
0.041	0.053	0.860	0.046
0.056	0.054	0.034	0.856
0.030	0.001	0.918	0.051
0.122	0.057	0.798	0.023
0.072	0.029	0.806	0.093
0.843	0.066	0.028	0.063
0.782	0.077	0.119	0.022
0.112	0.051	0.715	0.122
0.183	0.697	0.034	0.086
>CCCTGCTGGG	12-CCCTGCTGGG	9.843307	-28.523421	0	T:51.0(10.20%),B:1552.1(3.15%),P:1e-12	Tpos:364.4,Tstd:242.3,Bpos:375.9,Bstd:230.1,StrandBias:-0.5,Multiplicity:1.04
0.001	0.879	0.001	0.119
0.001	0.919	0.044	0.036
0.039	0.926	0.034	0.001
0.001	0.072	0.001	0.926
0.001	0.001	0.989	0.009
0.001	0.928	0.001	0.070
0.069	0.058	0.001	0.872
0.001	0.001	0.997	0.001
0.163	0.001	0.835	0.001
0.063	0.001	0.924	0.012
>GTCACCTTTS	13-GTCACCTTTS	9.394132	-27.386551	0	T:51.0(10.20%),B:1601.6(3.25%),P:1e-11	Tpos:369.2,Tstd:271.3,Bpos:375.7,Bstd:223.1,StrandBias:-0.1,Multiplicity:1.06
0.261	0.001	0.737	0.001
0.001	0.001	0.105	0.893
0.303	0.695	0.001	0.001
0.920	0.078	0.001	0.001
0.001	0.997	0.001	0.001
0.001	0.721	0.001	0.277
0.147	0.311	0.001	0.541
0.001	0.001	0.001	0.997
0.384	0.001	0.001	0.614
0.001	0.480	0.518	0.001
>NCGGCCATTN	14-NCGGCCATTN	5.483314	-26.800433	0	T:32.0(6.40%),B:687.1(1.39%),P:1e-11	Tpos:356.3,Tstd:246.1,Bpos:354.7,Bstd:228.6,StrandBias:0.2,Multiplicity:1.00
0.291	0.219	0.264	0.226
0.168	0.512	0.158	0.162
0.170	0.137	0.525	0.168
0.159	0.151	0.563	0.127
0.134	0.557	0.146	0.163
0.156	0.567	0.119	0.158
0.554	0.156	0.123	0.167
0.150	0.149	0.130	0.571
0.147	0.136	0.141	0.576
0.247	0.229	0.241	0.283
>TAAAAGCAAC	15-TAAAAGCAAC	7.997903	-26.468574	0	T:70.0(14.00%),B:2769.6(5.62%),P:1e-11	Tpos:381.6,Tstd:275.6,Bpos:365.8,Bstd:231.5,StrandBias:1.0,Multiplicity:1.05
0.109	0.035	0.094	0.762
0.506	0.157	0.199	0.138
0.750	0.198	0.018	0.034
0.642	0.165	0.025	0.168
0.992	0.001	0.006	0.001
0.074	0.221	0.687	0.018
0.015	0.787	0.197	0.001
0.705	0.147	0.001	0.147
0.625	0.082	0.198	0.095
0.201	0.515	0.176	0.108
>ATCTAACAYT	16-ATCTAACAYT	7.944570	-26.226392	0	T:85.0(17.00%),B:3764.5(7.63%),P:1e-11	Tpos:377.5,Tstd:266.4,Bpos:366.3,Bstd:223.6,StrandBias:0.8,Multiplicity:1.12
0.867	0.015	0.117	0.001
0.001	0.028	0.373	0.598
0.066	0.792	0.001	0.141
0.050	0.001	0.001	0.948
0.874	0.028	0.097	0.001
0.934	0.064	0.001	0.001
0.001	0.941	0.001	0.057
0.723	0.021	0.126	0.130
0.023	0.426	0.225	0.326
0.219	0.150	0.001	0.630
>TGGCCTGTGA	17-TGGCCTGTGA	8.827876	-24.242914	0	T:80.0(16.00%),B:3573.4(7.25%),P:1e-10	Tpos:400.6,Tstd:243.4,Bpos:369.4,Bstd:226.4,StrandBias:0.3,Multiplicity:1.07
0.026	0.072	0.001	0.901
0.001	0.081	0.877	0.041
0.017	0.001	0.879	0.103
0.001	0.964	0.001	0.034
0.001	0.997	0.001	0.001
0.001	0.001	0.001	0.997
0.039	0.020	0.912	0.029
0.027	0.001	0.105	0.867
0.001	0.068	0.894	0.037
0.715	0.023	0.001	0.261
>TTCCTGGCAG	18-TTCCTGGCAG	9.911864	-22.499154	0	T:53.0(10.60%),B:1958.1(3.97%),P:1e-9	Tpos:428.4,Tstd:242.1,Bpos:365.6,Bstd:227.5,StrandBias:-0.5,Multiplicity:1.04
0.045	0.001	0.001	0.953
0.001	0.088	0.001	0.910
0.001	0.876	0.108	0.015
0.001	0.856	0.001	0.142
0.001	0.001	0.001	0.997
0.001	0.001	0.997	0.001
0.036	0.048	0.915	0.001
0.001	0.809	0.189	0.001
0.946	0.001	0.001	0.052
0.001	0.156	0.810	0.033
>CTGAGCTGAC	19-CTGAGCTGAC	6.226098	-22.328339	0	T:131.0(26.20%),B:7523.6(15.26%),P:1e-9	Tpos:389.4,Tstd:275.1,Bpos:370.5,Bstd:234.1,StrandBias:-0.2,Multiplicity:1.22
0.114	0.624	0.120	0.142
0.180	0.081	0.072	0.667
0.135	0.114	0.601	0.150
0.633	0.077	0.131	0.159
0.134	0.122	0.596	0.148
0.161	0.520	0.181	0.138
0.170	0.096	0.092	0.642
0.145	0.121	0.587	0.147
0.532	0.149	0.144	0.175
0.150	0.598	0.111	0.141
>CCCCAGGAAG	20-CCCCAGGAAG	8.637795	-18.780088	0	T:77.0(15.40%),B:3811.4(7.73%),P:1e-8	Tpos:411.6,Tstd:293.7,Bpos:363.3,Bstd:227.4,StrandBias:-0.1,Multiplicity:1.14
0.019	0.970	0.009	0.002
0.102	0.702	0.123	0.073
0.053	0.918	0.001	0.028
0.001	0.855	0.003	0.141
0.821	0.001	0.001	0.177
0.043	0.287	0.601	0.069
0.001	0.002	0.948	0.049
0.959	0.003	0.003	0.035
0.556	0.207	0.222	0.015
0.001	0.005	0.699	0.295
>AGGGGACTAT	21-AGGGGACTAT	13.761178	-18.467829	0	T:9.0(1.80%),B:56.3(0.11%),P:1e-8	Tpos:350.6,Tstd:192.8,Bpos:357.4,Bstd:208.4,StrandBias:0.3,Multiplicity:1.00
0.997	0.001	0.001	0.001
0.001	0.001	0.997	0.001
0.001	0.001	0.997	0.001
0.001	0.001	0.997	0.001
0.001	0.001	0.997	0.001
0.928	0.001	0.070	0.001
0.001	0.997	0.001	0.001
0.001	0.001	0.001	0.997
0.997	0.001	0.001	0.001
0.001	0.001	0.001	0.997
>TCTTGTCACT	22-TCTTGTCACT	9.220866	-17.944657	0	T:53.0(10.60%),B:2242.0(4.55%),P:1e-7	Tpos:339.4,Tstd:232.5,Bpos:362.2,Bstd:228.5,StrandBias:0.3,Multiplicity:1.02
0.001	0.001	0.058	0.940
0.001	0.841	0.042	0.116
0.109	0.001	0.001	0.889
0.136	0.001	0.028	0.835
0.001	0.179	0.798	0.022
0.001	0.001	0.036	0.962
0.001	0.893	0.105	0.001
0.958	0.040	0.001	0.001
0.057	0.912	0.030	0.001
0.001	0.001	0.001	0.997
>ATAGGATTHA	23-ATAGGATTHA	9.358056	-17.766802	0	T:29.0(5.80%),B:839.9(1.70%),P:1e-7	Tpos:386.0,Tstd:337.5,Bpos:360.5,Bstd:215.1,StrandBias:-0.5,Multiplicity:1.00
0.851	0.001	0.001	0.147
0.001	0.076	0.001	0.922
0.708	0.001	0.099	0.192
0.296	0.001	0.702	0.001
0.001	0.001	0.997	0.001
0.769	0.001	0.229	0.001
0.001	0.001	0.101	0.897
0.001	0.001	0.001	0.997
0.372	0.272	0.001	0.355
0.679	0.152	0.071	0.098
>GAGGTGTTTC	24-GAGGTGTTTC	9.636593	-16.375142	0	T:25.0(5.00%),B:690.7(1.40%),P:1e-7	Tpos:363.5,Tstd:205.7,Bpos:371.6,Bstd:231.8,StrandBias:0.3,Multiplicity:1.12
0.330	0.001	0.668	0.001
0.954	0.001	0.044	0.001
0.001	0.001	0.887	0.111
0.208	0.001	0.790	0.001
0.098	0.001	0.123	0.778
0.073	0.001	0.706	0.220
0.133	0.001	0.001	0.865
0.199	0.013	0.046	0.742
0.144	0.001	0.162	0.693
0.001	0.727	0.001	0.271
>CTTTTAWCTG	25-CTTTTAWCTG	9.674247	-15.027280	0	T:41.0(8.20%),B:1672.3(3.39%),P:1e-6	Tpos:397.4,Tstd:255.4,Bpos:391.8,Bstd:223.6,StrandBias:-0.3,Multiplicity:1.00
0.001	0.997	0.001	0.001
0.001	0.120	0.001	0.878
0.001	0.001	0.001	0.997
0.001	0.001	0.001	0.997
0.149	0.001	0.001	0.849
0.935	0.063	0.001	0.001
0.440	0.121	0.001	0.438
0.001	0.653	0.345	0.001
0.001	0.001	0.001	0.997
0.001	0.001	0.921	0.077
>WGATTTATAGCS	1-WGATTTATAGCS	8.848387	-139.296684	0	T:116.0(23.20%),B:1651.4(3.35%),P:1e-60	Tpos:415.5,Tstd:216.4,Bpos:377.1,Bstd:218.0,StrandBias:0.3,Multiplicity:1.15
0.386	0.001	0.099	0.514
0.001	0.001	0.817	0.181
0.929	0.069	0.001	0.001
0.001	0.001	0.056	0.942
0.001	0.069	0.001	0.929
0.001	0.001	0.001	0.997
0.997	0.001	0.001	0.001
0.001	0.348	0.056	0.595
0.517	0.001	0.250	0.232
0.305	0.001	0.693	0.001
0.147	0.597	0.071	0.185
0.001	0.379	0.418	0.202
>SCTTTGAWGTYN	2-SCTTTGAWGTYN	8.635535	-133.045563	0	T:197.0(39.40%),B:5595.7(11.35%),P:1e-57	Tpos:403.0,Tstd:252.3,Bpos:363.4,Bstd:234.1,StrandBias:-0.1,Multiplicity:1.26
0.118	0.363	0.318	0.200
0.001	0.863	0.109	0.027
0.001	0.001	0.001	0.997
0.001	0.186	0.176	0.637
0.022	0.001	0.001	0.976
0.001	0.132	0.866	0.001
0.944	0.001	0.014	0.041
0.508	0.001	0.001	0.490
0.001	0.360	0.638	0.001
0.179	0.243	0.062	0.516
0.001	0.431	0.131	0.437
0.178	0.263	0.298	0.262
>CTTCAAAGCCTC	3-CTTCAAAGCCTC	8.235132	-65.840098	0	T:145.0(29.00%),B:5287.5(10.72%),P:1e-28	Tpos:370.1,Tstd:224.7,Bpos:372.9,Bstd:229.1,StrandBias:-0.1,Multiplicity:1.17
0.075	0.611	0.089	0.225
0.196	0.053	0.001	0.750
0.071	0.063	0.144	0.722
0.056	0.889	0.028	0.027
0.794	0.120	0.001	0.085
0.680	0.181	0.123	0.016
0.857	0.087	0.038	0.018
0.034	0.109	0.810	0.047
0.046	0.675	0.185	0.094
0.065	0.819	0.087	0.029
0.064	0.111	0.029	0.796
0.096	0.609	0.148	0.147
>AAGGTGTGAAAT	4-AAGGTGTGAAAT	7.984770	-64.636138	0	T:140.0(28.00%),B:5034.8(10.21%),P:1e-28	Tpos:381.7,Tstd:228.5,Bpos:365.2,Bstd:228.2,StrandBias:0.2,Multiplicity:1.13
0.610	0.043	0.278	0.069
0.758	0.006	0.167	0.069
0.217	0.021	0.639	0.123
0.132	0.109	0.733	0.026
0.137	0.013	0.071	0.779
0.029	0.070	0.869	0.032
0.135	0.017	0.149	0.699
0.063	0.124	0.607	0.206
0.929	0.007	0.042	0.022
0.541	0.186	0.250	0.023
0.560	0.120	0.141	0.179
0.268	0.032	0.234	0.466
>VTGCMATAAATC	5-VTGCMATAAATC	10.532012	-52.107374	0	T:36.0(7.20%),B:378.8(0.77%),P:1e-22	Tpos:373.0,Tstd:220.8,Bpos:364.8,Bstd:220.6,StrandBias:0.0,Multiplicity:1.00
0.319	0.343	0.337	0.001
0.183	0.001	0.001	0.815
0.061	0.152	0.753	0.034
0.088	0.681	0.001	0.230
0.473	0.471	0.001	0.055
0.830	0.001	0.061	0.108
0.001	0.001	0.281	0.717
0.927	0.001	0.071	0.001
0.997	0.001	0.001	0.001
0.997	0.001	0.001	0.001
0.001	0.001	0.001	0.997
0.086	0.609	0.001	0.304
>TGCTCTTTGAAG	6-TGCTCTTTGAAG	7.128477	-45.597283	0	T:263.0(52.60%),B:16027.8(32.51%),P:1e-19	Tpos:422.2,Tstd:261.8,Bpos:368.5,Bstd:231.6,StrandBias:-0.0,Multiplicity:1.32
0.093	0.026	0.107	0.774
0.071	0.093	0.716	0.120
0.076	0.737	0.079	0.108
0.102	0.103	0.043	0.752
0.056	0.761	0.088	0.095
0.089	0.092	0.012	0.807
0.028	0.116	0.123	0.733
0.145	0.049	0.058	0.748
0.101	0.059	0.790	0.050
0.755	0.084	0.068	0.093
0.742	0.019	0.125	0.114
0.111	0.082	0.687	0.120
>GACTTTGATCAG	7-GACTTTGATCAG	9.088495	-33.448067	0	T:55.0(11.00%),B:1564.3(3.17%),P:1e-14	Tpos:459.5,Tstd:235.0,Bpos:364.1,Bstd:227.8,StrandBias:0.2,Multiplicity:1.11
0.110	0.151	0.630	0.109
0.509	0.149	0.341	0.001
0.001	0.752	0.001	0.246
0.204	0.073	0.001	0.722
0.001	0.001	0.219	0.779
0.001	0.029	0.027	0.943
0.351	0.001	0.605	0.043
0.788	0.050	0.161	0.001
0.146	0.028	0.052	0.774
0.001	0.877	0.121	0.001
0.834	0.051	0.001	0.114
0.157	0.001	0.775	0.067
>TGACAGCTTTGA	8-TGACAGCTTTGA	9.295629	-30.051327	0	T:64.0(12.80%),B:2207.2(4.48%),P:1e-13	Tpos:373.5,Tstd:201.1,Bpos:373.6,Bstd:226.7,StrandBias:-0.0,Multiplicity:1.07
0.055	0.001	0.070	0.874
0.037	0.028	0.859	0.076
0.801	0.075	0.048	0.076
0.001	0.858	0.053	0.088
0.912	0.001	0.001	0.086
0.001	0.034	0.964	0.001
0.025	0.857	0.042	0.076
0.032	0.078	0.025	0.865
0.083	0.093	0.115	0.709
0.060	0.071	0.115	0.754
0.115	0.001	0.811	0.073
0.742	0.085	0.068	0.105
>GCCAAATGGCCT	9-GCCAAATGGCCT	13.124788	-28.960209	0	T:12.0(2.40%),B:49.5(0.10%),P:1e-12	Tpos:391.5,Tstd:314.8,Bpos:349.7,Bstd:169.0,StrandBias:0.5,Multiplicity:1.00
0.001	0.001	0.997	0.001
0.107	0.891	0.001	0.001
0.001	0.997	0.001	0.001
0.997	0.001	0.001	0.001
0.877	0.121	0.001	0.001
0.997	0.001	0.001	0.001
0.001	0.001	0.001	0.997
0.001	0.001	0.997	0.001
0.001	0.214	0.784	0.001
0.001	0.997	0.001	0.001
0.183	0.815	0.001	0.001
0.001	0.001	0.001	0.997
>GGCTTCTGAAGG	10-GGCTTCTGAAGG	10.692135	-28.271361	0	T:30.0(6.00%),B:568.4(1.15%),P:1e-12	Tpos:397.0,Tstd:170.1,Bpos:357.4,Bstd:227.6,StrandBias:0.3,Multiplicity:1.07
0.001	0.001	0.997	0.001
0.001	0.122	0.876	0.001
0.122	0.826	0.051	0.001
0.097	0.001	0.001	0.901
0.204	0.001	0.001	0.794
0.001	0.821	0.001	0.177
0.398	0.001	0.001	0.600
0.267	0.001	0.731	0.001
0.839	0.001	0.001	0.159
0.997	0.001	0.001	0.001
0.001	0.001	0.997	0.001
0.001	0.237	0.480	0.282
>GGAAGTGTGAAG	11-GGAAGTGTGAAG	8.645769	-28.164559	0	T:106.0(21.20%),B:5070.3(10.28%),P:1e-12	Tpos:392.9,Tstd:241.7,Bpos:373.4,Bstd:233.1,StrandBias:0.3,Multiplicity:1.14
0.312	0.085	0.581	0.022
0.140	0.187	0.558	0.115
0.559	0.241	0.121	0.079
0.546	0.083	0.182	0.189
0.062	0.094	0.843	0.001
0.100	0.025	0.034	0.841
0.001	0.001	0.997	0.001
0.043	0.001	0.210	0.746
0.059	0.116	0.746	0.079
0.927	0.011	0.001	0.061
0.907	0.001	0.091	0.001
0.001	0.074	0.924	0.001
>RAGTTTCYCAGG	12-RAGTTTCYCAGG	9.331798	-28.082641	0	T:56.0(11.20%),B:1846.2(3.74%),P:1e-12	Tpos:419.1,Tstd:279.8,Bpos:369.0,Bstd:222.8,StrandBias:0.0,Multiplicity:1.05
0.364	0.214	0.421	0.001
0.555	0.001	0.255	0.189
0.001	0.177	0.736	0.086
0.118	0.218	0.001	0.663
0.001	0.001	0.245	0.753
0.224	0.001	0.117	0.658
0.001	0.692	0.135	0.172
0.149	0.493	0.001	0.358
0.190	0.808	0.001	0.001
0.789	0.001	0.001	0.209
0.009	0.001	0.989	0.001
0.275	0.160	0.564	0.001
>CCTTTTGAAGTT	13-CCTTTTGAAGTT	8.899297	-26.677553	0	T:65.0(13.00%),B:2447.1(4.96%),P:1e-11	Tpos:365.8,Tstd:255.7,Bpos:373.2,Bstd:234.5,StrandBias:-0.2,Multiplicity:1.04
0.062	0.731	0.041	0.166
0.088	0.789	0.075	0.048
0.028	0.032	0.001	0.939
0.001	0.022	0.080	0.897
0.001	0.067	0.061	0.871
0.078	0.001	0.028	0.893
0.050	0.077	0.845	0.028
0.809	0.043	0.001	0.147
0.825	0.001	0.025	0.149
0.125	0.104	0.680	0.091
0.093	0.003	0.001	0.903
0.042	0.060	0.075	0.823
>CTTCCTGACACC	14-CTTCCTGACACC	9.855015	-26.162939	0	T:54.0(10.80%),B:1825.1(3.70%),P:1e-11	Tpos:344.9,Tstd:225.2,Bpos:373.4,Bstd:229.4,StrandBias:0.2,Multiplicity:1.08
0.041	0.880	0.001	0.078
0.025	0.126	0.054	0.795
0.002	0.079	0.140	0.779
0.025	0.929	0.026	0.020
0.032	0.780	0.109	0.079
0.097	0.054	0.001	0.848
0.027	0.061	0.899	0.013
0.717	0.114	0.085	0.084
0.043	0.902	0.054	0.001
0.901	0.001	0.001	0.097
0.070	0.816	0.057	0.057
0.107	0.764	0.001	0.128
>AGGGGACTATGG	15-AGGGGACTATGG	13.439677	-25.449126	0	T:9.0(1.80%),B:25.4(0.05%),P:1e-11	Tpos:350.7,Tstd:193.2,Bpos:276.8,Bstd:200.6,StrandBias:0.3,Multiplicity:1.00
0.997	0.001	0.001	0.001
0.001	0.001	0.997	0.001
0.001	0.001	0.997	0.001
0.001	0.001	0.997	0.001
0.001	0.001	0.997	0.001
0.997	0.001	0.001	0.001
0.001	0.997	0.001	0.001
0.001	0.001	0.001	0.997
0.997	0.001	0.001	0.001
0.001	0.001	0.001	0.997
0.185	0.001	0.813	0.001
0.228	0.001	0.770	0.001
>CAKGGTGCCTCT	16-CAKGGTGCCTCT	12.619171	-22.080227	0	T:13.0(2.60%),B:112.0(0.23%),P:1e-9	Tpos:304.7,Tstd:160.5,Bpos:375.6,Bstd:226.5,StrandBias:-0.2,Multiplicity:1.00
0.001	0.878	0.120	0.001
0.997	0.001	0.001	0.001
0.001	0.001	0.518	0.480
0.134	0.001	0.864	0.001
0.001	0.156	0.842	0.001
0.001	0.203	0.265	0.531
0.001	0.001	0.997	0.001
0.001	0.997	0.001	0.001
0.001	0.997	0.001	0.001
0.076	0.265	0.001	0.658
0.001	0.854	0.001	0.144
0.001	0.001	0.001	0.997
>ATCAATAGCTTT	17-ATCAATAGCTTT	9.603862	-21.088844	0	T:12.0(2.40%),B:98.2(0.20%),P:1e-9	Tpos:398.2,Tstd:150.5,Bpos:376.5,Bstd:229.0,StrandBias:-1.2,Multiplicity:1.00
0.997	0.001	0.001	0.001
0.001	0.001	0.001	0.997
0.191	0.807	0.001	0.001
0.997	0.001	0.001	0.001
0.997	0.001	0.001	0.001
0.001	0.001	0.001	0.997
0.791	0.158	0.001	0.050
0.191	0.001	0.807	0.001
0.001	0.997	0.001	0.001
0.001	0.001	0.001	0.997
0.001	0.001	0.001	0.997
0.001	0.001	0.157	0.841
>ACAACCAGAGGC	18-ACAACCAGAGGC	14.374069	-18.092583	0	T:5.0(1.00%),B:7.3(0.01%),P:1e-7	Tpos:436.8,Tstd:121.2,Bpos:270.3,Bstd:148.1,StrandBias:2.0,Multiplicity:1.00
0.920	0.078	0.001	0.001
0.178	0.750	0.071	0.001
0.997	0.001	0.001	0.001
0.611	0.127	0.066	0.196
0.001	0.856	0.001	0.142
0.001	0.997	0.001	0.001
0.832	0.001	0.001	0.166
0.165	0.001	0.833	0.001
0.904	0.001	0.094	0.001
0.001	0.001	0.808	0.190
0.065	0.001	0.933	0.001
0.279	0.615	0.001	0.105
>GTCATCAGAAAC	19-GTCATCAGAAAC	15.135984	-16.852713	0	T:5.0(1.00%),B:9.8(0.02%),P:1e-7	Tpos:241.8,Tstd:136.0,Bpos:358.1,Bstd:180.9,StrandBias:0.6,Multiplicity:1.00
0.001	0.001	0.997	0.001
0.001	0.001	0.001	0.997
0.270	0.728	0.001	0.001
0.997	0.001	0.001	0.001
0.146	0.001	0.001	0.852
0.001	0.997	0.001	0.001
0.997	0.001	0.001	0.001
0.001	0.001	0.997	0.001
0.997	0.001	0.001	0.001
0.997	0.001	0.001	0.001
0.997	0.001	0.001	0.001
0.001	0.997	0.001	0.001
>AGCTGAGCTGAG	20-AGCTGAGCTGAG	13.766104	-14.957487	0	T:11.0(2.20%),B:141.7(0.29%),P:1e-6	Tpos:441.2,Tstd:230.1,Bpos:376.0,Bstd:233.9,StrandBias:-1.2,Multiplicity:1.00
0.997	0.001	0.001	0.001
0.001	0.001	0.997	0.001
0.001	0.997	0.001	0.001
0.001	0.001	0.001	0.997
0.001	0.001	0.997	0.001
0.889	0.001	0.109	0.001
0.001	0.001	0.997	0.001
0.112	0.886	0.001	0.001
0.001	0.001	0.001	0.997
0.001	0.001	0.997	0.001
0.836	0.001	0.089	0.074
0.001	0.001	0.997	0.001
>TGAMASTSTTCC	21-TGAMASTSTTCC	11.216793	-14.896078	0	T:21.0(4.20%),B:547.4(1.11%),P:1e-6	Tpos:394.8,Tstd:222.6,Bpos:376.1,Bstd:223.2,StrandBias:-0.2,Multiplicity:1.14
0.001	0.001	0.011	0.987
0.001	0.001	0.817	0.181
0.997	0.001	0.001	0.001
0.438	0.560	0.001	0.001
0.997	0.001	0.001	0.001
0.001	0.402	0.429	0.168
0.001	0.120	0.001	0.878
0.001	0.490	0.505	0.004
0.001	0.006	0.001	0.992
0.001	0.239	0.001	0.759
0.001	0.846	0.001	0.152
0.125	0.580	0.001	0.294
>CCTGCAGGGGAA	22-CCTGCAGGGGAA	8.463612	-14.165176	0	T:85.0(17.00%),B:4886.9(9.91%),P:1e-6	Tpos:390.1,Tstd:233.1,Bpos:369.4,Bstd:224.8,StrandBias:0.2,Multiplicity:1.07
0.100	0.700	0.100	0.100
0.100	0.700	0.100	0.100
0.100	0.100	0.100	0.700
0.100	0.100	0.700	0.100
0.100	0.700	0.100	0.100
0.700	0.100	0.100	0.100
0.100	0.100	0.700	0.100
0.100	0.100	0.700	0.100
0.100	0.100	0.700	0.100
0.100	0.100	0.700	0.100
0.700	0.100	0.100	0.100
0.700	0.100	0.100	0.100
>CCAAATGTGACA	23-CCAAATGTGACA	8.463612	-13.642362	0	T:64.0(12.80%),B:3363.1(6.82%),P:1e-5	Tpos:438.3,Tstd:287.4,Bpos:365.2,Bstd:220.7,StrandBias:0.5,Multiplicity:1.12
0.100	0.700	0.100	0.100
0.100	0.700	0.100	0.100
0.700	0.100	0.100	0.100
0.700	0.100	0.100	0.100
0.700	0.100	0.100	0.100
0.100	0.100	0.100	0.700
0.100	0.100	0.700	0.100
0.100	0.100	0.100	0.700
0.100	0.100	0.700	0.100
0.700	0.100	0.100	0.100
0.100	0.700	0.100	0.100
0.700	0.100	0.100	0.100
>TAGAGCTGCATA	24-TAGAGCTGCATA	11.659724	-12.379427	0	T:9.0(1.80%),B:117.9(0.24%),P:1e-5	Tpos:298.4,Tstd:175.5,Bpos:361.5,Bstd:222.5,StrandBias:0.8,Multiplicity:1.22
0.001	0.157	0.288	0.554
0.708	0.290	0.001	0.001
0.001	0.049	0.949	0.001
0.997	0.001	0.001	0.001
0.001	0.001	0.748	0.250
0.299	0.699	0.001	0.001
0.052	0.251	0.001	0.696
0.001	0.197	0.801	0.001
0.001	0.873	0.001	0.125
0.997	0.001	0.001	0.001
0.299	0.001	0.001	0.699
0.997	0.001	0.001	0.001
>TATCTAAACAGT	25-TATCTAAACAGT	12.355432	-9.884306	0	T:2.0(0.40%),B:1.9(0.00%),P:1e-4	Tpos:347.3,Tstd:23.3,Bpos:461.3,Bstd:127.6,StrandBias:10.0,Multiplicity:1.50
0.100	0.100	0.100	0.700
0.700	0.100	0.100	0.100
0.100	0.100	0.100	0.700
0.100	0.700	0.100	0.100
0.100	0.100	0.100	0.700
0.700	0.100	0.100	0.100
0.700	0.100	0.100	0.100
0.700	0.100	0.100	0.100
0.100	0.700	0.100	0.100
0.700	0.100	0.100	0.100
0.100	0.100	0.700	0.100
0.100	0.100	0.100	0.700
>CTTCAAAG	1-CTTCAAAG	8.009771	-137.081048	0	T:219.0(43.80%),B:6756.1(13.70%),P:1e-59	Tpos:397.2,Tstd:228.1,Bpos:363.1,Bstd:235.4,StrandBias:-0.1,Multiplicity:1.33
0.001	0.840	0.158	0.001
0.296	0.001	0.001	0.702
0.001	0.001	0.001	0.997
0.001	0.997	0.001	0.001
0.997	0.001	0.001	0.001
0.997	0.001	0.001	0.001
0.997	0.001	0.001	0.001
0.001	0.001	0.997	0.001
>GATTTACR	2-GATTTACR	8.860568	-112.277592	0	T:134.0(26.80%),B:2952.9(5.99%),P:1e-48	Tpos:395.0,Tstd:217.0,Bpos:370.8,Bstd:219.3,StrandBias:0.2,Multiplicity:1.17
0.001	0.001	0.997	0.001
0.992	0.001	0.006	0.001
0.001	0.001	0.011	0.987
0.007	0.001	0.001	0.991
0.001	0.001	0.001	0.997
0.953	0.001	0.045	0.001
0.001	0.704	0.001	0.294
0.434	0.001	0.398	0.167
>CTTTGATC	3-CTTTGATC	8.394629	-76.381112	0	T:216.0(43.20%),B:9572.8(19.41%),P:1e-33	Tpos:391.6,Tstd:270.9,Bpos:369.2,Bstd:222.9,StrandBias:-0.2,Multiplicity:1.20
0.001	0.997	0.001	0.001
0.001	0.001	0.001	0.997
0.001	0.273	0.158	0.568
0.001	0.001	0.001	0.997
0.001	0.373	0.625	0.001
0.997	0.001	0.001	0.001
0.001	0.001	0.001	0.997
0.001	0.805	0.001	0.193
>GGTGTCAA	4-GGTGTCAA	6.804738	-66.781374	0	T:320.0(64.00%),B:19197.1(38.93%),P:1e-29	Tpos:378.2,Tstd:249.1,Bpos:368.3,Bstd:227.5,StrandBias:0.3,Multiplicity:1.65
0.209	0.211	0.579	0.001
0.001	0.209	0.783	0.007
0.008	0.072	0.001	0.919
0.001	0.001	0.997	0.001
0.001	0.001	0.001	0.997
0.111	0.472	0.260	0.158
0.997	0.001	0.001	0.001
0.475	0.211	0.313	0.001
>ATTTATTG	5-ATTTATTG	7.809741	-54.105663	0	T:120.0(24.00%),B:4330.7(8.78%),P:1e-23	Tpos:378.4,Tstd:234.3,Bpos:373.7,Bstd:219.0,StrandBias:0.2,Multiplicity:1.08
0.997	0.001	0.001	0.001
0.001	0.060	0.001	0.938
0.118	0.001	0.001	0.880
0.001	0.001	0.001	0.997
0.997	0.001	0.001	0.001
0.001	0.001	0.001	0.997
0.159	0.001	0.117	0.723
0.001	0.001	0.997	0.001
>TTCAAAGG	6-TTCAAAGG	7.667466	-45.962819	0	T:172.0(34.40%),B:8454.1(17.15%),P:1e-19	Tpos:404.6,Tstd:245.1,Bpos:367.5,Bstd:228.6,StrandBias:0.1,Multiplicity:1.23
0.001	0.128	0.037	0.834
0.145	0.001	0.051	0.803
0.080	0.851	0.050	0.019
0.945	0.001	0.012	0.042
0.936	0.046	0.001	0.017
0.930	0.006	0.041	0.023
0.235	0.001	0.763	0.001
0.028	0.001	0.970	0.001
>GGTGACAA	7-GGTGACAA	7.391448	-25.898422	0	T:160.0(32.00%),B:9440.2(19.15%),P:1e-11	Tpos:430.2,Tstd:279.0,Bpos:366.4,Bstd:227.2,StrandBias:-0.1,Multiplicity:1.17
0.212	0.019	0.768	0.001
0.001	0.001	0.997	0.001
0.066	0.001	0.033	0.900
0.001	0.001	0.997	0.001
0.945	0.053	0.001	0.001
0.001	0.767	0.054	0.178
0.940	0.001	0.058	0.001
0.721	0.001	0.148	0.130
>CAWWTGGC	8-CAWWTGGC	8.791266	-21.395393	0	T:94.0(18.80%),B:4798.1(9.73%),P:1e-9	Tpos:369.3,Tstd:257.1,Bpos:366.0,Bstd:222.8,StrandBias:0.2,Multiplicity:1.13
0.001	0.997	0.001	0.001
0.997	0.001	0.001	0.001
0.509	0.001	0.001	0.489
0.538	0.001	0.001	0.460
0.001	0.001	0.001	0.997
0.001	0.001	0.997	0.001
0.001	0.001	0.626	0.372
0.001	0.997	0.001	0.001
>TCTGAAGT	9-TCTGAAGT	8.522866	-21.233337	0	T:135.0(27.00%),B:7971.4(16.17%),P:1e-9	Tpos:384.3,Tstd:256.2,Bpos:364.6,Bstd:229.9,StrandBias:0.2,Multiplicity:1.13
0.001	0.001	0.001	0.997
0.001	0.773	0.225	0.001
0.001	0.001	0.008	0.990
0.001	0.001	0.997	0.001
0.997	0.001	0.001	0.001
0.832	0.044	0.001	0.123
0.001	0.001	0.997	0.001
0.001	0.001	0.173	0.825
>CAGCAGGG	10-CAGCAGGG	8.606381	-20.882558	0	T:154.0(30.80%),B:9570.9(19.41%),P:1e-9	Tpos:413.3,Tstd:248.6,Bpos:371.6,Bstd:230.9,StrandBias:-0.1,Multiplicity:1.22
0.001	0.863	0.135	0.001
0.841	0.001	0.157	0.001
0.001	0.001	0.997	0.001
0.001	0.997	0.001	0.001
0.997	0.001	0.001	0.001
0.001	0.052	0.946	0.001
0.001	0.001	0.997	0.001
0.212	0.001	0.786	0.001
>GCTTCCCA	11-GCTTCCCA	9.972708	-20.077885	0	T:89.0(17.80%),B:4557.1(9.24%),P:1e-8	Tpos:439.8,Tstd:270.3,Bpos:370.5,Bstd:226.9,StrandBias:-0.5,Multiplicity:1.08
0.001	0.001	0.997	0.001
0.001	0.664	0.001	0.334
0.001	0.001	0.001	0.997
0.001	0.001	0.001	0.997
0.001	0.997	0.001	0.001
0.001	0.997	0.001	0.001
0.001	0.997	0.001	0.001
0.997	0.001	0.001	0.001
>VTGTKAVN	12-VTGTKAVN	5.748636	-19.494114	0	T:89.0(17.80%),B:4613.6(9.36%),P:1e-8	Tpos:393.7,Tstd:264.5,Bpos:368.5,Bstd:220.9,StrandBias:0.3,Multiplicity:1.14
0.263	0.289	0.359	0.089
0.127	0.147	0.069	0.657
0.010	0.084	0.672	0.234
0.010	0.069	0.028	0.893
0.180	0.123	0.275	0.422
0.975	0.005	0.001	0.019
0.231	0.246	0.354	0.170
0.233	0.282	0.317	0.168
>CGCTCCGA	13-CGCTCCGA	7.459692	-17.952787	0	T:56.0(11.20%),B:2436.2(4.94%),P:1e-7	Tpos:385.6,Tstd:247.1,Bpos:365.9,Bstd:222.5,StrandBias:-0.8,Multiplicity:1.05
0.001	0.916	0.001	0.082
0.152	0.108	0.583	0.157
0.001	0.997	0.001	0.001
0.001	0.001	0.001	0.997
0.001	0.997	0.001	0.001
0.134	0.751	0.001	0.114
0.152	0.100	0.747	0.001
0.997	0.001	0.001	0.001
>TGGCGCCT	14-TGGCGCCT	8.119059	-14.488904	0	T:64.0(12.80%),B:3279.9(6.65%),P:1e-6	Tpos:395.7,Tstd:223.6,Bpos:365.1,Bstd:224.1,StrandBias:-0.2,Multiplicity:1.10
0.001	0.001	0.331	0.667
0.019	0.001	0.979	0.001
0.001	0.001	0.658	0.340
0.001	0.997	0.001	0.001
0.259	0.001	0.739	0.001
0.001	0.665	0.001	0.333
0.001	0.997	0.001	0.001
0.001	0.046	0.001	0.952
>GCTTTGCT	15-GCTTTGCT	8.221466	-12.936307	0	T:131.0(26.20%),B:8814.1(17.88%),P:1e-5	Tpos:403.1,Tstd:267.8,Bpos:372.9,Bstd:232.0,StrandBias:-0.3,Multiplicity:1.23
0.001	0.001	0.997	0.001
0.356	0.642	0.001	0.001
0.001	0.001	0.011	0.987
0.001	0.001	0.001	0.997
0.001	0.042	0.001	0.956
0.001	0.279	0.719	0.001
0.001	0.620	0.013	0.366
0.025	0.001	0.328	0.646
