>CTTCAAAG	1-CTTCAAAG	8.009771	-137.081048	0	T:219.0(43.80%),B:6756.1(13.70%),P:1e-59	Tpos:397.2,Tstd:228.1,Bpos:363.1,Bstd:235.4,StrandBias:-0.1,Multiplicity:1.33
0.001	0.840	0.158	0.001
0.296	0.001	0.001	0.702
0.001	0.001	0.001	0.997
0.001	0.997	0.001	0.001
0.997	0.001	0.001	0.001
0.997	0.001	0.001	0.001
0.997	0.001	0.001	0.001
0.001	0.001	0.997	0.001
>GATTTACR	2-GATTTACR	8.860568	-112.277592	0	T:134.0(26.80%),B:2952.9(5.99%),P:1e-48	Tpos:395.0,Tstd:217.0,Bpos:370.8,Bstd:219.3,StrandBias:0.2,Multiplicity:1.17
0.001	0.001	0.997	0.001
0.992	0.001	0.006	0.001
0.001	0.001	0.011	0.987
0.007	0.001	0.001	0.991
0.001	0.001	0.001	0.997
0.953	0.001	0.045	0.001
0.001	0.704	0.001	0.294
0.434	0.001	0.398	0.167
>CTTTGATC	3-CTTTGATC	8.394629	-76.381112	0	T:216.0(43.20%),B:9572.8(19.41%),P:1e-33	Tpos:391.6,Tstd:270.9,Bpos:369.2,Bstd:222.9,StrandBias:-0.2,Multiplicity:1.20
0.001	0.997	0.001	0.001
0.001	0.001	0.001	0.997
0.001	0.273	0.158	0.568
0.001	0.001	0.001	0.997
0.001	0.373	0.625	0.001
0.997	0.001	0.001	0.001
0.001	0.001	0.001	0.997
0.001	0.805	0.001	0.193
>GGTGTCAA	4-GGTGTCAA	6.804738	-66.781374	0	T:320.0(64.00%),B:19197.1(38.93%),P:1e-29	Tpos:378.2,Tstd:249.1,Bpos:368.3,Bstd:227.5,StrandBias:0.3,Multiplicity:1.65
0.209	0.211	0.579	0.001
0.001	0.209	0.783	0.007
0.008	0.072	0.001	0.919
0.001	0.001	0.997	0.001
0.001	0.001	0.001	0.997
0.111	0.472	0.260	0.158
0.997	0.001	0.001	0.001
0.475	0.211	0.313	0.001
>ATTTATTG	5-ATTTATTG	7.809741	-54.105663	0	T:120.0(24.00%),B:4330.7(8.78%),P:1e-23	Tpos:378.4,Tstd:234.3,Bpos:373.7,Bstd:219.0,StrandBias:0.2,Multiplicity:1.08
0.997	0.001	0.001	0.001
0.001	0.060	0.001	0.938
0.118	0.001	0.001	0.880
0.001	0.001	0.001	0.997
0.997	0.001	0.001	0.001
0.001	0.001	0.001	0.997
0.159	0.001	0.117	0.723
0.001	0.001	0.997	0.001
>TTCAAAGG	6-TTCAAAGG	7.667466	-45.962819	0	T:172.0(34.40%),B:8454.1(17.15%),P:1e-19	Tpos:404.6,Tstd:245.1,Bpos:367.5,Bstd:228.6,StrandBias:0.1,Multiplicity:1.23
0.001	0.128	0.037	0.834
0.145	0.001	0.051	0.803
0.080	0.851	0.050	0.019
0.945	0.001	0.012	0.042
0.936	0.046	0.001	0.017
0.930	0.006	0.041	0.023
0.235	0.001	0.763	0.001
0.028	0.001	0.970	0.001
>GGTGACAA	7-GGTGACAA	7.391448	-25.898422	0	T:160.0(32.00%),B:9440.2(19.15%),P:1e-11	Tpos:430.2,Tstd:279.0,Bpos:366.4,Bstd:227.2,StrandBias:-0.1,Multiplicity:1.17
0.212	0.019	0.768	0.001
0.001	0.001	0.997	0.001
0.066	0.001	0.033	0.900
0.001	0.001	0.997	0.001
0.945	0.053	0.001	0.001
0.001	0.767	0.054	0.178
0.940	0.001	0.058	0.001
0.721	0.001	0.148	0.130
>CAWWTGGC	8-CAWWTGGC	8.791266	-21.395393	0	T:94.0(18.80%),B:4798.1(9.73%),P:1e-9	Tpos:369.3,Tstd:257.1,Bpos:366.0,Bstd:222.8,StrandBias:0.2,Multiplicity:1.13
0.001	0.997	0.001	0.001
0.997	0.001	0.001	0.001
0.509	0.001	0.001	0.489
0.538	0.001	0.001	0.460
0.001	0.001	0.001	0.997
0.001	0.001	0.997	0.001
0.001	0.001	0.626	0.372
0.001	0.997	0.001	0.001
>TCTGAAGT	9-TCTGAAGT	8.522866	-21.233337	0	T:135.0(27.00%),B:7971.4(16.17%),P:1e-9	Tpos:384.3,Tstd:256.2,Bpos:364.6,Bstd:229.9,StrandBias:0.2,Multiplicity:1.13
0.001	0.001	0.001	0.997
0.001	0.773	0.225	0.001
0.001	0.001	0.008	0.990
0.001	0.001	0.997	0.001
0.997	0.001	0.001	0.001
0.832	0.044	0.001	0.123
0.001	0.001	0.997	0.001
0.001	0.001	0.173	0.825
>CAGCAGGG	10-CAGCAGGG	8.606381	-20.882558	0	T:154.0(30.80%),B:9570.9(19.41%),P:1e-9	Tpos:413.3,Tstd:248.6,Bpos:371.6,Bstd:230.9,StrandBias:-0.1,Multiplicity:1.22
0.001	0.863	0.135	0.001
0.841	0.001	0.157	0.001
0.001	0.001	0.997	0.001
0.001	0.997	0.001	0.001
0.997	0.001	0.001	0.001
0.001	0.052	0.946	0.001
0.001	0.001	0.997	0.001
0.212	0.001	0.786	0.001
>GCTTCCCA	11-GCTTCCCA	9.972708	-20.077885	0	T:89.0(17.80%),B:4557.1(9.24%),P:1e-8	Tpos:439.8,Tstd:270.3,Bpos:370.5,Bstd:226.9,StrandBias:-0.5,Multiplicity:1.08
0.001	0.001	0.997	0.001
0.001	0.664	0.001	0.334
0.001	0.001	0.001	0.997
0.001	0.001	0.001	0.997
0.001	0.997	0.001	0.001
0.001	0.997	0.001	0.001
0.001	0.997	0.001	0.001
0.997	0.001	0.001	0.001
>VTGTKAVN	12-VTGTKAVN	5.748636	-19.494114	0	T:89.0(17.80%),B:4613.6(9.36%),P:1e-8	Tpos:393.7,Tstd:264.5,Bpos:368.5,Bstd:220.9,StrandBias:0.3,Multiplicity:1.14
0.263	0.289	0.359	0.089
0.127	0.147	0.069	0.657
0.010	0.084	0.672	0.234
0.010	0.069	0.028	0.893
0.180	0.123	0.275	0.422
0.975	0.005	0.001	0.019
0.231	0.246	0.354	0.170
0.233	0.282	0.317	0.168
>CGCTCCGA	13-CGCTCCGA	7.459692	-17.952787	0	T:56.0(11.20%),B:2436.2(4.94%),P:1e-7	Tpos:385.6,Tstd:247.1,Bpos:365.9,Bstd:222.5,StrandBias:-0.8,Multiplicity:1.05
0.001	0.916	0.001	0.082
0.152	0.108	0.583	0.157
0.001	0.997	0.001	0.001
0.001	0.001	0.001	0.997
0.001	0.997	0.001	0.001
0.134	0.751	0.001	0.114
0.152	0.100	0.747	0.001
0.997	0.001	0.001	0.001
>TGGCGCCT	14-TGGCGCCT	8.119059	-14.488904	0	T:64.0(12.80%),B:3279.9(6.65%),P:1e-6	Tpos:395.7,Tstd:223.6,Bpos:365.1,Bstd:224.1,StrandBias:-0.2,Multiplicity:1.10
0.001	0.001	0.331	0.667
0.019	0.001	0.979	0.001
0.001	0.001	0.658	0.340
0.001	0.997	0.001	0.001
0.259	0.001	0.739	0.001
0.001	0.665	0.001	0.333
0.001	0.997	0.001	0.001
0.001	0.046	0.001	0.952
>GCTTTGCT	15-GCTTTGCT	8.221466	-12.936307	0	T:131.0(26.20%),B:8814.1(17.88%),P:1e-5	Tpos:403.1,Tstd:267.8,Bpos:372.9,Bstd:232.0,StrandBias:-0.3,Multiplicity:1.23
0.001	0.001	0.997	0.001
0.356	0.642	0.001	0.001
0.001	0.001	0.011	0.987
0.001	0.001	0.001	0.997
0.001	0.042	0.001	0.956
0.001	0.279	0.719	0.001
0.001	0.620	0.013	0.366
0.025	0.001	0.328	0.646
