>WGATTTATAGCS	1-WGATTTATAGCS	8.848387	-139.296684	0	T:116.0(23.20%),B:1651.4(3.35%),P:1e-60	Tpos:415.5,Tstd:216.4,Bpos:377.1,Bstd:218.0,StrandBias:0.3,Multiplicity:1.15
0.386	0.001	0.099	0.514
0.001	0.001	0.817	0.181
0.929	0.069	0.001	0.001
0.001	0.001	0.056	0.942
0.001	0.069	0.001	0.929
0.001	0.001	0.001	0.997
0.997	0.001	0.001	0.001
0.001	0.348	0.056	0.595
0.517	0.001	0.250	0.232
0.305	0.001	0.693	0.001
0.147	0.597	0.071	0.185
0.001	0.379	0.418	0.202
>SCTTTGAWGTYN	2-SCTTTGAWGTYN	8.635535	-133.045563	0	T:197.0(39.40%),B:5595.7(11.35%),P:1e-57	Tpos:403.0,Tstd:252.3,Bpos:363.4,Bstd:234.1,StrandBias:-0.1,Multiplicity:1.26
0.118	0.363	0.318	0.200
0.001	0.863	0.109	0.027
0.001	0.001	0.001	0.997
0.001	0.186	0.176	0.637
0.022	0.001	0.001	0.976
0.001	0.132	0.866	0.001
0.944	0.001	0.014	0.041
0.508	0.001	0.001	0.490
0.001	0.360	0.638	0.001
0.179	0.243	0.062	0.516
0.001	0.431	0.131	0.437
0.178	0.263	0.298	0.262
>CTTCAAAGCCTC	3-CTTCAAAGCCTC	8.235132	-65.840098	0	T:145.0(29.00%),B:5287.5(10.72%),P:1e-28	Tpos:370.1,Tstd:224.7,Bpos:372.9,Bstd:229.1,StrandBias:-0.1,Multiplicity:1.17
0.075	0.611	0.089	0.225
0.196	0.053	0.001	0.750
0.071	0.063	0.144	0.722
0.056	0.889	0.028	0.027
0.794	0.120	0.001	0.085
0.680	0.181	0.123	0.016
0.857	0.087	0.038	0.018
0.034	0.109	0.810	0.047
0.046	0.675	0.185	0.094
0.065	0.819	0.087	0.029
0.064	0.111	0.029	0.796
0.096	0.609	0.148	0.147
>AAGGTGTGAAAT	4-AAGGTGTGAAAT	7.984770	-64.636138	0	T:140.0(28.00%),B:5034.8(10.21%),P:1e-28	Tpos:381.7,Tstd:228.5,Bpos:365.2,Bstd:228.2,StrandBias:0.2,Multiplicity:1.13
0.610	0.043	0.278	0.069
0.758	0.006	0.167	0.069
0.217	0.021	0.639	0.123
0.132	0.109	0.733	0.026
0.137	0.013	0.071	0.779
0.029	0.070	0.869	0.032
0.135	0.017	0.149	0.699
0.063	0.124	0.607	0.206
0.929	0.007	0.042	0.022
0.541	0.186	0.250	0.023
0.560	0.120	0.141	0.179
0.268	0.032	0.234	0.466
>VTGCMATAAATC	5-VTGCMATAAATC	10.532012	-52.107374	0	T:36.0(7.20%),B:378.8(0.77%),P:1e-22	Tpos:373.0,Tstd:220.8,Bpos:364.8,Bstd:220.6,StrandBias:0.0,Multiplicity:1.00
0.319	0.343	0.337	0.001
0.183	0.001	0.001	0.815
0.061	0.152	0.753	0.034
0.088	0.681	0.001	0.230
0.473	0.471	0.001	0.055
0.830	0.001	0.061	0.108
0.001	0.001	0.281	0.717
0.927	0.001	0.071	0.001
0.997	0.001	0.001	0.001
0.997	0.001	0.001	0.001
0.001	0.001	0.001	0.997
0.086	0.609	0.001	0.304
>TGCTCTTTGAAG	6-TGCTCTTTGAAG	7.128477	-45.597283	0	T:263.0(52.60%),B:16027.8(32.51%),P:1e-19	Tpos:422.2,Tstd:261.8,Bpos:368.5,Bstd:231.6,StrandBias:-0.0,Multiplicity:1.32
0.093	0.026	0.107	0.774
0.071	0.093	0.716	0.120
0.076	0.737	0.079	0.108
0.102	0.103	0.043	0.752
0.056	0.761	0.088	0.095
0.089	0.092	0.012	0.807
0.028	0.116	0.123	0.733
0.145	0.049	0.058	0.748
0.101	0.059	0.790	0.050
0.755	0.084	0.068	0.093
0.742	0.019	0.125	0.114
0.111	0.082	0.687	0.120
>GACTTTGATCAG	7-GACTTTGATCAG	9.088495	-33.448067	0	T:55.0(11.00%),B:1564.3(3.17%),P:1e-14	Tpos:459.5,Tstd:235.0,Bpos:364.1,Bstd:227.8,StrandBias:0.2,Multiplicity:1.11
0.110	0.151	0.630	0.109
0.509	0.149	0.341	0.001
0.001	0.752	0.001	0.246
0.204	0.073	0.001	0.722
0.001	0.001	0.219	0.779
0.001	0.029	0.027	0.943
0.351	0.001	0.605	0.043
0.788	0.050	0.161	0.001
0.146	0.028	0.052	0.774
0.001	0.877	0.121	0.001
0.834	0.051	0.001	0.114
0.157	0.001	0.775	0.067
>TGACAGCTTTGA	8-TGACAGCTTTGA	9.295629	-30.051327	0	T:64.0(12.80%),B:2207.2(4.48%),P:1e-13	Tpos:373.5,Tstd:201.1,Bpos:373.6,Bstd:226.7,StrandBias:-0.0,Multiplicity:1.07
0.055	0.001	0.070	0.874
0.037	0.028	0.859	0.076
0.801	0.075	0.048	0.076
0.001	0.858	0.053	0.088
0.912	0.001	0.001	0.086
0.001	0.034	0.964	0.001
0.025	0.857	0.042	0.076
0.032	0.078	0.025	0.865
0.083	0.093	0.115	0.709
0.060	0.071	0.115	0.754
0.115	0.001	0.811	0.073
0.742	0.085	0.068	0.105
>GCCAAATGGCCT	9-GCCAAATGGCCT	13.124788	-28.960209	0	T:12.0(2.40%),B:49.5(0.10%),P:1e-12	Tpos:391.5,Tstd:314.8,Bpos:349.7,Bstd:169.0,StrandBias:0.5,Multiplicity:1.00
0.001	0.001	0.997	0.001
0.107	0.891	0.001	0.001
0.001	0.997	0.001	0.001
0.997	0.001	0.001	0.001
0.877	0.121	0.001	0.001
0.997	0.001	0.001	0.001
0.001	0.001	0.001	0.997
0.001	0.001	0.997	0.001
0.001	0.214	0.784	0.001
0.001	0.997	0.001	0.001
0.183	0.815	0.001	0.001
0.001	0.001	0.001	0.997
>GGCTTCTGAAGG	10-GGCTTCTGAAGG	10.692135	-28.271361	0	T:30.0(6.00%),B:568.4(1.15%),P:1e-12	Tpos:397.0,Tstd:170.1,Bpos:357.4,Bstd:227.6,StrandBias:0.3,Multiplicity:1.07
0.001	0.001	0.997	0.001
0.001	0.122	0.876	0.001
0.122	0.826	0.051	0.001
0.097	0.001	0.001	0.901
0.204	0.001	0.001	0.794
0.001	0.821	0.001	0.177
0.398	0.001	0.001	0.600
0.267	0.001	0.731	0.001
0.839	0.001	0.001	0.159
0.997	0.001	0.001	0.001
0.001	0.001	0.997	0.001
0.001	0.237	0.480	0.282
>GGAAGTGTGAAG	11-GGAAGTGTGAAG	8.645769	-28.164559	0	T:106.0(21.20%),B:5070.3(10.28%),P:1e-12	Tpos:392.9,Tstd:241.7,Bpos:373.4,Bstd:233.1,StrandBias:0.3,Multiplicity:1.14
0.312	0.085	0.581	0.022
0.140	0.187	0.558	0.115
0.559	0.241	0.121	0.079
0.546	0.083	0.182	0.189
0.062	0.094	0.843	0.001
0.100	0.025	0.034	0.841
0.001	0.001	0.997	0.001
0.043	0.001	0.210	0.746
0.059	0.116	0.746	0.079
0.927	0.011	0.001	0.061
0.907	0.001	0.091	0.001
0.001	0.074	0.924	0.001
>RAGTTTCYCAGG	12-RAGTTTCYCAGG	9.331798	-28.082641	0	T:56.0(11.20%),B:1846.2(3.74%),P:1e-12	Tpos:419.1,Tstd:279.8,Bpos:369.0,Bstd:222.8,StrandBias:0.0,Multiplicity:1.05
0.364	0.214	0.421	0.001
0.555	0.001	0.255	0.189
0.001	0.177	0.736	0.086
0.118	0.218	0.001	0.663
0.001	0.001	0.245	0.753
0.224	0.001	0.117	0.658
0.001	0.692	0.135	0.172
0.149	0.493	0.001	0.358
0.190	0.808	0.001	0.001
0.789	0.001	0.001	0.209
0.009	0.001	0.989	0.001
0.275	0.160	0.564	0.001
>CCTTTTGAAGTT	13-CCTTTTGAAGTT	8.899297	-26.677553	0	T:65.0(13.00%),B:2447.1(4.96%),P:1e-11	Tpos:365.8,Tstd:255.7,Bpos:373.2,Bstd:234.5,StrandBias:-0.2,Multiplicity:1.04
0.062	0.731	0.041	0.166
0.088	0.789	0.075	0.048
0.028	0.032	0.001	0.939
0.001	0.022	0.080	0.897
0.001	0.067	0.061	0.871
0.078	0.001	0.028	0.893
0.050	0.077	0.845	0.028
0.809	0.043	0.001	0.147
0.825	0.001	0.025	0.149
0.125	0.104	0.680	0.091
0.093	0.003	0.001	0.903
0.042	0.060	0.075	0.823
>CTTCCTGACACC	14-CTTCCTGACACC	9.855015	-26.162939	0	T:54.0(10.80%),B:1825.1(3.70%),P:1e-11	Tpos:344.9,Tstd:225.2,Bpos:373.4,Bstd:229.4,StrandBias:0.2,Multiplicity:1.08
0.041	0.880	0.001	0.078
0.025	0.126	0.054	0.795
0.002	0.079	0.140	0.779
0.025	0.929	0.026	0.020
0.032	0.780	0.109	0.079
0.097	0.054	0.001	0.848
0.027	0.061	0.899	0.013
0.717	0.114	0.085	0.084
0.043	0.902	0.054	0.001
0.901	0.001	0.001	0.097
0.070	0.816	0.057	0.057
0.107	0.764	0.001	0.128
>AGGGGACTATGG	15-AGGGGACTATGG	13.439677	-25.449126	0	T:9.0(1.80%),B:25.4(0.05%),P:1e-11	Tpos:350.7,Tstd:193.2,Bpos:276.8,Bstd:200.6,StrandBias:0.3,Multiplicity:1.00
0.997	0.001	0.001	0.001
0.001	0.001	0.997	0.001
0.001	0.001	0.997	0.001
0.001	0.001	0.997	0.001
0.001	0.001	0.997	0.001
0.997	0.001	0.001	0.001
0.001	0.997	0.001	0.001
0.001	0.001	0.001	0.997
0.997	0.001	0.001	0.001
0.001	0.001	0.001	0.997
0.185	0.001	0.813	0.001
0.228	0.001	0.770	0.001
>CAKGGTGCCTCT	16-CAKGGTGCCTCT	12.619171	-22.080227	0	T:13.0(2.60%),B:112.0(0.23%),P:1e-9	Tpos:304.7,Tstd:160.5,Bpos:375.6,Bstd:226.5,StrandBias:-0.2,Multiplicity:1.00
0.001	0.878	0.120	0.001
0.997	0.001	0.001	0.001
0.001	0.001	0.518	0.480
0.134	0.001	0.864	0.001
0.001	0.156	0.842	0.001
0.001	0.203	0.265	0.531
0.001	0.001	0.997	0.001
0.001	0.997	0.001	0.001
0.001	0.997	0.001	0.001
0.076	0.265	0.001	0.658
0.001	0.854	0.001	0.144
0.001	0.001	0.001	0.997
>ATCAATAGCTTT	17-ATCAATAGCTTT	9.603862	-21.088844	0	T:12.0(2.40%),B:98.2(0.20%),P:1e-9	Tpos:398.2,Tstd:150.5,Bpos:376.5,Bstd:229.0,StrandBias:-1.2,Multiplicity:1.00
0.997	0.001	0.001	0.001
0.001	0.001	0.001	0.997
0.191	0.807	0.001	0.001
0.997	0.001	0.001	0.001
0.997	0.001	0.001	0.001
0.001	0.001	0.001	0.997
0.791	0.158	0.001	0.050
0.191	0.001	0.807	0.001
0.001	0.997	0.001	0.001
0.001	0.001	0.001	0.997
0.001	0.001	0.001	0.997
0.001	0.001	0.157	0.841
>ACAACCAGAGGC	18-ACAACCAGAGGC	14.374069	-18.092583	0	T:5.0(1.00%),B:7.3(0.01%),P:1e-7	Tpos:436.8,Tstd:121.2,Bpos:270.3,Bstd:148.1,StrandBias:2.0,Multiplicity:1.00
0.920	0.078	0.001	0.001
0.178	0.750	0.071	0.001
0.997	0.001	0.001	0.001
0.611	0.127	0.066	0.196
0.001	0.856	0.001	0.142
0.001	0.997	0.001	0.001
0.832	0.001	0.001	0.166
0.165	0.001	0.833	0.001
0.904	0.001	0.094	0.001
0.001	0.001	0.808	0.190
0.065	0.001	0.933	0.001
0.279	0.615	0.001	0.105
>GTCATCAGAAAC	19-GTCATCAGAAAC	15.135984	-16.852713	0	T:5.0(1.00%),B:9.8(0.02%),P:1e-7	Tpos:241.8,Tstd:136.0,Bpos:358.1,Bstd:180.9,StrandBias:0.6,Multiplicity:1.00
0.001	0.001	0.997	0.001
0.001	0.001	0.001	0.997
0.270	0.728	0.001	0.001
0.997	0.001	0.001	0.001
0.146	0.001	0.001	0.852
0.001	0.997	0.001	0.001
0.997	0.001	0.001	0.001
0.001	0.001	0.997	0.001
0.997	0.001	0.001	0.001
0.997	0.001	0.001	0.001
0.997	0.001	0.001	0.001
0.001	0.997	0.001	0.001
>AGCTGAGCTGAG	20-AGCTGAGCTGAG	13.766104	-14.957487	0	T:11.0(2.20%),B:141.7(0.29%),P:1e-6	Tpos:441.2,Tstd:230.1,Bpos:376.0,Bstd:233.9,StrandBias:-1.2,Multiplicity:1.00
0.997	0.001	0.001	0.001
0.001	0.001	0.997	0.001
0.001	0.997	0.001	0.001
0.001	0.001	0.001	0.997
0.001	0.001	0.997	0.001
0.889	0.001	0.109	0.001
0.001	0.001	0.997	0.001
0.112	0.886	0.001	0.001
0.001	0.001	0.001	0.997
0.001	0.001	0.997	0.001
0.836	0.001	0.089	0.074
0.001	0.001	0.997	0.001
>TGAMASTSTTCC	21-TGAMASTSTTCC	11.216793	-14.896078	0	T:21.0(4.20%),B:547.4(1.11%),P:1e-6	Tpos:394.8,Tstd:222.6,Bpos:376.1,Bstd:223.2,StrandBias:-0.2,Multiplicity:1.14
0.001	0.001	0.011	0.987
0.001	0.001	0.817	0.181
0.997	0.001	0.001	0.001
0.438	0.560	0.001	0.001
0.997	0.001	0.001	0.001
0.001	0.402	0.429	0.168
0.001	0.120	0.001	0.878
0.001	0.490	0.505	0.004
0.001	0.006	0.001	0.992
0.001	0.239	0.001	0.759
0.001	0.846	0.001	0.152
0.125	0.580	0.001	0.294
>CCTGCAGGGGAA	22-CCTGCAGGGGAA	8.463612	-14.165176	0	T:85.0(17.00%),B:4886.9(9.91%),P:1e-6	Tpos:390.1,Tstd:233.1,Bpos:369.4,Bstd:224.8,StrandBias:0.2,Multiplicity:1.07
0.100	0.700	0.100	0.100
0.100	0.700	0.100	0.100
0.100	0.100	0.100	0.700
0.100	0.100	0.700	0.100
0.100	0.700	0.100	0.100
0.700	0.100	0.100	0.100
0.100	0.100	0.700	0.100
0.100	0.100	0.700	0.100
0.100	0.100	0.700	0.100
0.100	0.100	0.700	0.100
0.700	0.100	0.100	0.100
0.700	0.100	0.100	0.100
>CCAAATGTGACA	23-CCAAATGTGACA	8.463612	-13.642362	0	T:64.0(12.80%),B:3363.1(6.82%),P:1e-5	Tpos:438.3,Tstd:287.4,Bpos:365.2,Bstd:220.7,StrandBias:0.5,Multiplicity:1.12
0.100	0.700	0.100	0.100
0.100	0.700	0.100	0.100
0.700	0.100	0.100	0.100
0.700	0.100	0.100	0.100
0.700	0.100	0.100	0.100
0.100	0.100	0.100	0.700
0.100	0.100	0.700	0.100
0.100	0.100	0.100	0.700
0.100	0.100	0.700	0.100
0.700	0.100	0.100	0.100
0.100	0.700	0.100	0.100
0.700	0.100	0.100	0.100
>TAGAGCTGCATA	24-TAGAGCTGCATA	11.659724	-12.379427	0	T:9.0(1.80%),B:117.9(0.24%),P:1e-5	Tpos:298.4,Tstd:175.5,Bpos:361.5,Bstd:222.5,StrandBias:0.8,Multiplicity:1.22
0.001	0.157	0.288	0.554
0.708	0.290	0.001	0.001
0.001	0.049	0.949	0.001
0.997	0.001	0.001	0.001
0.001	0.001	0.748	0.250
0.299	0.699	0.001	0.001
0.052	0.251	0.001	0.696
0.001	0.197	0.801	0.001
0.001	0.873	0.001	0.125
0.997	0.001	0.001	0.001
0.299	0.001	0.001	0.699
0.997	0.001	0.001	0.001
>TATCTAAACAGT	25-TATCTAAACAGT	12.355432	-9.884306	0	T:2.0(0.40%),B:1.9(0.00%),P:1e-4	Tpos:347.3,Tstd:23.3,Bpos:461.3,Bstd:127.6,StrandBias:10.0,Multiplicity:1.50
0.100	0.100	0.100	0.700
0.700	0.100	0.100	0.100
0.100	0.100	0.100	0.700
0.100	0.700	0.100	0.100
0.100	0.100	0.100	0.700
0.700	0.100	0.100	0.100
0.700	0.100	0.100	0.100
0.700	0.100	0.100	0.100
0.100	0.700	0.100	0.100
0.700	0.100	0.100	0.100
0.100	0.100	0.700	0.100
0.100	0.100	0.100	0.700
