>ATGTTTGTTTAA	8-ATGTTTGTTTAA	9.588995	-21.023038	0	T:21.0(10.55%),B:1967.7(1.98%),P:1e-9
0.880	0.058	0.039	0.023
0.101	0.001	0.101	0.797
0.001	0.075	0.923	0.001
0.079	0.001	0.079	0.841
0.001	0.001	0.136	0.862
0.076	0.001	0.181	0.742
0.057	0.047	0.895	0.001
0.001	0.001	0.138	0.860
0.079	0.271	0.059	0.591
0.058	0.001	0.001	0.940
0.865	0.001	0.117	0.017
0.812	0.001	0.058	0.129
