>AGGCAGCAGGCA	15-AGGCAGCAGGCA,BestGuess:Zic3/MA0697.3/Jaspar(0.718)	10.206050	-15.305205	0	T:18.0(9.05%),B:2047.5(2.07%),P:1e-6
0.823	0.001	0.064	0.112
0.001	0.117	0.881	0.001
0.054	0.003	0.821	0.122
0.040	0.902	0.057	0.001
0.774	0.001	0.117	0.108
0.084	0.181	0.734	0.001
0.001	0.845	0.036	0.118
0.893	0.054	0.004	0.049
0.087	0.001	0.854	0.058
0.133	0.057	0.661	0.149
0.001	0.876	0.053	0.070
0.950	0.001	0.001	0.048
