>CAACAAATGGTG	4-CAACAAATGGTG	7.545127	-53.718944	0	T:80.0(40.20%),B:11832.0(11.94%),P:1e-23
0.041	0.703	0.223	0.033
0.712	0.093	0.072	0.123
0.837	0.070	0.092	0.001
0.088	0.806	0.082	0.024
0.952	0.046	0.001	0.001
0.721	0.087	0.159	0.033
0.858	0.062	0.001	0.079
0.096	0.001	0.192	0.711
0.119	0.057	0.757	0.067
0.130	0.191	0.594	0.085
0.117	0.079	0.114	0.690
0.085	0.062	0.666	0.187
