>GGTGTGAAATGT	9-GGTGTGAAATGT	10.773457	-20.373225	0	T:10.0(5.03%),B:318.4(0.32%),P:1e-8
0.088	0.001	0.910	0.001
0.147	0.065	0.695	0.093
0.001	0.001	0.074	0.924
0.001	0.111	0.887	0.001
0.001	0.087	0.070	0.842
0.087	0.001	0.837	0.075
0.934	0.001	0.064	0.001
0.823	0.089	0.001	0.087
0.621	0.080	0.100	0.199
0.001	0.001	0.065	0.933
0.001	0.001	0.839	0.159
0.001	0.169	0.065	0.765
