>AGCAGATGGTCA	2-AGCAGATGGTCA	7.818323	-86.560906	0	T:95.0(47.74%),B:10937.8(11.03%),P:1e-37
0.667	0.067	0.206	0.060
0.138	0.169	0.530	0.163
0.030	0.858	0.111	0.001
0.905	0.001	0.001	0.093
0.305	0.001	0.636	0.058
0.750	0.105	0.079	0.066
0.099	0.001	0.122	0.778
0.033	0.001	0.941	0.025
0.085	0.001	0.857	0.057
0.174	0.158	0.001	0.667
0.090	0.508	0.246	0.156
0.565	0.091	0.092	0.252
