>GTTWAHCTATAC	9-GTTWAHCTATAC,BestGuess:CUX1/MA0754.1/Jaspar(0.700)	8.672926	-53.466489	0	T:11.0(2.31%),B:4.4(0.01%),P:1e-23
0.294	0.110	0.470	0.126
0.181	0.159	0.180	0.480
0.001	0.126	0.093	0.780
0.297	0.149	0.168	0.386
0.601	0.126	0.167	0.106
0.305	0.205	0.147	0.344
0.001	0.566	0.260	0.173
0.144	0.172	0.142	0.542
0.923	0.004	0.001	0.072
0.122	0.121	0.166	0.591
0.428	0.203	0.253	0.116
0.127	0.450	0.265	0.158
