>BCAGTTAATTGC	2-BCAGTTAATTGC,BestGuess:Hmx/dmmpmm(Noyes_hd)/fly(0.840)	7.319692	-102.636669	0	T:146.0(30.67%),B:4061.3(8.22%),P:1e-44
0.108	0.344	0.303	0.245
0.046	0.730	0.128	0.096
0.500	0.092	0.277	0.131
0.092	0.071	0.836	0.001
0.001	0.174	0.046	0.779
0.133	0.024	0.050	0.793
0.799	0.001	0.092	0.108
0.864	0.001	0.001	0.134
0.001	0.162	0.001	0.836
0.092	0.092	0.001	0.815
0.191	0.001	0.782	0.026
0.046	0.826	0.127	0.001
