>TCAGCCTCAGCC	25-TCAGCCTCAGCC,BestGuess:CRZ1(MacIsaac)/Yeast(0.747)	10.275608	-5.294184	0	T:4.0(0.84%),B:70.5(0.14%),P:1e-2
0.129	0.135	0.111	0.625
0.106	0.657	0.117	0.120
0.730	0.074	0.058	0.138
0.116	0.124	0.656	0.104
0.110	0.662	0.104	0.124
0.116	0.690	0.051	0.143
0.126	0.141	0.067	0.666
0.084	0.691	0.124	0.101
0.707	0.082	0.066	0.145
0.095	0.119	0.650	0.136
0.133	0.609	0.139	0.119
0.122	0.655	0.074	0.149
