>GGCTGAGGCTGA	25-TCAGCCTCAGCC	10.275608	-5.294184	0	T:4.0(0.84%),B:70.5(0.14%),P:1e-2
0.149	0.074	0.655	0.122
0.119	0.139	0.609	0.133
0.136	0.650	0.119	0.095
0.145	0.066	0.082	0.707
0.101	0.124	0.691	0.084
0.666	0.067	0.141	0.126
0.143	0.051	0.690	0.116
0.124	0.104	0.662	0.110
0.104	0.656	0.124	0.116
0.138	0.058	0.074	0.730
0.120	0.117	0.657	0.106
0.625	0.111	0.135	0.129
