>CTATGATTGATT	17-CTATGATTGATT	9.985304	-14.743623	0	T:8.0(4.06%),B:328.4(0.33%),P:1e-6
0.105	0.680	0.118	0.097
0.063	0.139	0.038	0.760
0.607	0.142	0.107	0.144
0.080	0.033	0.107	0.780
0.067	0.106	0.731	0.096
0.741	0.065	0.044	0.150
0.041	0.065	0.064	0.830
0.056	0.037	0.137	0.770
0.086	0.130	0.670	0.114
0.813	0.093	0.025	0.069
0.062	0.016	0.054	0.868
0.080	0.036	0.129	0.755
