>TCTCCAGTGTGT	15-TCTCCAGTGTGT	10.462905	-15.057232	0	T:16.0(8.12%),B:1664.3(1.68%),P:1e-6
0.124	0.001	0.003	0.872
0.076	0.861	0.062	0.001
0.001	0.068	0.224	0.707
0.076	0.672	0.202	0.050
0.055	0.743	0.001	0.201
0.906	0.001	0.001	0.092
0.067	0.001	0.931	0.001
0.001	0.091	0.001	0.907
0.001	0.101	0.895	0.003
0.062	0.001	0.122	0.815
0.001	0.001	0.868	0.130
0.160	0.001	0.002	0.837
