>TCCAGCTGGGAA	6-TCCAGCTGGGAA	9.590082	-21.165405	0	T:28.0(14.21%),B:3551.7(3.57%),P:1e-9
0.164	0.179	0.054	0.603
0.057	0.761	0.132	0.050
0.059	0.908	0.001	0.032
0.966	0.001	0.032	0.001
0.001	0.051	0.947	0.001
0.050	0.884	0.065	0.001
0.001	0.088	0.001	0.910
0.042	0.048	0.816	0.094
0.045	0.001	0.861	0.093
0.116	0.178	0.705	0.001
0.954	0.001	0.044	0.001
0.697	0.102	0.149	0.052
