>TTCACACCYCTG	1-TTCACACCYCTG	7.563110	-70.793644	0	T:100.0(50.00%),B:14821.1(14.86%),P:1e-30	Tpos:288.4,Tstd:153.1,Bpos:272.1,Bstd:162.2,StrandBias:0.1,Multiplicity:1.58
0.001	0.230	0.060	0.709
0.001	0.021	0.001	0.977
0.159	0.433	0.271	0.137
0.836	0.065	0.001	0.098
0.001	0.928	0.070	0.001
0.997	0.001	0.001	0.001
0.001	0.871	0.127	0.001
0.059	0.831	0.077	0.033
0.001	0.495	0.001	0.503
0.212	0.487	0.001	0.300
0.247	0.029	0.159	0.565
0.111	0.276	0.584	0.029
>NTTTTATGGCTG	2-NTTTTATGGCTG	8.882478	-50.188656	0	T:41.0(20.50%),B:2952.5(2.96%),P:1e-21	Tpos:276.4,Tstd:165.9,Bpos:268.1,Bstd:165.8,StrandBias:0.8,Multiplicity:1.05
0.226	0.296	0.291	0.187
0.155	0.001	0.099	0.745
0.001	0.001	0.001	0.997
0.086	0.001	0.001	0.912
0.088	0.059	0.001	0.852
0.997	0.001	0.001	0.001
0.140	0.001	0.100	0.759
0.065	0.001	0.780	0.154
0.054	0.070	0.875	0.001
0.001	0.850	0.079	0.070
0.001	0.099	0.070	0.830
0.001	0.214	0.507	0.278
>YSCTTTGAWGKG	3-YSCTTTGAWGKG	11.570087	-37.394009	0	T:17.0(8.50%),B:432.5(0.43%),P:1e-16	Tpos:256.2,Tstd:148.7,Bpos:274.6,Bstd:160.4,StrandBias:0.3,Multiplicity:1.06
0.157	0.393	0.001	0.450
0.001	0.558	0.440	0.001
0.001	0.997	0.001	0.001
0.001	0.001	0.001	0.997
0.001	0.001	0.001	0.997
0.001	0.001	0.001	0.997
0.001	0.001	0.812	0.186
0.874	0.001	0.124	0.001
0.473	0.001	0.012	0.514
0.188	0.001	0.798	0.013
0.001	0.001	0.439	0.559
0.179	0.001	0.498	0.323
>TRAATYATACAT	4-TRAATYATACAT	11.259667	-35.208052	0	T:16.0(8.00%),B:408.5(0.41%),P:1e-15	Tpos:243.7,Tstd:129.6,Bpos:265.6,Bstd:163.5,StrandBias:-1.1,Multiplicity:1.00
0.147	0.001	0.001	0.851
0.534	0.001	0.464	0.001
0.997	0.001	0.001	0.001
0.997	0.001	0.001	0.001
0.001	0.001	0.356	0.642
0.156	0.447	0.001	0.395
0.741	0.257	0.001	0.001
0.001	0.242	0.220	0.537
0.997	0.001	0.001	0.001
0.001	0.838	0.160	0.001
0.997	0.001	0.001	0.001
0.148	0.063	0.001	0.788
>AAGTATAGTCTC	5-AAGTATAGTCTC	11.332837	-34.910230	0	T:9.0(4.50%),B:44.7(0.04%),P:1e-15	Tpos:271.9,Tstd:124.5,Bpos:265.0,Bstd:141.6,StrandBias:0.7,Multiplicity:1.00
0.997	0.001	0.001	0.001
0.997	0.001	0.001	0.001
0.001	0.001	0.863	0.135
0.001	0.001	0.001	0.997
0.997	0.001	0.001	0.001
0.001	0.001	0.001	0.997
0.997	0.001	0.001	0.001
0.001	0.001	0.997	0.001
0.001	0.001	0.001	0.997
0.001	0.997	0.001	0.001
0.001	0.097	0.038	0.864
0.001	0.997	0.001	0.001
>TTTAYWGCCTCT	6-TTTAYWGCCTCT	8.562733	-33.107371	0	T:40.0(20.00%),B:4582.5(4.59%),P:1e-14	Tpos:326.1,Tstd:243.4,Bpos:270.2,Bstd:163.6,StrandBias:-0.2,Multiplicity:1.07
0.218	0.008	0.001	0.773
0.001	0.002	0.001	0.996
0.001	0.001	0.001	0.997
0.946	0.052	0.001	0.001
0.001	0.569	0.002	0.428
0.407	0.001	0.082	0.510
0.001	0.004	0.994	0.001
0.001	0.753	0.001	0.245
0.213	0.663	0.004	0.120
0.005	0.362	0.001	0.632
0.111	0.806	0.001	0.082
0.318	0.176	0.001	0.505
>TGAAGGGCTCYC	7-TGAAGGGCTCYC	12.263818	-32.481942	0	T:12.0(6.00%),B:186.0(0.19%),P:1e-14	Tpos:313.6,Tstd:197.3,Bpos:269.2,Bstd:163.3,StrandBias:1.0,Multiplicity:1.00
0.001	0.001	0.001	0.997
0.169	0.001	0.829	0.001
0.875	0.123	0.001	0.001
0.997	0.001	0.001	0.001
0.001	0.001	0.822	0.176
0.001	0.001	0.835	0.163
0.001	0.001	0.997	0.001
0.001	0.814	0.184	0.001
0.143	0.001	0.001	0.855
0.001	0.997	0.001	0.001
0.037	0.505	0.001	0.457
0.001	0.997	0.001	0.001
>AGGCCAACTGGC	8-AGGCCAACTGGC	9.737086	-30.545718	0	T:13.0(6.50%),B:289.1(0.29%),P:1e-13	Tpos:305.3,Tstd:185.7,Bpos:277.4,Bstd:170.5,StrandBias:0.2,Multiplicity:1.00
0.867	0.001	0.001	0.131
0.001	0.001	0.997	0.001
0.001	0.001	0.997	0.001
0.001	0.997	0.001	0.001
0.001	0.997	0.001	0.001
0.945	0.001	0.001	0.053
0.802	0.001	0.001	0.196
0.001	0.837	0.001	0.161
0.001	0.001	0.001	0.997
0.001	0.001	0.997	0.001
0.001	0.001	0.997	0.001
0.001	0.905	0.001	0.093
>TGAATAAGGAGG	9-TGAATAAGGAGG	11.852280	-29.703199	0	T:9.0(4.50%),B:79.1(0.08%),P:1e-12	Tpos:319.6,Tstd:175.0,Bpos:270.5,Bstd:161.4,StrandBias:0.3,Multiplicity:1.00
0.001	0.001	0.196	0.802
0.001	0.001	0.997	0.001
0.997	0.001	0.001	0.001
0.997	0.001	0.001	0.001
0.001	0.001	0.001	0.997
0.997	0.001	0.001	0.001
0.803	0.001	0.152	0.044
0.001	0.001	0.997	0.001
0.001	0.001	0.997	0.001
0.997	0.001	0.001	0.001
0.001	0.001	0.997	0.001
0.001	0.001	0.997	0.001
>TCCAAGGACATG	10-TCCAAGGACATG	14.160100	-28.164411	0	T:9.0(4.50%),B:94.7(0.09%),P:1e-12	Tpos:272.1,Tstd:207.2,Bpos:268.5,Bstd:162.0,StrandBias:0.3,Multiplicity:1.00
0.001	0.001	0.001	0.997
0.001	0.997	0.001	0.001
0.001	0.843	0.001	0.155
0.811	0.187	0.001	0.001
0.997	0.001	0.001	0.001
0.001	0.001	0.997	0.001
0.001	0.178	0.820	0.001
0.997	0.001	0.001	0.001
0.001	0.836	0.162	0.001
0.997	0.001	0.001	0.001
0.001	0.001	0.001	0.997
0.001	0.001	0.997	0.001
>AGGCATCACTGA	11-AGGCATCACTGA	10.428875	-27.816416	0	T:16.0(8.00%),B:666.1(0.67%),P:1e-12	Tpos:299.0,Tstd:205.2,Bpos:266.7,Bstd:170.5,StrandBias:-0.2,Multiplicity:1.13
0.997	0.001	0.001	0.001
0.001	0.001	0.997	0.001
0.001	0.001	0.986	0.012
0.001	0.997	0.001	0.001
0.680	0.001	0.318	0.001
0.001	0.001	0.001	0.997
0.001	0.807	0.191	0.001
0.586	0.222	0.191	0.001
0.001	0.764	0.234	0.001
0.001	0.001	0.001	0.997
0.001	0.234	0.764	0.001
0.468	0.223	0.001	0.307
>GGGTGATAACCA	12-GGGTGATAACCA	15.749868	-23.926136	0	T:5.0(2.50%),B:11.7(0.01%),P:1e-10	Tpos:361.2,Tstd:188.0,Bpos:254.6,Bstd:139.1,StrandBias:2.0,Multiplicity:1.00
0.170	0.001	0.828	0.001
0.213	0.001	0.785	0.001
0.001	0.001	0.997	0.001
0.001	0.001	0.001	0.997
0.001	0.001	0.997	0.001
0.997	0.001	0.001	0.001
0.001	0.213	0.001	0.785
0.997	0.001	0.001	0.001
0.997	0.001	0.001	0.001
0.170	0.828	0.001	0.001
0.001	0.997	0.001	0.001
0.997	0.001	0.001	0.001
>TTACAAATTAAC	13-TTACAAATTAAC	12.217641	-23.656317	0	T:9.0(4.50%),B:157.1(0.16%),P:1e-10	Tpos:282.4,Tstd:233.1,Bpos:295.7,Bstd:173.5,StrandBias:1.8,Multiplicity:1.00
0.001	0.001	0.001	0.997
0.001	0.001	0.001	0.997
0.751	0.247	0.001	0.001
0.001	0.764	0.001	0.234
0.997	0.001	0.001	0.001
0.764	0.234	0.001	0.001
0.723	0.001	0.275	0.001
0.001	0.001	0.001	0.997
0.001	0.001	0.234	0.764
0.529	0.235	0.001	0.235
0.764	0.001	0.234	0.001
0.001	0.997	0.001	0.001
>TTTATTATGCTC	14-TTTATTATGCTC	7.799849	-23.251292	0	T:41.0(20.50%),B:6572.8(6.59%),P:1e-10	Tpos:299.9,Tstd:177.6,Bpos:269.6,Bstd:164.2,StrandBias:-0.2,Multiplicity:1.15
0.118	0.062	0.107	0.713
0.001	0.057	0.105	0.837
0.206	0.105	0.001	0.688
0.737	0.218	0.001	0.044
0.062	0.096	0.114	0.728
0.161	0.044	0.001	0.794
0.732	0.091	0.176	0.001
0.101	0.191	0.090	0.618
0.001	0.233	0.565	0.201
0.011	0.890	0.001	0.098
0.055	0.151	0.001	0.793
0.059	0.814	0.043	0.084
>GGAGCTATGTTC	15-GGAGCTATGTTC	10.315489	-23.185650	0	T:6.0(3.00%),B:32.2(0.03%),P:1e-10	Tpos:236.2,Tstd:104.7,Bpos:291.4,Bstd:148.0,StrandBias:0.0,Multiplicity:1.00
0.001	0.001	0.997	0.001
0.001	0.001	0.997	0.001
0.997	0.001	0.001	0.001
0.001	0.001	0.814	0.184
0.001	0.997	0.001	0.001
0.001	0.001	0.134	0.864
0.997	0.001	0.001	0.001
0.001	0.001	0.001	0.997
0.075	0.001	0.923	0.001
0.001	0.001	0.001	0.997
0.001	0.001	0.001	0.997
0.001	0.997	0.001	0.001
>TCAGGGAGAGAT	16-TCAGGGAGAGAT	10.047754	-23.055130	0	T:19.0(9.50%),B:1398.1(1.40%),P:1e-10	Tpos:307.2,Tstd:168.3,Bpos:272.2,Bstd:157.6,StrandBias:-0.8,Multiplicity:1.00
0.183	0.091	0.094	0.632
0.272	0.726	0.001	0.001
0.714	0.166	0.001	0.119
0.001	0.165	0.833	0.001
0.109	0.166	0.724	0.001
0.025	0.001	0.973	0.001
0.650	0.006	0.004	0.340
0.094	0.003	0.902	0.001
0.993	0.003	0.001	0.003
0.001	0.093	0.905	0.001
0.988	0.005	0.006	0.001
0.064	0.003	0.003	0.930
>AGACCATWCMRT	17-AGACCATWCMRT	9.318631	-19.601088	0	T:8.0(4.00%),B:171.7(0.17%),P:1e-8	Tpos:269.4,Tstd:247.7,Bpos:258.4,Bstd:159.3,StrandBias:0.0,Multiplicity:1.00
0.997	0.001	0.001	0.001
0.029	0.001	0.969	0.001
0.997	0.001	0.001	0.001
0.001	0.997	0.001	0.001
0.001	0.997	0.001	0.001
0.997	0.001	0.001	0.001
0.001	0.001	0.001	0.997
0.484	0.080	0.001	0.434
0.001	0.997	0.001	0.001
0.434	0.564	0.001	0.001
0.463	0.001	0.535	0.001
0.029	0.001	0.001	0.969
>AGGGCCGAAGTC	18-AGGGCCGAAGTC	11.083139	-18.691489	0	T:9.0(4.50%),B:279.7(0.28%),P:1e-8	Tpos:263.8,Tstd:113.4,Bpos:278.4,Bstd:156.7,StrandBias:0.3,Multiplicity:1.00
0.835	0.001	0.139	0.025
0.180	0.001	0.818	0.001
0.001	0.001	0.997	0.001
0.001	0.001	0.841	0.157
0.001	0.997	0.001	0.001
0.025	0.842	0.001	0.132
0.319	0.132	0.548	0.001
0.665	0.132	0.202	0.001
0.882	0.001	0.116	0.001
0.001	0.001	0.796	0.202
0.001	0.001	0.202	0.796
0.001	0.687	0.180	0.132
>GGCACCTGCTGA	19-GGCACCTGCTGA	10.270253	-17.763065	0	T:16.0(8.00%),B:1344.6(1.35%),P:1e-7	Tpos:259.8,Tstd:143.7,Bpos:271.8,Bstd:159.7,StrandBias:0.4,Multiplicity:1.00
0.111	0.001	0.884	0.004
0.141	0.077	0.781	0.001
0.112	0.886	0.001	0.001
0.898	0.001	0.001	0.100
0.001	0.966	0.001	0.032
0.007	0.983	0.001	0.009
0.128	0.001	0.001	0.870
0.001	0.108	0.638	0.253
0.110	0.570	0.319	0.001
0.115	0.001	0.003	0.881
0.001	0.008	0.800	0.191
0.806	0.117	0.001	0.076
>GCMWTTATTACT	20-GCMWTTATTACT	11.168169	-16.321579	0	T:5.0(2.50%),B:51.8(0.05%),P:1e-7	Tpos:106.0,Tstd:116.6,Bpos:255.6,Bstd:166.0,StrandBias:10.0,Multiplicity:1.25
0.104	0.082	0.780	0.034
0.029	0.733	0.199	0.039
0.480	0.427	0.001	0.091
0.484	0.071	0.001	0.444
0.043	0.060	0.001	0.896
0.198	0.139	0.073	0.590
0.848	0.039	0.074	0.039
0.173	0.028	0.066	0.733
0.001	0.167	0.033	0.799
0.726	0.052	0.138	0.084
0.001	0.704	0.294	0.001
0.056	0.043	0.036	0.865
>TGTTAATGGCAC	21-TGTTAATGGCAC	8.463612	-15.861807	0	T:25.0(12.50%),B:3685.6(3.70%),P:1e-6	Tpos:285.4,Tstd:192.0,Bpos:269.1,Bstd:165.3,StrandBias:-0.4,Multiplicity:1.05
0.100	0.100	0.100	0.700
0.100	0.100	0.700	0.100
0.100	0.100	0.100	0.700
0.100	0.100	0.100	0.700
0.700	0.100	0.100	0.100
0.700	0.100	0.100	0.100
0.100	0.100	0.100	0.700
0.100	0.100	0.700	0.100
0.100	0.100	0.700	0.100
0.100	0.700	0.100	0.100
0.700	0.100	0.100	0.100
0.100	0.700	0.100	0.100
>CATTYCACCATC	22-CATTYCACCATC	11.697229	-15.604291	0	T:8.0(4.00%),B:289.2(0.29%),P:1e-6	Tpos:226.8,Tstd:151.5,Bpos:254.9,Bstd:157.3,StrandBias:0.6,Multiplicity:1.25
0.001	0.997	0.001	0.001
0.769	0.001	0.001	0.229
0.001	0.179	0.001	0.819
0.001	0.001	0.001	0.997
0.217	0.336	0.001	0.446
0.001	0.997	0.001	0.001
0.997	0.001	0.001	0.001
0.001	0.860	0.138	0.001
0.001	0.997	0.001	0.001
0.872	0.001	0.001	0.126
0.314	0.001	0.001	0.684
0.146	0.697	0.156	0.001
>TCCAATTCACAT	23-TCCAATTCACAT	12.300610	-14.937900	0	T:6.0(3.00%),B:130.4(0.13%),P:1e-6	Tpos:313.4,Tstd:113.1,Bpos:283.2,Bstd:178.1,StrandBias:0.7,Multiplicity:1.33
0.178	0.001	0.001	0.820
0.001	0.562	0.239	0.198
0.001	0.997	0.001	0.001
0.997	0.001	0.001	0.001
0.997	0.001	0.001	0.001
0.178	0.001	0.001	0.820
0.001	0.001	0.001	0.997
0.165	0.833	0.001	0.001
0.997	0.001	0.001	0.001
0.001	0.997	0.001	0.001
0.622	0.001	0.001	0.376
0.001	0.344	0.001	0.654
>TTCACACCCCTC	24-TTCACACCCCTC	8.215846	-12.347173	0	T:22.0(11.00%),B:3610.2(3.62%),P:1e-5	Tpos:245.4,Tstd:170.4,Bpos:267.1,Bstd:155.9,StrandBias:-1.9,Multiplicity:1.00
0.094	0.119	0.096	0.691
0.131	0.085	0.096	0.688
0.086	0.674	0.095	0.145
0.616	0.148	0.001	0.235
0.082	0.726	0.115	0.077
0.708	0.213	0.051	0.028
0.003	0.748	0.106	0.143
0.203	0.486	0.191	0.120
0.128	0.483	0.192	0.197
0.048	0.689	0.120	0.143
0.099	0.142	0.095	0.664
0.048	0.834	0.069	0.049
>TTTACAGCCTCA	25-TTTACAGCCTCA	8.463612	-9.677854	0	T:29.0(14.50%),B:6606.8(6.62%),P:1e-4	Tpos:400.0,Tstd:250.2,Bpos:270.8,Bstd:162.4,StrandBias:0.4,Multiplicity:1.00
0.100	0.100	0.100	0.700
0.100	0.100	0.100	0.700
0.100	0.100	0.100	0.700
0.700	0.100	0.100	0.100
0.100	0.700	0.100	0.100
0.700	0.100	0.100	0.100
0.100	0.100	0.700	0.100
0.100	0.700	0.100	0.100
0.100	0.700	0.100	0.100
0.100	0.100	0.100	0.700
0.100	0.700	0.100	0.100
0.700	0.100	0.100	0.100
