>TTTVACACCY	1-TTTVACACCY	7.461561	-76.000616	0	T:97.0(48.50%),B:13031.9(13.07%),P:1e-33	Tpos:299.6,Tstd:164.5,Bpos:273.2,Bstd:163.7,StrandBias:0.1,Multiplicity:1.52
0.166	0.212	0.108	0.514
0.190	0.001	0.092	0.717
0.047	0.001	0.001	0.951
0.297	0.390	0.312	0.001
0.840	0.021	0.031	0.108
0.018	0.980	0.001	0.001
0.917	0.001	0.001	0.081
0.001	0.859	0.076	0.064
0.124	0.737	0.001	0.138
0.178	0.342	0.001	0.479
>CAGCCATAAA	2-CAGCCATAAA	9.985369	-59.691613	0	T:33.0(16.50%),B:1245.6(1.25%),P:1e-25	Tpos:239.0,Tstd:124.1,Bpos:270.4,Bstd:161.9,StrandBias:-0.8,Multiplicity:1.00
0.135	0.692	0.172	0.001
0.816	0.001	0.119	0.064
0.001	0.066	0.932	0.001
0.001	0.997	0.001	0.001
0.170	0.828	0.001	0.001
0.945	0.053	0.001	0.001
0.001	0.001	0.001	0.997
0.997	0.001	0.001	0.001
0.997	0.001	0.001	0.001
0.997	0.001	0.001	0.001
>CCTTTGAAGT	3-CCTTTGAAGT	8.618864	-49.494252	0	T:53.0(26.50%),B:5422.1(5.44%),P:1e-21	Tpos:300.1,Tstd:182.7,Bpos:272.4,Bstd:165.8,StrandBias:-0.1,Multiplicity:1.29
0.088	0.673	0.219	0.020
0.064	0.817	0.001	0.118
0.001	0.001	0.001	0.997
0.001	0.042	0.094	0.863
0.018	0.001	0.027	0.954
0.051	0.001	0.921	0.027
0.864	0.029	0.027	0.080
0.741	0.001	0.022	0.236
0.103	0.131	0.692	0.074
0.234	0.185	0.090	0.491
>CCTGACACCT	4-CCTGACACCT	7.210899	-44.215804	0	T:106.0(53.00%),B:23069.7(23.13%),P:1e-19	Tpos:285.9,Tstd:199.0,Bpos:270.9,Bstd:162.9,StrandBias:0.1,Multiplicity:1.42
0.088	0.701	0.066	0.145
0.010	0.799	0.130	0.061
0.038	0.022	0.021	0.919
0.066	0.117	0.731	0.086
0.757	0.111	0.058	0.074
0.026	0.868	0.026	0.080
0.746	0.152	0.042	0.060
0.053	0.814	0.084	0.049
0.064	0.827	0.001	0.108
0.011	0.140	0.001	0.848
>CCATTTGGTC	5-CCATTTGGTC	10.021245	-40.748750	0	T:25.0(12.50%),B:1144.4(1.15%),P:1e-17	Tpos:264.8,Tstd:164.6,Bpos:268.3,Bstd:165.8,StrandBias:0.2,Multiplicity:1.04
0.001	0.997	0.001	0.001
0.001	0.997	0.001	0.001
0.997	0.001	0.001	0.001
0.001	0.043	0.001	0.955
0.001	0.036	0.001	0.962
0.001	0.001	0.001	0.997
0.001	0.001	0.997	0.001
0.001	0.038	0.925	0.036
0.001	0.241	0.001	0.757
0.048	0.870	0.046	0.036
>TTTATGGCCT	6-TTTATGGCCT	8.508242	-34.006350	0	T:25.0(12.50%),B:1539.2(1.54%),P:1e-14	Tpos:313.0,Tstd:282.4,Bpos:277.4,Bstd:166.4,StrandBias:0.0,Multiplicity:1.00
0.001	0.001	0.001	0.997
0.001	0.001	0.001	0.997
0.001	0.001	0.001	0.997
0.997	0.001	0.001	0.001
0.001	0.001	0.001	0.997
0.001	0.001	0.646	0.352
0.072	0.001	0.926	0.001
0.173	0.825	0.001	0.001
0.001	0.997	0.001	0.001
0.400	0.001	0.001	0.598
>AGGCTGTAAA	7-AGGCTGTAAA	10.384424	-27.727566	0	T:16.0(8.00%),B:670.0(0.67%),P:1e-12	Tpos:272.2,Tstd:150.6,Bpos:272.3,Bstd:163.8,StrandBias:-0.6,Multiplicity:1.25
0.675	0.167	0.001	0.157
0.003	0.326	0.670	0.001
0.001	0.001	0.997	0.001
0.064	0.853	0.001	0.082
0.001	0.001	0.001	0.997
0.071	0.001	0.927	0.001
0.001	0.001	0.001	0.997
0.738	0.180	0.001	0.081
0.997	0.001	0.001	0.001
0.997	0.001	0.001	0.001
>AATTAGGACC	8-AATTAGGACC	7.721560	-26.406305	0	T:35.0(17.50%),B:4383.1(4.39%),P:1e-11	Tpos:305.6,Tstd:197.5,Bpos:269.3,Bstd:166.0,StrandBias:0.3,Multiplicity:1.03
0.884	0.040	0.001	0.075
0.607	0.076	0.171	0.146
0.065	0.078	0.001	0.856
0.032	0.026	0.076	0.866
0.903	0.001	0.024	0.072
0.121	0.147	0.701	0.031
0.001	0.034	0.859	0.106
0.677	0.117	0.131	0.075
0.036	0.806	0.124	0.034
0.017	0.855	0.001	0.127
>GACTATAATT	9-GACTATAATT	11.427488	-25.413707	0	T:10.0(5.00%),B:188.9(0.19%),P:1e-11	Tpos:299.9,Tstd:129.0,Bpos:269.7,Bstd:149.7,StrandBias:0.0,Multiplicity:1.00
0.001	0.110	0.888	0.001
0.997	0.001	0.001	0.001
0.001	0.997	0.001	0.001
0.001	0.001	0.001	0.997
0.997	0.001	0.001	0.001
0.001	0.001	0.001	0.997
0.997	0.001	0.001	0.001
0.897	0.101	0.001	0.001
0.001	0.001	0.001	0.997
0.001	0.001	0.001	0.997
>WTAGCACCTC	10-WTAGCACCTC	7.546330	-25.309769	0	T:57.0(28.50%),B:10988.2(11.02%),P:1e-10	Tpos:277.5,Tstd:158.6,Bpos:270.6,Bstd:163.7,StrandBias:-0.1,Multiplicity:1.22
0.411	0.134	0.001	0.454
0.001	0.203	0.060	0.736
0.730	0.001	0.268	0.001
0.001	0.256	0.505	0.238
0.001	0.997	0.001	0.001
0.800	0.033	0.126	0.041
0.001	0.837	0.086	0.076
0.120	0.737	0.001	0.142
0.151	0.141	0.025	0.683
0.001	0.901	0.097	0.001
>GTAAAGATGC	11-GTAAAGATGC	8.064056	-24.854807	0	T:47.0(23.50%),B:7968.1(7.99%),P:1e-10	Tpos:275.8,Tstd:171.4,Bpos:271.1,Bstd:163.7,StrandBias:1.0,Multiplicity:1.15
0.254	0.001	0.744	0.001
0.261	0.001	0.070	0.668
0.740	0.001	0.046	0.213
0.997	0.001	0.001	0.001
0.859	0.001	0.139	0.001
0.248	0.001	0.750	0.001
0.558	0.320	0.001	0.121
0.001	0.001	0.060	0.938
0.001	0.001	0.734	0.264
0.046	0.626	0.227	0.101
>AGTGAGGCCT	12-AGTGAGGCCT	9.592847	-24.525882	0	T:19.0(9.50%),B:1280.8(1.28%),P:1e-10	Tpos:374.2,Tstd:341.0,Bpos:274.1,Bstd:163.6,StrandBias:-0.1,Multiplicity:1.21
0.924	0.074	0.001	0.001
0.001	0.001	0.997	0.001
0.019	0.001	0.024	0.956
0.001	0.001	0.934	0.064
0.961	0.001	0.037	0.001
0.001	0.091	0.642	0.266
0.032	0.150	0.817	0.001
0.037	0.890	0.032	0.041
0.001	0.871	0.090	0.038
0.001	0.001	0.001	0.997
>ACTTGATTTA	13-ACTTGATTTA	7.538220	-22.646228	0	T:39.0(19.50%),B:6133.1(6.15%),P:1e-9	Tpos:324.7,Tstd:183.3,Bpos:269.2,Bstd:168.5,StrandBias:0.1,Multiplicity:1.05
0.784	0.124	0.029	0.063
0.119	0.785	0.075	0.021
0.234	0.067	0.054	0.645
0.096	0.001	0.040	0.863
0.087	0.065	0.783	0.065
0.835	0.084	0.036	0.045
0.038	0.064	0.086	0.812
0.032	0.031	0.143	0.794
0.065	0.054	0.001	0.880
0.836	0.123	0.001	0.040
>GCCCCATAAA	14-GCCCCATAAA	7.525562	-22.238090	0	T:41.0(20.50%),B:6798.3(6.82%),P:1e-9	Tpos:295.8,Tstd:193.5,Bpos:268.0,Bstd:161.6,StrandBias:-0.4,Multiplicity:1.10
0.001	0.180	0.753	0.066
0.021	0.842	0.001	0.136
0.167	0.745	0.026	0.062
0.088	0.796	0.001	0.115
0.088	0.719	0.107	0.086
0.814	0.054	0.001	0.131
0.055	0.063	0.074	0.808
0.852	0.046	0.042	0.060
0.835	0.087	0.014	0.064
0.850	0.002	0.033	0.115
>GACATATGGC	15-GACATATGGC	9.932382	-21.937155	0	T:16.0(8.00%),B:997.9(1.00%),P:1e-9	Tpos:197.5,Tstd:103.2,Bpos:277.0,Bstd:156.7,StrandBias:0.5,Multiplicity:1.06
0.001	0.001	0.997	0.001
0.866	0.001	0.001	0.132
0.001	0.997	0.001	0.001
0.997	0.001	0.001	0.001
0.196	0.001	0.069	0.734
0.916	0.082	0.001	0.001
0.001	0.001	0.126	0.872
0.001	0.001	0.997	0.001
0.001	0.001	0.997	0.001
0.124	0.728	0.001	0.147
>AATTAGCAGG	16-AATTAGCAGG	9.888036	-21.656409	0	T:18.0(9.00%),B:1345.4(1.35%),P:1e-9	Tpos:287.4,Tstd:175.6,Bpos:266.0,Bstd:163.1,StrandBias:-0.5,Multiplicity:1.06
0.799	0.099	0.101	0.001
0.997	0.001	0.001	0.001
0.102	0.001	0.001	0.896
0.001	0.001	0.054	0.944
0.900	0.001	0.001	0.098
0.107	0.001	0.769	0.123
0.001	0.997	0.001	0.001
0.900	0.001	0.001	0.098
0.102	0.001	0.787	0.110
0.001	0.001	0.997	0.001
>CTGTGAAAAG	17-CTGTGAAAAG	7.713021	-20.349904	0	T:60.0(30.00%),B:13563.6(13.60%),P:1e-8	Tpos:276.8,Tstd:165.6,Bpos:271.1,Bstd:162.9,StrandBias:0.2,Multiplicity:1.12
0.059	0.764	0.124	0.053
0.121	0.030	0.001	0.848
0.025	0.049	0.793	0.133
0.142	0.077	0.018	0.763
0.098	0.052	0.827	0.023
0.802	0.054	0.090	0.054
0.854	0.021	0.084	0.041
0.695	0.080	0.202	0.023
0.861	0.053	0.036	0.050
0.119	0.015	0.808	0.058
>GTCATCTGCT	18-GTCATCTGCT	7.638071	-20.284545	0	T:60.0(30.00%),B:13586.2(13.62%),P:1e-8	Tpos:270.1,Tstd:156.4,Bpos:272.3,Bstd:163.4,StrandBias:-0.4,Multiplicity:1.14
0.096	0.001	0.902	0.001
0.001	0.194	0.294	0.511
0.001	0.900	0.098	0.001
0.936	0.062	0.001	0.001
0.324	0.073	0.089	0.514
0.001	0.766	0.102	0.131
0.001	0.001	0.001	0.997
0.001	0.082	0.916	0.001
0.093	0.752	0.001	0.154
0.001	0.001	0.001	0.997
>TTATTGTCCC	19-TTATTGTCCC	8.767974	-19.788568	0	T:12.0(6.00%),B:566.1(0.57%),P:1e-8	Tpos:361.9,Tstd:253.6,Bpos:273.3,Bstd:160.8,StrandBias:-1.6,Multiplicity:1.00
0.001	0.001	0.222	0.776
0.001	0.001	0.001	0.997
0.997	0.001	0.001	0.001
0.001	0.001	0.001	0.997
0.001	0.001	0.087	0.911
0.001	0.324	0.674	0.001
0.001	0.001	0.001	0.997
0.001	0.997	0.001	0.001
0.001	0.997	0.001	0.001
0.001	0.997	0.001	0.001
>TGAGTTCCGA	20-TGAGTTCCGA	11.039319	-18.229997	0	T:10.0(5.00%),B:400.8(0.40%),P:1e-7	Tpos:247.4,Tstd:97.5,Bpos:252.8,Bstd:162.3,StrandBias:0.0,Multiplicity:1.00
0.168	0.001	0.001	0.830
0.209	0.001	0.789	0.001
0.997	0.001	0.001	0.001
0.001	0.001	0.997	0.001
0.135	0.001	0.169	0.695
0.001	0.001	0.001	0.997
0.001	0.997	0.001	0.001
0.001	0.997	0.001	0.001
0.001	0.244	0.684	0.071
0.997	0.001	0.001	0.001
>GAGATTGTGA	21-GAGATTGTGA	11.988085	-17.987809	0	T:8.0(4.00%),B:211.3(0.21%),P:1e-7	Tpos:322.1,Tstd:196.5,Bpos:280.2,Bstd:161.8,StrandBias:0.0,Multiplicity:1.00
0.001	0.001	0.997	0.001
0.868	0.001	0.001	0.130
0.001	0.001	0.997	0.001
0.997	0.001	0.001	0.001
0.001	0.001	0.001	0.997
0.001	0.001	0.001	0.997
0.181	0.001	0.817	0.001
0.001	0.001	0.001	0.997
0.001	0.001	0.997	0.001
0.997	0.001	0.001	0.001
>KRTAGGGARG	22-KRTAGGGARG	11.011732	-13.942510	0	T:17.0(8.50%),B:2019.7(2.03%),P:1e-6	Tpos:283.9,Tstd:155.5,Bpos:272.0,Bstd:155.5,StrandBias:0.5,Multiplicity:1.29
0.252	0.001	0.407	0.340
0.518	0.001	0.480	0.001
0.001	0.001	0.001	0.997
0.997	0.001	0.001	0.001
0.001	0.001	0.997	0.001
0.001	0.001	0.997	0.001
0.001	0.001	0.997	0.001
0.997	0.001	0.001	0.001
0.546	0.001	0.452	0.001
0.001	0.001	0.997	0.001
>TTGTGGAATG	23-TTGTGGAATG	6.378566	-9.451451	0	T:9.0(4.50%),B:872.5(0.87%),P:1e-4	Tpos:246.0,Tstd:118.1,Bpos:274.8,Bstd:156.5,StrandBias:-1.2,Multiplicity:1.44
0.001	0.001	0.001	0.997
0.283	0.001	0.001	0.715
0.001	0.001	0.997	0.001
0.001	0.001	0.001	0.997
0.001	0.001	0.766	0.232
0.001	0.001	0.997	0.001
0.749	0.001	0.001	0.249
0.997	0.001	0.001	0.001
0.001	0.001	0.001	0.997
0.001	0.001	0.997	0.001
