>TTTVACACCY	1-TTTVACACCY	7.461561	-76.000616	0	T:97.0(48.50%),B:13031.9(13.07%),P:1e-33	Tpos:299.6,Tstd:164.5,Bpos:273.2,Bstd:163.7,StrandBias:0.1,Multiplicity:1.52
0.166	0.212	0.108	0.514
0.190	0.001	0.092	0.717
0.047	0.001	0.001	0.951
0.297	0.390	0.312	0.001
0.840	0.021	0.031	0.108
0.018	0.980	0.001	0.001
0.917	0.001	0.001	0.081
0.001	0.859	0.076	0.064
0.124	0.737	0.001	0.138
0.178	0.342	0.001	0.479
>CAGCCATAAA	2-CAGCCATAAA	9.985369	-59.691613	0	T:33.0(16.50%),B:1245.6(1.25%),P:1e-25	Tpos:239.0,Tstd:124.1,Bpos:270.4,Bstd:161.9,StrandBias:-0.8,Multiplicity:1.00
0.135	0.692	0.172	0.001
0.816	0.001	0.119	0.064
0.001	0.066	0.932	0.001
0.001	0.997	0.001	0.001
0.170	0.828	0.001	0.001
0.945	0.053	0.001	0.001
0.001	0.001	0.001	0.997
0.997	0.001	0.001	0.001
0.997	0.001	0.001	0.001
0.997	0.001	0.001	0.001
>CCTTTGAAGT	3-CCTTTGAAGT	8.618864	-49.494252	0	T:53.0(26.50%),B:5422.1(5.44%),P:1e-21	Tpos:300.1,Tstd:182.7,Bpos:272.4,Bstd:165.8,StrandBias:-0.1,Multiplicity:1.29
0.088	0.673	0.219	0.020
0.064	0.817	0.001	0.118
0.001	0.001	0.001	0.997
0.001	0.042	0.094	0.863
0.018	0.001	0.027	0.954
0.051	0.001	0.921	0.027
0.864	0.029	0.027	0.080
0.741	0.001	0.022	0.236
0.103	0.131	0.692	0.074
0.234	0.185	0.090	0.491
>CCTGACACCT	4-CCTGACACCT	7.210899	-44.215804	0	T:106.0(53.00%),B:23069.7(23.13%),P:1e-19	Tpos:285.9,Tstd:199.0,Bpos:270.9,Bstd:162.9,StrandBias:0.1,Multiplicity:1.42
0.088	0.701	0.066	0.145
0.010	0.799	0.130	0.061
0.038	0.022	0.021	0.919
0.066	0.117	0.731	0.086
0.757	0.111	0.058	0.074
0.026	0.868	0.026	0.080
0.746	0.152	0.042	0.060
0.053	0.814	0.084	0.049
0.064	0.827	0.001	0.108
0.011	0.140	0.001	0.848
>CCATTTGGTC	5-CCATTTGGTC	10.021245	-40.748750	0	T:25.0(12.50%),B:1144.4(1.15%),P:1e-17	Tpos:264.8,Tstd:164.6,Bpos:268.3,Bstd:165.8,StrandBias:0.2,Multiplicity:1.04
0.001	0.997	0.001	0.001
0.001	0.997	0.001	0.001
0.997	0.001	0.001	0.001
0.001	0.043	0.001	0.955
0.001	0.036	0.001	0.962
0.001	0.001	0.001	0.997
0.001	0.001	0.997	0.001
0.001	0.038	0.925	0.036
0.001	0.241	0.001	0.757
0.048	0.870	0.046	0.036
>TTTATGGCCT	6-TTTATGGCCT	8.508242	-34.006350	0	T:25.0(12.50%),B:1539.2(1.54%),P:1e-14	Tpos:313.0,Tstd:282.4,Bpos:277.4,Bstd:166.4,StrandBias:0.0,Multiplicity:1.00
0.001	0.001	0.001	0.997
0.001	0.001	0.001	0.997
0.001	0.001	0.001	0.997
0.997	0.001	0.001	0.001
0.001	0.001	0.001	0.997
0.001	0.001	0.646	0.352
0.072	0.001	0.926	0.001
0.173	0.825	0.001	0.001
0.001	0.997	0.001	0.001
0.400	0.001	0.001	0.598
>AGGCTGTAAA	7-AGGCTGTAAA	10.384424	-27.727566	0	T:16.0(8.00%),B:670.0(0.67%),P:1e-12	Tpos:272.2,Tstd:150.6,Bpos:272.3,Bstd:163.8,StrandBias:-0.6,Multiplicity:1.25
0.675	0.167	0.001	0.157
0.003	0.326	0.670	0.001
0.001	0.001	0.997	0.001
0.064	0.853	0.001	0.082
0.001	0.001	0.001	0.997
0.071	0.001	0.927	0.001
0.001	0.001	0.001	0.997
0.738	0.180	0.001	0.081
0.997	0.001	0.001	0.001
0.997	0.001	0.001	0.001
>AATTAGGACC	8-AATTAGGACC	7.721560	-26.406305	0	T:35.0(17.50%),B:4383.1(4.39%),P:1e-11	Tpos:305.6,Tstd:197.5,Bpos:269.3,Bstd:166.0,StrandBias:0.3,Multiplicity:1.03
0.884	0.040	0.001	0.075
0.607	0.076	0.171	0.146
0.065	0.078	0.001	0.856
0.032	0.026	0.076	0.866
0.903	0.001	0.024	0.072
0.121	0.147	0.701	0.031
0.001	0.034	0.859	0.106
0.677	0.117	0.131	0.075
0.036	0.806	0.124	0.034
0.017	0.855	0.001	0.127
>GACTATAATT	9-GACTATAATT	11.427488	-25.413707	0	T:10.0(5.00%),B:188.9(0.19%),P:1e-11	Tpos:299.9,Tstd:129.0,Bpos:269.7,Bstd:149.7,StrandBias:0.0,Multiplicity:1.00
0.001	0.110	0.888	0.001
0.997	0.001	0.001	0.001
0.001	0.997	0.001	0.001
0.001	0.001	0.001	0.997
0.997	0.001	0.001	0.001
0.001	0.001	0.001	0.997
0.997	0.001	0.001	0.001
0.897	0.101	0.001	0.001
0.001	0.001	0.001	0.997
0.001	0.001	0.001	0.997
>WTAGCACCTC	10-WTAGCACCTC	7.546330	-25.309769	0	T:57.0(28.50%),B:10988.2(11.02%),P:1e-10	Tpos:277.5,Tstd:158.6,Bpos:270.6,Bstd:163.7,StrandBias:-0.1,Multiplicity:1.22
0.411	0.134	0.001	0.454
0.001	0.203	0.060	0.736
0.730	0.001	0.268	0.001
0.001	0.256	0.505	0.238
0.001	0.997	0.001	0.001
0.800	0.033	0.126	0.041
0.001	0.837	0.086	0.076
0.120	0.737	0.001	0.142
0.151	0.141	0.025	0.683
0.001	0.901	0.097	0.001
>GTAAAGATGC	11-GTAAAGATGC	8.064056	-24.854807	0	T:47.0(23.50%),B:7968.1(7.99%),P:1e-10	Tpos:275.8,Tstd:171.4,Bpos:271.1,Bstd:163.7,StrandBias:1.0,Multiplicity:1.15
0.254	0.001	0.744	0.001
0.261	0.001	0.070	0.668
0.740	0.001	0.046	0.213
0.997	0.001	0.001	0.001
0.859	0.001	0.139	0.001
0.248	0.001	0.750	0.001
0.558	0.320	0.001	0.121
0.001	0.001	0.060	0.938
0.001	0.001	0.734	0.264
0.046	0.626	0.227	0.101
>AGTGAGGCCT	12-AGTGAGGCCT	9.592847	-24.525882	0	T:19.0(9.50%),B:1280.8(1.28%),P:1e-10	Tpos:374.2,Tstd:341.0,Bpos:274.1,Bstd:163.6,StrandBias:-0.1,Multiplicity:1.21
0.924	0.074	0.001	0.001
0.001	0.001	0.997	0.001
0.019	0.001	0.024	0.956
0.001	0.001	0.934	0.064
0.961	0.001	0.037	0.001
0.001	0.091	0.642	0.266
0.032	0.150	0.817	0.001
0.037	0.890	0.032	0.041
0.001	0.871	0.090	0.038
0.001	0.001	0.001	0.997
>ACTTGATTTA	13-ACTTGATTTA	7.538220	-22.646228	0	T:39.0(19.50%),B:6133.1(6.15%),P:1e-9	Tpos:324.7,Tstd:183.3,Bpos:269.2,Bstd:168.5,StrandBias:0.1,Multiplicity:1.05
0.784	0.124	0.029	0.063
0.119	0.785	0.075	0.021
0.234	0.067	0.054	0.645
0.096	0.001	0.040	0.863
0.087	0.065	0.783	0.065
0.835	0.084	0.036	0.045
0.038	0.064	0.086	0.812
0.032	0.031	0.143	0.794
0.065	0.054	0.001	0.880
0.836	0.123	0.001	0.040
>GCCCCATAAA	14-GCCCCATAAA	7.525562	-22.238090	0	T:41.0(20.50%),B:6798.3(6.82%),P:1e-9	Tpos:295.8,Tstd:193.5,Bpos:268.0,Bstd:161.6,StrandBias:-0.4,Multiplicity:1.10
0.001	0.180	0.753	0.066
0.021	0.842	0.001	0.136
0.167	0.745	0.026	0.062
0.088	0.796	0.001	0.115
0.088	0.719	0.107	0.086
0.814	0.054	0.001	0.131
0.055	0.063	0.074	0.808
0.852	0.046	0.042	0.060
0.835	0.087	0.014	0.064
0.850	0.002	0.033	0.115
>GACATATGGC	15-GACATATGGC	9.932382	-21.937155	0	T:16.0(8.00%),B:997.9(1.00%),P:1e-9	Tpos:197.5,Tstd:103.2,Bpos:277.0,Bstd:156.7,StrandBias:0.5,Multiplicity:1.06
0.001	0.001	0.997	0.001
0.866	0.001	0.001	0.132
0.001	0.997	0.001	0.001
0.997	0.001	0.001	0.001
0.196	0.001	0.069	0.734
0.916	0.082	0.001	0.001
0.001	0.001	0.126	0.872
0.001	0.001	0.997	0.001
0.001	0.001	0.997	0.001
0.124	0.728	0.001	0.147
>AATTAGCAGG	16-AATTAGCAGG	9.888036	-21.656409	0	T:18.0(9.00%),B:1345.4(1.35%),P:1e-9	Tpos:287.4,Tstd:175.6,Bpos:266.0,Bstd:163.1,StrandBias:-0.5,Multiplicity:1.06
0.799	0.099	0.101	0.001
0.997	0.001	0.001	0.001
0.102	0.001	0.001	0.896
0.001	0.001	0.054	0.944
0.900	0.001	0.001	0.098
0.107	0.001	0.769	0.123
0.001	0.997	0.001	0.001
0.900	0.001	0.001	0.098
0.102	0.001	0.787	0.110
0.001	0.001	0.997	0.001
>CTGTGAAAAG	17-CTGTGAAAAG	7.713021	-20.349904	0	T:60.0(30.00%),B:13563.6(13.60%),P:1e-8	Tpos:276.8,Tstd:165.6,Bpos:271.1,Bstd:162.9,StrandBias:0.2,Multiplicity:1.12
0.059	0.764	0.124	0.053
0.121	0.030	0.001	0.848
0.025	0.049	0.793	0.133
0.142	0.077	0.018	0.763
0.098	0.052	0.827	0.023
0.802	0.054	0.090	0.054
0.854	0.021	0.084	0.041
0.695	0.080	0.202	0.023
0.861	0.053	0.036	0.050
0.119	0.015	0.808	0.058
>GTCATCTGCT	18-GTCATCTGCT	7.638071	-20.284545	0	T:60.0(30.00%),B:13586.2(13.62%),P:1e-8	Tpos:270.1,Tstd:156.4,Bpos:272.3,Bstd:163.4,StrandBias:-0.4,Multiplicity:1.14
0.096	0.001	0.902	0.001
0.001	0.194	0.294	0.511
0.001	0.900	0.098	0.001
0.936	0.062	0.001	0.001
0.324	0.073	0.089	0.514
0.001	0.766	0.102	0.131
0.001	0.001	0.001	0.997
0.001	0.082	0.916	0.001
0.093	0.752	0.001	0.154
0.001	0.001	0.001	0.997
>TTATTGTCCC	19-TTATTGTCCC	8.767974	-19.788568	0	T:12.0(6.00%),B:566.1(0.57%),P:1e-8	Tpos:361.9,Tstd:253.6,Bpos:273.3,Bstd:160.8,StrandBias:-1.6,Multiplicity:1.00
0.001	0.001	0.222	0.776
0.001	0.001	0.001	0.997
0.997	0.001	0.001	0.001
0.001	0.001	0.001	0.997
0.001	0.001	0.087	0.911
0.001	0.324	0.674	0.001
0.001	0.001	0.001	0.997
0.001	0.997	0.001	0.001
0.001	0.997	0.001	0.001
0.001	0.997	0.001	0.001
>TGAGTTCCGA	20-TGAGTTCCGA	11.039319	-18.229997	0	T:10.0(5.00%),B:400.8(0.40%),P:1e-7	Tpos:247.4,Tstd:97.5,Bpos:252.8,Bstd:162.3,StrandBias:0.0,Multiplicity:1.00
0.168	0.001	0.001	0.830
0.209	0.001	0.789	0.001
0.997	0.001	0.001	0.001
0.001	0.001	0.997	0.001
0.135	0.001	0.169	0.695
0.001	0.001	0.001	0.997
0.001	0.997	0.001	0.001
0.001	0.997	0.001	0.001
0.001	0.244	0.684	0.071
0.997	0.001	0.001	0.001
>GAGATTGTGA	21-GAGATTGTGA	11.988085	-17.987809	0	T:8.0(4.00%),B:211.3(0.21%),P:1e-7	Tpos:322.1,Tstd:196.5,Bpos:280.2,Bstd:161.8,StrandBias:0.0,Multiplicity:1.00
0.001	0.001	0.997	0.001
0.868	0.001	0.001	0.130
0.001	0.001	0.997	0.001
0.997	0.001	0.001	0.001
0.001	0.001	0.001	0.997
0.001	0.001	0.001	0.997
0.181	0.001	0.817	0.001
0.001	0.001	0.001	0.997
0.001	0.001	0.997	0.001
0.997	0.001	0.001	0.001
>KRTAGGGARG	22-KRTAGGGARG	11.011732	-13.942510	0	T:17.0(8.50%),B:2019.7(2.03%),P:1e-6	Tpos:283.9,Tstd:155.5,Bpos:272.0,Bstd:155.5,StrandBias:0.5,Multiplicity:1.29
0.252	0.001	0.407	0.340
0.518	0.001	0.480	0.001
0.001	0.001	0.001	0.997
0.997	0.001	0.001	0.001
0.001	0.001	0.997	0.001
0.001	0.001	0.997	0.001
0.001	0.001	0.997	0.001
0.997	0.001	0.001	0.001
0.546	0.001	0.452	0.001
0.001	0.001	0.997	0.001
>TTGTGGAATG	23-TTGTGGAATG	6.378566	-9.451451	0	T:9.0(4.50%),B:872.5(0.87%),P:1e-4	Tpos:246.0,Tstd:118.1,Bpos:274.8,Bstd:156.5,StrandBias:-1.2,Multiplicity:1.44
0.001	0.001	0.001	0.997
0.283	0.001	0.001	0.715
0.001	0.001	0.997	0.001
0.001	0.001	0.001	0.997
0.001	0.001	0.766	0.232
0.001	0.001	0.997	0.001
0.749	0.001	0.001	0.249
0.997	0.001	0.001	0.001
0.001	0.001	0.001	0.997
0.001	0.001	0.997	0.001
>TTCACACCYCTG	1-TTCACACCYCTG	7.563110	-70.793644	0	T:100.0(50.00%),B:14821.1(14.86%),P:1e-30	Tpos:288.4,Tstd:153.1,Bpos:272.1,Bstd:162.2,StrandBias:0.1,Multiplicity:1.58
0.001	0.230	0.060	0.709
0.001	0.021	0.001	0.977
0.159	0.433	0.271	0.137
0.836	0.065	0.001	0.098
0.001	0.928	0.070	0.001
0.997	0.001	0.001	0.001
0.001	0.871	0.127	0.001
0.059	0.831	0.077	0.033
0.001	0.495	0.001	0.503
0.212	0.487	0.001	0.300
0.247	0.029	0.159	0.565
0.111	0.276	0.584	0.029
>NTTTTATGGCTG	2-NTTTTATGGCTG	8.882478	-50.188656	0	T:41.0(20.50%),B:2952.5(2.96%),P:1e-21	Tpos:276.4,Tstd:165.9,Bpos:268.1,Bstd:165.8,StrandBias:0.8,Multiplicity:1.05
0.226	0.296	0.291	0.187
0.155	0.001	0.099	0.745
0.001	0.001	0.001	0.997
0.086	0.001	0.001	0.912
0.088	0.059	0.001	0.852
0.997	0.001	0.001	0.001
0.140	0.001	0.100	0.759
0.065	0.001	0.780	0.154
0.054	0.070	0.875	0.001
0.001	0.850	0.079	0.070
0.001	0.099	0.070	0.830
0.001	0.214	0.507	0.278
>YSCTTTGAWGKG	3-YSCTTTGAWGKG	11.570087	-37.394009	0	T:17.0(8.50%),B:432.5(0.43%),P:1e-16	Tpos:256.2,Tstd:148.7,Bpos:274.6,Bstd:160.4,StrandBias:0.3,Multiplicity:1.06
0.157	0.393	0.001	0.450
0.001	0.558	0.440	0.001
0.001	0.997	0.001	0.001
0.001	0.001	0.001	0.997
0.001	0.001	0.001	0.997
0.001	0.001	0.001	0.997
0.001	0.001	0.812	0.186
0.874	0.001	0.124	0.001
0.473	0.001	0.012	0.514
0.188	0.001	0.798	0.013
0.001	0.001	0.439	0.559
0.179	0.001	0.498	0.323
>TRAATYATACAT	4-TRAATYATACAT	11.259667	-35.208052	0	T:16.0(8.00%),B:408.5(0.41%),P:1e-15	Tpos:243.7,Tstd:129.6,Bpos:265.6,Bstd:163.5,StrandBias:-1.1,Multiplicity:1.00
0.147	0.001	0.001	0.851
0.534	0.001	0.464	0.001
0.997	0.001	0.001	0.001
0.997	0.001	0.001	0.001
0.001	0.001	0.356	0.642
0.156	0.447	0.001	0.395
0.741	0.257	0.001	0.001
0.001	0.242	0.220	0.537
0.997	0.001	0.001	0.001
0.001	0.838	0.160	0.001
0.997	0.001	0.001	0.001
0.148	0.063	0.001	0.788
>AAGTATAGTCTC	5-AAGTATAGTCTC	11.332837	-34.910230	0	T:9.0(4.50%),B:44.7(0.04%),P:1e-15	Tpos:271.9,Tstd:124.5,Bpos:265.0,Bstd:141.6,StrandBias:0.7,Multiplicity:1.00
0.997	0.001	0.001	0.001
0.997	0.001	0.001	0.001
0.001	0.001	0.863	0.135
0.001	0.001	0.001	0.997
0.997	0.001	0.001	0.001
0.001	0.001	0.001	0.997
0.997	0.001	0.001	0.001
0.001	0.001	0.997	0.001
0.001	0.001	0.001	0.997
0.001	0.997	0.001	0.001
0.001	0.097	0.038	0.864
0.001	0.997	0.001	0.001
>TTTAYWGCCTCT	6-TTTAYWGCCTCT	8.562733	-33.107371	0	T:40.0(20.00%),B:4582.5(4.59%),P:1e-14	Tpos:326.1,Tstd:243.4,Bpos:270.2,Bstd:163.6,StrandBias:-0.2,Multiplicity:1.07
0.218	0.008	0.001	0.773
0.001	0.002	0.001	0.996
0.001	0.001	0.001	0.997
0.946	0.052	0.001	0.001
0.001	0.569	0.002	0.428
0.407	0.001	0.082	0.510
0.001	0.004	0.994	0.001
0.001	0.753	0.001	0.245
0.213	0.663	0.004	0.120
0.005	0.362	0.001	0.632
0.111	0.806	0.001	0.082
0.318	0.176	0.001	0.505
>TGAAGGGCTCYC	7-TGAAGGGCTCYC	12.263818	-32.481942	0	T:12.0(6.00%),B:186.0(0.19%),P:1e-14	Tpos:313.6,Tstd:197.3,Bpos:269.2,Bstd:163.3,StrandBias:1.0,Multiplicity:1.00
0.001	0.001	0.001	0.997
0.169	0.001	0.829	0.001
0.875	0.123	0.001	0.001
0.997	0.001	0.001	0.001
0.001	0.001	0.822	0.176
0.001	0.001	0.835	0.163
0.001	0.001	0.997	0.001
0.001	0.814	0.184	0.001
0.143	0.001	0.001	0.855
0.001	0.997	0.001	0.001
0.037	0.505	0.001	0.457
0.001	0.997	0.001	0.001
>AGGCCAACTGGC	8-AGGCCAACTGGC	9.737086	-30.545718	0	T:13.0(6.50%),B:289.1(0.29%),P:1e-13	Tpos:305.3,Tstd:185.7,Bpos:277.4,Bstd:170.5,StrandBias:0.2,Multiplicity:1.00
0.867	0.001	0.001	0.131
0.001	0.001	0.997	0.001
0.001	0.001	0.997	0.001
0.001	0.997	0.001	0.001
0.001	0.997	0.001	0.001
0.945	0.001	0.001	0.053
0.802	0.001	0.001	0.196
0.001	0.837	0.001	0.161
0.001	0.001	0.001	0.997
0.001	0.001	0.997	0.001
0.001	0.001	0.997	0.001
0.001	0.905	0.001	0.093
>TGAATAAGGAGG	9-TGAATAAGGAGG	11.852280	-29.703199	0	T:9.0(4.50%),B:79.1(0.08%),P:1e-12	Tpos:319.6,Tstd:175.0,Bpos:270.5,Bstd:161.4,StrandBias:0.3,Multiplicity:1.00
0.001	0.001	0.196	0.802
0.001	0.001	0.997	0.001
0.997	0.001	0.001	0.001
0.997	0.001	0.001	0.001
0.001	0.001	0.001	0.997
0.997	0.001	0.001	0.001
0.803	0.001	0.152	0.044
0.001	0.001	0.997	0.001
0.001	0.001	0.997	0.001
0.997	0.001	0.001	0.001
0.001	0.001	0.997	0.001
0.001	0.001	0.997	0.001
>TCCAAGGACATG	10-TCCAAGGACATG	14.160100	-28.164411	0	T:9.0(4.50%),B:94.7(0.09%),P:1e-12	Tpos:272.1,Tstd:207.2,Bpos:268.5,Bstd:162.0,StrandBias:0.3,Multiplicity:1.00
0.001	0.001	0.001	0.997
0.001	0.997	0.001	0.001
0.001	0.843	0.001	0.155
0.811	0.187	0.001	0.001
0.997	0.001	0.001	0.001
0.001	0.001	0.997	0.001
0.001	0.178	0.820	0.001
0.997	0.001	0.001	0.001
0.001	0.836	0.162	0.001
0.997	0.001	0.001	0.001
0.001	0.001	0.001	0.997
0.001	0.001	0.997	0.001
>AGGCATCACTGA	11-AGGCATCACTGA	10.428875	-27.816416	0	T:16.0(8.00%),B:666.1(0.67%),P:1e-12	Tpos:299.0,Tstd:205.2,Bpos:266.7,Bstd:170.5,StrandBias:-0.2,Multiplicity:1.13
0.997	0.001	0.001	0.001
0.001	0.001	0.997	0.001
0.001	0.001	0.986	0.012
0.001	0.997	0.001	0.001
0.680	0.001	0.318	0.001
0.001	0.001	0.001	0.997
0.001	0.807	0.191	0.001
0.586	0.222	0.191	0.001
0.001	0.764	0.234	0.001
0.001	0.001	0.001	0.997
0.001	0.234	0.764	0.001
0.468	0.223	0.001	0.307
>GGGTGATAACCA	12-GGGTGATAACCA	15.749868	-23.926136	0	T:5.0(2.50%),B:11.7(0.01%),P:1e-10	Tpos:361.2,Tstd:188.0,Bpos:254.6,Bstd:139.1,StrandBias:2.0,Multiplicity:1.00
0.170	0.001	0.828	0.001
0.213	0.001	0.785	0.001
0.001	0.001	0.997	0.001
0.001	0.001	0.001	0.997
0.001	0.001	0.997	0.001
0.997	0.001	0.001	0.001
0.001	0.213	0.001	0.785
0.997	0.001	0.001	0.001
0.997	0.001	0.001	0.001
0.170	0.828	0.001	0.001
0.001	0.997	0.001	0.001
0.997	0.001	0.001	0.001
>TTACAAATTAAC	13-TTACAAATTAAC	12.217641	-23.656317	0	T:9.0(4.50%),B:157.1(0.16%),P:1e-10	Tpos:282.4,Tstd:233.1,Bpos:295.7,Bstd:173.5,StrandBias:1.8,Multiplicity:1.00
0.001	0.001	0.001	0.997
0.001	0.001	0.001	0.997
0.751	0.247	0.001	0.001
0.001	0.764	0.001	0.234
0.997	0.001	0.001	0.001
0.764	0.234	0.001	0.001
0.723	0.001	0.275	0.001
0.001	0.001	0.001	0.997
0.001	0.001	0.234	0.764
0.529	0.235	0.001	0.235
0.764	0.001	0.234	0.001
0.001	0.997	0.001	0.001
>TTTATTATGCTC	14-TTTATTATGCTC	7.799849	-23.251292	0	T:41.0(20.50%),B:6572.8(6.59%),P:1e-10	Tpos:299.9,Tstd:177.6,Bpos:269.6,Bstd:164.2,StrandBias:-0.2,Multiplicity:1.15
0.118	0.062	0.107	0.713
0.001	0.057	0.105	0.837
0.206	0.105	0.001	0.688
0.737	0.218	0.001	0.044
0.062	0.096	0.114	0.728
0.161	0.044	0.001	0.794
0.732	0.091	0.176	0.001
0.101	0.191	0.090	0.618
0.001	0.233	0.565	0.201
0.011	0.890	0.001	0.098
0.055	0.151	0.001	0.793
0.059	0.814	0.043	0.084
>GGAGCTATGTTC	15-GGAGCTATGTTC	10.315489	-23.185650	0	T:6.0(3.00%),B:32.2(0.03%),P:1e-10	Tpos:236.2,Tstd:104.7,Bpos:291.4,Bstd:148.0,StrandBias:0.0,Multiplicity:1.00
0.001	0.001	0.997	0.001
0.001	0.001	0.997	0.001
0.997	0.001	0.001	0.001
0.001	0.001	0.814	0.184
0.001	0.997	0.001	0.001
0.001	0.001	0.134	0.864
0.997	0.001	0.001	0.001
0.001	0.001	0.001	0.997
0.075	0.001	0.923	0.001
0.001	0.001	0.001	0.997
0.001	0.001	0.001	0.997
0.001	0.997	0.001	0.001
>TCAGGGAGAGAT	16-TCAGGGAGAGAT	10.047754	-23.055130	0	T:19.0(9.50%),B:1398.1(1.40%),P:1e-10	Tpos:307.2,Tstd:168.3,Bpos:272.2,Bstd:157.6,StrandBias:-0.8,Multiplicity:1.00
0.183	0.091	0.094	0.632
0.272	0.726	0.001	0.001
0.714	0.166	0.001	0.119
0.001	0.165	0.833	0.001
0.109	0.166	0.724	0.001
0.025	0.001	0.973	0.001
0.650	0.006	0.004	0.340
0.094	0.003	0.902	0.001
0.993	0.003	0.001	0.003
0.001	0.093	0.905	0.001
0.988	0.005	0.006	0.001
0.064	0.003	0.003	0.930
>AGACCATWCMRT	17-AGACCATWCMRT	9.318631	-19.601088	0	T:8.0(4.00%),B:171.7(0.17%),P:1e-8	Tpos:269.4,Tstd:247.7,Bpos:258.4,Bstd:159.3,StrandBias:0.0,Multiplicity:1.00
0.997	0.001	0.001	0.001
0.029	0.001	0.969	0.001
0.997	0.001	0.001	0.001
0.001	0.997	0.001	0.001
0.001	0.997	0.001	0.001
0.997	0.001	0.001	0.001
0.001	0.001	0.001	0.997
0.484	0.080	0.001	0.434
0.001	0.997	0.001	0.001
0.434	0.564	0.001	0.001
0.463	0.001	0.535	0.001
0.029	0.001	0.001	0.969
>AGGGCCGAAGTC	18-AGGGCCGAAGTC	11.083139	-18.691489	0	T:9.0(4.50%),B:279.7(0.28%),P:1e-8	Tpos:263.8,Tstd:113.4,Bpos:278.4,Bstd:156.7,StrandBias:0.3,Multiplicity:1.00
0.835	0.001	0.139	0.025
0.180	0.001	0.818	0.001
0.001	0.001	0.997	0.001
0.001	0.001	0.841	0.157
0.001	0.997	0.001	0.001
0.025	0.842	0.001	0.132
0.319	0.132	0.548	0.001
0.665	0.132	0.202	0.001
0.882	0.001	0.116	0.001
0.001	0.001	0.796	0.202
0.001	0.001	0.202	0.796
0.001	0.687	0.180	0.132
>GGCACCTGCTGA	19-GGCACCTGCTGA	10.270253	-17.763065	0	T:16.0(8.00%),B:1344.6(1.35%),P:1e-7	Tpos:259.8,Tstd:143.7,Bpos:271.8,Bstd:159.7,StrandBias:0.4,Multiplicity:1.00
0.111	0.001	0.884	0.004
0.141	0.077	0.781	0.001
0.112	0.886	0.001	0.001
0.898	0.001	0.001	0.100
0.001	0.966	0.001	0.032
0.007	0.983	0.001	0.009
0.128	0.001	0.001	0.870
0.001	0.108	0.638	0.253
0.110	0.570	0.319	0.001
0.115	0.001	0.003	0.881
0.001	0.008	0.800	0.191
0.806	0.117	0.001	0.076
>GCMWTTATTACT	20-GCMWTTATTACT	11.168169	-16.321579	0	T:5.0(2.50%),B:51.8(0.05%),P:1e-7	Tpos:106.0,Tstd:116.6,Bpos:255.6,Bstd:166.0,StrandBias:10.0,Multiplicity:1.25
0.104	0.082	0.780	0.034
0.029	0.733	0.199	0.039
0.480	0.427	0.001	0.091
0.484	0.071	0.001	0.444
0.043	0.060	0.001	0.896
0.198	0.139	0.073	0.590
0.848	0.039	0.074	0.039
0.173	0.028	0.066	0.733
0.001	0.167	0.033	0.799
0.726	0.052	0.138	0.084
0.001	0.704	0.294	0.001
0.056	0.043	0.036	0.865
>TGTTAATGGCAC	21-TGTTAATGGCAC	8.463612	-15.861807	0	T:25.0(12.50%),B:3685.6(3.70%),P:1e-6	Tpos:285.4,Tstd:192.0,Bpos:269.1,Bstd:165.3,StrandBias:-0.4,Multiplicity:1.05
0.100	0.100	0.100	0.700
0.100	0.100	0.700	0.100
0.100	0.100	0.100	0.700
0.100	0.100	0.100	0.700
0.700	0.100	0.100	0.100
0.700	0.100	0.100	0.100
0.100	0.100	0.100	0.700
0.100	0.100	0.700	0.100
0.100	0.100	0.700	0.100
0.100	0.700	0.100	0.100
0.700	0.100	0.100	0.100
0.100	0.700	0.100	0.100
>CATTYCACCATC	22-CATTYCACCATC	11.697229	-15.604291	0	T:8.0(4.00%),B:289.2(0.29%),P:1e-6	Tpos:226.8,Tstd:151.5,Bpos:254.9,Bstd:157.3,StrandBias:0.6,Multiplicity:1.25
0.001	0.997	0.001	0.001
0.769	0.001	0.001	0.229
0.001	0.179	0.001	0.819
0.001	0.001	0.001	0.997
0.217	0.336	0.001	0.446
0.001	0.997	0.001	0.001
0.997	0.001	0.001	0.001
0.001	0.860	0.138	0.001
0.001	0.997	0.001	0.001
0.872	0.001	0.001	0.126
0.314	0.001	0.001	0.684
0.146	0.697	0.156	0.001
>TCCAATTCACAT	23-TCCAATTCACAT	12.300610	-14.937900	0	T:6.0(3.00%),B:130.4(0.13%),P:1e-6	Tpos:313.4,Tstd:113.1,Bpos:283.2,Bstd:178.1,StrandBias:0.7,Multiplicity:1.33
0.178	0.001	0.001	0.820
0.001	0.562	0.239	0.198
0.001	0.997	0.001	0.001
0.997	0.001	0.001	0.001
0.997	0.001	0.001	0.001
0.178	0.001	0.001	0.820
0.001	0.001	0.001	0.997
0.165	0.833	0.001	0.001
0.997	0.001	0.001	0.001
0.001	0.997	0.001	0.001
0.622	0.001	0.001	0.376
0.001	0.344	0.001	0.654
>TTCACACCCCTC	24-TTCACACCCCTC	8.215846	-12.347173	0	T:22.0(11.00%),B:3610.2(3.62%),P:1e-5	Tpos:245.4,Tstd:170.4,Bpos:267.1,Bstd:155.9,StrandBias:-1.9,Multiplicity:1.00
0.094	0.119	0.096	0.691
0.131	0.085	0.096	0.688
0.086	0.674	0.095	0.145
0.616	0.148	0.001	0.235
0.082	0.726	0.115	0.077
0.708	0.213	0.051	0.028
0.003	0.748	0.106	0.143
0.203	0.486	0.191	0.120
0.128	0.483	0.192	0.197
0.048	0.689	0.120	0.143
0.099	0.142	0.095	0.664
0.048	0.834	0.069	0.049
>TTTACAGCCTCA	25-TTTACAGCCTCA	8.463612	-9.677854	0	T:29.0(14.50%),B:6606.8(6.62%),P:1e-4	Tpos:400.0,Tstd:250.2,Bpos:270.8,Bstd:162.4,StrandBias:0.4,Multiplicity:1.00
0.100	0.100	0.100	0.700
0.100	0.100	0.100	0.700
0.100	0.100	0.100	0.700
0.700	0.100	0.100	0.100
0.100	0.700	0.100	0.100
0.700	0.100	0.100	0.100
0.100	0.100	0.700	0.100
0.100	0.700	0.100	0.100
0.100	0.700	0.100	0.100
0.100	0.100	0.100	0.700
0.100	0.700	0.100	0.100
0.700	0.100	0.100	0.100
>TTTATGGC	1-TTTATGGC	6.808012	-91.463010	0	T:92.0(46.00%),B:9549.8(9.58%),P:1e-39	Tpos:311.5,Tstd:243.5,Bpos:269.6,Bstd:166.2,StrandBias:0.4,Multiplicity:1.16
0.070	0.062	0.078	0.790
0.056	0.033	0.021	0.890
0.063	0.094	0.069	0.774
0.909	0.045	0.024	0.022
0.068	0.335	0.054	0.543
0.238	0.068	0.555	0.139
0.193	0.032	0.757	0.018
0.028	0.792	0.093	0.087
>TGDCACCT	2-TGDCACCT	7.598816	-64.541167	0	T:113.0(56.50%),B:20493.9(20.55%),P:1e-28	Tpos:276.1,Tstd:173.0,Bpos:272.0,Bstd:164.9,StrandBias:-0.0,Multiplicity:1.44
0.001	0.001	0.001	0.997
0.001	0.303	0.695	0.001
0.350	0.001	0.343	0.306
0.001	0.997	0.001	0.001
0.637	0.001	0.361	0.001
0.001	0.997	0.001	0.001
0.001	0.670	0.001	0.328
0.001	0.296	0.001	0.702
>GGTGTGAA	3-GGTGTGAA	7.501053	-62.836729	0	T:71.0(35.50%),B:7954.2(7.98%),P:1e-27	Tpos:290.0,Tstd:145.0,Bpos:272.3,Bstd:166.9,StrandBias:0.3,Multiplicity:1.52
0.110	0.037	0.852	0.001
0.001	0.001	0.997	0.001
0.001	0.001	0.001	0.997
0.001	0.001	0.997	0.001
0.001	0.001	0.001	0.997
0.047	0.104	0.760	0.089
0.997	0.001	0.001	0.001
0.997	0.001	0.001	0.001
>TTMDCACB	4-TTMDCACB	4.547034	-54.993167	0	T:138.0(69.00%),B:33395.8(33.48%),P:1e-23	Tpos:273.6,Tstd:212.9,Bpos:271.1,Bstd:163.9,StrandBias:0.1,Multiplicity:1.36
0.186	0.059	0.280	0.475
0.176	0.183	0.001	0.640
0.356	0.437	0.073	0.133
0.399	0.072	0.267	0.261
0.209	0.656	0.134	0.001
0.695	0.152	0.001	0.152
0.123	0.541	0.141	0.195
0.172	0.326	0.300	0.202
>CKTTGATG	5-CKTTGATG	9.101499	-41.471281	0	T:50.0(25.00%),B:5774.8(5.79%),P:1e-18	Tpos:344.1,Tstd:195.2,Bpos:271.1,Bstd:163.9,StrandBias:-0.0,Multiplicity:1.30
0.001	0.997	0.001	0.001
0.001	0.001	0.480	0.518
0.001	0.001	0.001	0.997
0.001	0.001	0.001	0.997
0.001	0.001	0.997	0.001
0.997	0.001	0.001	0.001
0.289	0.001	0.001	0.709
0.001	0.070	0.928	0.001
>ATTYACGG	6-ATTYACGG	7.604130	-26.068158	0	T:25.0(12.50%),B:2214.5(2.22%),P:1e-11	Tpos:307.9,Tstd:195.3,Bpos:272.7,Bstd:162.3,StrandBias:-0.1,Multiplicity:1.05
0.525	0.011	0.324	0.140
0.001	0.001	0.005	0.993
0.001	0.001	0.025	0.973
0.240	0.324	0.001	0.436
0.997	0.001	0.001	0.001
0.001	0.609	0.026	0.364
0.030	0.015	0.749	0.206
0.251	0.095	0.553	0.101
>GCCAWTTG	7-GCCAWTTG	6.731051	-25.956611	0	T:106.0(53.00%),B:29623.0(29.70%),P:1e-11	Tpos:267.7,Tstd:185.3,Bpos:271.8,Bstd:163.9,StrandBias:-0.1,Multiplicity:1.33
0.193	0.001	0.805	0.001
0.001	0.997	0.001	0.001
0.001	0.997	0.001	0.001
0.997	0.001	0.001	0.001
0.457	0.001	0.100	0.442
0.278	0.193	0.001	0.528
0.165	0.001	0.001	0.833
0.001	0.001	0.997	0.001
>TAATTACC	8-TAATTACC	6.270545	-23.767710	0	T:72.0(36.00%),B:16730.7(16.77%),P:1e-10	Tpos:262.6,Tstd:181.1,Bpos:270.6,Bstd:165.6,StrandBias:0.8,Multiplicity:1.11
0.084	0.001	0.001	0.914
0.571	0.244	0.058	0.127
0.961	0.013	0.001	0.025
0.001	0.017	0.001	0.981
0.001	0.025	0.030	0.944
0.864	0.047	0.043	0.046
0.001	0.854	0.144	0.001
0.093	0.905	0.001	0.001
>AGAGGCCT	9-AGAGGCCT	7.326571	-20.367422	0	T:71.0(35.50%),B:17638.1(17.68%),P:1e-8	Tpos:303.4,Tstd:213.7,Bpos:273.7,Bstd:165.1,StrandBias:-0.1,Multiplicity:1.18
0.589	0.089	0.085	0.237
0.001	0.001	0.997	0.001
0.941	0.001	0.001	0.057
0.001	0.155	0.578	0.266
0.001	0.026	0.902	0.071
0.001	0.997	0.001	0.001
0.081	0.610	0.308	0.001
0.001	0.001	0.001	0.997
>ATAGGGAG	10-ATAGGGAG	8.815527	-12.213307	0	T:21.0(10.50%),B:3360.4(3.37%),P:1e-5	Tpos:283.2,Tstd:176.9,Bpos:268.4,Bstd:160.2,StrandBias:1.4,Multiplicity:1.10
0.997	0.001	0.001	0.001
0.001	0.001	0.001	0.997
0.997	0.001	0.001	0.001
0.105	0.001	0.893	0.001
0.001	0.001	0.997	0.001
0.001	0.001	0.997	0.001
0.997	0.001	0.001	0.001
0.001	0.001	0.997	0.001
>TAYAAATC	11-TAYAAATC	7.941211	-11.565910	0	T:29.0(14.50%),B:5953.0(5.97%),P:1e-5	Tpos:324.7,Tstd:181.0,Bpos:269.2,Bstd:158.1,StrandBias:-0.4,Multiplicity:1.21
0.001	0.001	0.001	0.997
0.841	0.001	0.157	0.001
0.001	0.428	0.001	0.570
0.997	0.001	0.001	0.001
0.713	0.001	0.001	0.285
0.871	0.001	0.001	0.127
0.001	0.001	0.001	0.997
0.001	0.997	0.001	0.001
