>TTTATGGC	1-TTTATGGC	6.808012	-91.463010	0	T:92.0(46.00%),B:9549.8(9.58%),P:1e-39	Tpos:311.5,Tstd:243.5,Bpos:269.6,Bstd:166.2,StrandBias:0.4,Multiplicity:1.16
0.070	0.062	0.078	0.790
0.056	0.033	0.021	0.890
0.063	0.094	0.069	0.774
0.909	0.045	0.024	0.022
0.068	0.335	0.054	0.543
0.238	0.068	0.555	0.139
0.193	0.032	0.757	0.018
0.028	0.792	0.093	0.087
>TGDCACCT	2-TGDCACCT	7.598816	-64.541167	0	T:113.0(56.50%),B:20493.9(20.55%),P:1e-28	Tpos:276.1,Tstd:173.0,Bpos:272.0,Bstd:164.9,StrandBias:-0.0,Multiplicity:1.44
0.001	0.001	0.001	0.997
0.001	0.303	0.695	0.001
0.350	0.001	0.343	0.306
0.001	0.997	0.001	0.001
0.637	0.001	0.361	0.001
0.001	0.997	0.001	0.001
0.001	0.670	0.001	0.328
0.001	0.296	0.001	0.702
>GGTGTGAA	3-GGTGTGAA	7.501053	-62.836729	0	T:71.0(35.50%),B:7954.2(7.98%),P:1e-27	Tpos:290.0,Tstd:145.0,Bpos:272.3,Bstd:166.9,StrandBias:0.3,Multiplicity:1.52
0.110	0.037	0.852	0.001
0.001	0.001	0.997	0.001
0.001	0.001	0.001	0.997
0.001	0.001	0.997	0.001
0.001	0.001	0.001	0.997
0.047	0.104	0.760	0.089
0.997	0.001	0.001	0.001
0.997	0.001	0.001	0.001
>TTMDCACB	4-TTMDCACB	4.547034	-54.993167	0	T:138.0(69.00%),B:33395.8(33.48%),P:1e-23	Tpos:273.6,Tstd:212.9,Bpos:271.1,Bstd:163.9,StrandBias:0.1,Multiplicity:1.36
0.186	0.059	0.280	0.475
0.176	0.183	0.001	0.640
0.356	0.437	0.073	0.133
0.399	0.072	0.267	0.261
0.209	0.656	0.134	0.001
0.695	0.152	0.001	0.152
0.123	0.541	0.141	0.195
0.172	0.326	0.300	0.202
>CKTTGATG	5-CKTTGATG	9.101499	-41.471281	0	T:50.0(25.00%),B:5774.8(5.79%),P:1e-18	Tpos:344.1,Tstd:195.2,Bpos:271.1,Bstd:163.9,StrandBias:-0.0,Multiplicity:1.30
0.001	0.997	0.001	0.001
0.001	0.001	0.480	0.518
0.001	0.001	0.001	0.997
0.001	0.001	0.001	0.997
0.001	0.001	0.997	0.001
0.997	0.001	0.001	0.001
0.289	0.001	0.001	0.709
0.001	0.070	0.928	0.001
>ATTYACGG	6-ATTYACGG	7.604130	-26.068158	0	T:25.0(12.50%),B:2214.5(2.22%),P:1e-11	Tpos:307.9,Tstd:195.3,Bpos:272.7,Bstd:162.3,StrandBias:-0.1,Multiplicity:1.05
0.525	0.011	0.324	0.140
0.001	0.001	0.005	0.993
0.001	0.001	0.025	0.973
0.240	0.324	0.001	0.436
0.997	0.001	0.001	0.001
0.001	0.609	0.026	0.364
0.030	0.015	0.749	0.206
0.251	0.095	0.553	0.101
>GCCAWTTG	7-GCCAWTTG	6.731051	-25.956611	0	T:106.0(53.00%),B:29623.0(29.70%),P:1e-11	Tpos:267.7,Tstd:185.3,Bpos:271.8,Bstd:163.9,StrandBias:-0.1,Multiplicity:1.33
0.193	0.001	0.805	0.001
0.001	0.997	0.001	0.001
0.001	0.997	0.001	0.001
0.997	0.001	0.001	0.001
0.457	0.001	0.100	0.442
0.278	0.193	0.001	0.528
0.165	0.001	0.001	0.833
0.001	0.001	0.997	0.001
>TAATTACC	8-TAATTACC	6.270545	-23.767710	0	T:72.0(36.00%),B:16730.7(16.77%),P:1e-10	Tpos:262.6,Tstd:181.1,Bpos:270.6,Bstd:165.6,StrandBias:0.8,Multiplicity:1.11
0.084	0.001	0.001	0.914
0.571	0.244	0.058	0.127
0.961	0.013	0.001	0.025
0.001	0.017	0.001	0.981
0.001	0.025	0.030	0.944
0.864	0.047	0.043	0.046
0.001	0.854	0.144	0.001
0.093	0.905	0.001	0.001
>AGAGGCCT	9-AGAGGCCT	7.326571	-20.367422	0	T:71.0(35.50%),B:17638.1(17.68%),P:1e-8	Tpos:303.4,Tstd:213.7,Bpos:273.7,Bstd:165.1,StrandBias:-0.1,Multiplicity:1.18
0.589	0.089	0.085	0.237
0.001	0.001	0.997	0.001
0.941	0.001	0.001	0.057
0.001	0.155	0.578	0.266
0.001	0.026	0.902	0.071
0.001	0.997	0.001	0.001
0.081	0.610	0.308	0.001
0.001	0.001	0.001	0.997
>ATAGGGAG	10-ATAGGGAG	8.815527	-12.213307	0	T:21.0(10.50%),B:3360.4(3.37%),P:1e-5	Tpos:283.2,Tstd:176.9,Bpos:268.4,Bstd:160.2,StrandBias:1.4,Multiplicity:1.10
0.997	0.001	0.001	0.001
0.001	0.001	0.001	0.997
0.997	0.001	0.001	0.001
0.105	0.001	0.893	0.001
0.001	0.001	0.997	0.001
0.001	0.001	0.997	0.001
0.997	0.001	0.001	0.001
0.001	0.001	0.997	0.001
>TAYAAATC	11-TAYAAATC	7.941211	-11.565910	0	T:29.0(14.50%),B:5953.0(5.97%),P:1e-5	Tpos:324.7,Tstd:181.0,Bpos:269.2,Bstd:158.1,StrandBias:-0.4,Multiplicity:1.21
0.001	0.001	0.001	0.997
0.841	0.001	0.157	0.001
0.001	0.428	0.001	0.570
0.997	0.001	0.001	0.001
0.713	0.001	0.001	0.285
0.871	0.001	0.001	0.127
0.001	0.001	0.001	0.997
0.001	0.997	0.001	0.001
