>TTTATGGC	1-TTTATGGC,BestGuess:caudal(Homeobox)/Drosophila-Embryos-ChIP-Chip(modEncode)/Homer(0.931)	6.808012	-91.463010	0	T:92.0(46.00%),B:9549.8(9.58%),P:1e-39
0.070	0.062	0.078	0.790
0.056	0.033	0.021	0.890
0.063	0.094	0.069	0.774
0.909	0.045	0.024	0.022
0.068	0.335	0.054	0.543
0.238	0.068	0.555	0.139
0.193	0.032	0.757	0.018
0.028	0.792	0.093	0.087
>TTTVACACCY	1-TTTVACACCY,BestGuess:Tbx21(T-box)/GM12878-TBX21-ChIP-Seq(Encode)/Homer(0.959)	7.461561	-76.000616	0	T:97.0(48.50%),B:13031.9(13.07%),P:1e-33
0.166	0.212	0.108	0.514
0.190	0.001	0.092	0.717
0.047	0.001	0.001	0.951
0.297	0.390	0.312	0.001
0.840	0.021	0.031	0.108
0.018	0.980	0.001	0.001
0.917	0.001	0.001	0.081
0.001	0.859	0.076	0.064
0.124	0.737	0.001	0.138
0.178	0.342	0.001	0.479
>CCTTTGAAGT	3-CCTTTGAAGT,BestGuess:TCFL2(HMG)/K562-TCF7L2-ChIP-Seq(GSE29196)/Homer(0.951)	8.618864	-49.494252	0	T:53.0(26.50%),B:5422.1(5.44%),P:1e-21
0.088	0.673	0.219	0.020
0.064	0.817	0.001	0.118
0.001	0.001	0.001	0.997
0.001	0.042	0.094	0.863
0.018	0.001	0.027	0.954
0.051	0.001	0.921	0.027
0.864	0.029	0.027	0.080
0.741	0.001	0.022	0.236
0.103	0.131	0.692	0.074
0.234	0.185	0.090	0.491
>CCATTTGGTC	5-CCATTTGGTC,BestGuess:Mesp1(bHLH)/ESC-Mesp1-ChIP-Seq(GSE165102)/Homer(0.912)	10.021245	-40.748750	0	T:25.0(12.50%),B:1144.4(1.15%),P:1e-17
0.001	0.997	0.001	0.001
0.001	0.997	0.001	0.001
0.997	0.001	0.001	0.001
0.001	0.043	0.001	0.955
0.001	0.036	0.001	0.962
0.001	0.001	0.001	0.997
0.001	0.001	0.997	0.001
0.001	0.038	0.925	0.036
0.001	0.241	0.001	0.757
0.048	0.870	0.046	0.036
>TRAATYATACAT	4-TRAATYATACAT,BestGuess:Pit1+1bp(Homeobox)/GCrat-Pit1-ChIP-Seq(GSE58009)/Homer(0.772)	11.259667	-35.208052	0	T:16.0(8.00%),B:408.5(0.41%),P:1e-15
0.147	0.001	0.001	0.851
0.534	0.001	0.464	0.001
0.997	0.001	0.001	0.001
0.997	0.001	0.001	0.001
0.001	0.001	0.356	0.642
0.156	0.447	0.001	0.395
0.741	0.257	0.001	0.001
0.001	0.242	0.220	0.537
0.997	0.001	0.001	0.001
0.001	0.838	0.160	0.001
0.997	0.001	0.001	0.001
0.148	0.063	0.001	0.788
>AAGTATAGTCTC	5-AAGTATAGTCTC,BestGuess:nhr-86/MA2146.1/Jaspar(0.671)	11.332837	-34.910230	0	T:9.0(4.50%),B:44.7(0.04%),P:1e-15
0.997	0.001	0.001	0.001
0.997	0.001	0.001	0.001
0.001	0.001	0.863	0.135
0.001	0.001	0.001	0.997
0.997	0.001	0.001	0.001
0.001	0.001	0.001	0.997
0.997	0.001	0.001	0.001
0.001	0.001	0.997	0.001
0.001	0.001	0.001	0.997
0.001	0.997	0.001	0.001
0.001	0.097	0.038	0.864
0.001	0.997	0.001	0.001
>TGAAGGGCTCYC	7-TGAAGGGCTCYC,BestGuess:PB0099.1_Zfp691_1/Jaspar(0.617)	12.263818	-32.481942	0	T:12.0(6.00%),B:186.0(0.19%),P:1e-14
0.001	0.001	0.001	0.997
0.169	0.001	0.829	0.001
0.875	0.123	0.001	0.001
0.997	0.001	0.001	0.001
0.001	0.001	0.822	0.176
0.001	0.001	0.835	0.163
0.001	0.001	0.997	0.001
0.001	0.814	0.184	0.001
0.143	0.001	0.001	0.855
0.001	0.997	0.001	0.001
0.037	0.505	0.001	0.457
0.001	0.997	0.001	0.001
>TGAATAAGGAGG	9-TGAATAAGGAGG,BestGuess:SF2(RRM)/Drosophila_melanogaster-RNCMPT00066-PBM/HughesRNA(0.644)	11.852280	-29.703199	0	T:9.0(4.50%),B:79.1(0.08%),P:1e-12
0.001	0.001	0.196	0.802
0.001	0.001	0.997	0.001
0.997	0.001	0.001	0.001
0.997	0.001	0.001	0.001
0.001	0.001	0.001	0.997
0.997	0.001	0.001	0.001
0.803	0.001	0.152	0.044
0.001	0.001	0.997	0.001
0.001	0.001	0.997	0.001
0.997	0.001	0.001	0.001
0.001	0.001	0.997	0.001
0.001	0.001	0.997	0.001
>TCCAAGGACATG	10-TCCAAGGACATG,BestGuess:SF1(NR)/H295R-Nr5a1-ChIP-Seq(GSE44220)/Homer(0.701)	14.160100	-28.164411	0	T:9.0(4.50%),B:94.7(0.09%),P:1e-12
0.001	0.001	0.001	0.997
0.001	0.997	0.001	0.001
0.001	0.843	0.001	0.155
0.811	0.187	0.001	0.001
0.997	0.001	0.001	0.001
0.001	0.001	0.997	0.001
0.001	0.178	0.820	0.001
0.997	0.001	0.001	0.001
0.001	0.836	0.162	0.001
0.997	0.001	0.001	0.001
0.001	0.001	0.001	0.997
0.001	0.001	0.997	0.001
>AGGCATCACTGA	11-AGGCATCACTGA,BestGuess:Pax8(Paired,Homeobox)/Thyroid-Pax8-ChIP-Seq(GSE26938)/Homer(0.657)	10.428875	-27.816416	0	T:16.0(8.00%),B:666.1(0.67%),P:1e-12
0.997	0.001	0.001	0.001
0.001	0.001	0.997	0.001
0.001	0.001	0.986	0.012
0.001	0.997	0.001	0.001
0.680	0.001	0.318	0.001
0.001	0.001	0.001	0.997
0.001	0.807	0.191	0.001
0.586	0.222	0.191	0.001
0.001	0.764	0.234	0.001
0.001	0.001	0.001	0.997
0.001	0.234	0.764	0.001
0.468	0.223	0.001	0.307
>AATTAGGACC	8-AATTAGGACC,BestGuess:Odsh/dmmpmm(Noyes_hd)/fly(0.729)	7.721560	-26.406305	0	T:35.0(17.50%),B:4383.1(4.39%),P:1e-11
0.884	0.040	0.001	0.075
0.607	0.076	0.171	0.146
0.065	0.078	0.001	0.856
0.032	0.026	0.076	0.866
0.903	0.001	0.024	0.072
0.121	0.147	0.701	0.031
0.001	0.034	0.859	0.106
0.677	0.117	0.131	0.075
0.036	0.806	0.124	0.034
0.017	0.855	0.001	0.127
>GTAAAGATGC	11-GTAAAGATGC,BestGuess:HHO5/MA1164.2/Jaspar(0.718)	8.064056	-24.854807	0	T:47.0(23.50%),B:7968.1(7.99%),P:1e-10
0.254	0.001	0.744	0.001
0.261	0.001	0.070	0.668
0.740	0.001	0.046	0.213
0.997	0.001	0.001	0.001
0.859	0.001	0.139	0.001
0.248	0.001	0.750	0.001
0.558	0.320	0.001	0.121
0.001	0.001	0.060	0.938
0.001	0.001	0.734	0.264
0.046	0.626	0.227	0.101
>TAATTACC	8-TAATTACC,BestGuess:HOXB1/MA2093.1/Jaspar(0.885)	6.270545	-23.767710	0	T:72.0(36.00%),B:16730.7(16.77%),P:1e-10
0.084	0.001	0.001	0.914
0.571	0.244	0.058	0.127
0.961	0.013	0.001	0.025
0.001	0.017	0.001	0.981
0.001	0.025	0.030	0.944
0.864	0.047	0.043	0.046
0.001	0.854	0.144	0.001
0.093	0.905	0.001	0.001
>TTACAAATTAAC	13-TTACAAATTAAC,BestGuess:Hnf1(Homeobox)/Liver-Foxa2-Chip-Seq(GSE25694)/Homer(0.670)	12.217641	-23.656317	0	T:9.0(4.50%),B:157.1(0.16%),P:1e-10
0.001	0.001	0.001	0.997
0.001	0.001	0.001	0.997
0.751	0.247	0.001	0.001
0.001	0.764	0.001	0.234
0.997	0.001	0.001	0.001
0.764	0.234	0.001	0.001
0.723	0.001	0.275	0.001
0.001	0.001	0.001	0.997
0.001	0.001	0.234	0.764
0.529	0.235	0.001	0.235
0.764	0.001	0.234	0.001
0.001	0.997	0.001	0.001
>TTTATTATGCTC	14-TTTATTATGCTC,BestGuess:QKR58E-1(KH)/Drosophila_melanogaster-RNCMPT00142-PBM/HughesRNA(0.705)	7.799849	-23.251292	0	T:41.0(20.50%),B:6572.8(6.59%),P:1e-10
0.118	0.062	0.107	0.713
0.001	0.057	0.105	0.837
0.206	0.105	0.001	0.688
0.737	0.218	0.001	0.044
0.062	0.096	0.114	0.728
0.161	0.044	0.001	0.794
0.732	0.091	0.176	0.001
0.101	0.191	0.090	0.618
0.001	0.233	0.565	0.201
0.011	0.890	0.001	0.098
0.055	0.151	0.001	0.793
0.059	0.814	0.043	0.084
>GGAGCTATGTTC	15-GGAGCTATGTTC,BestGuess:Sox11/MA0869.3/Jaspar(0.660)	10.315489	-23.185650	0	T:6.0(3.00%),B:32.2(0.03%),P:1e-10
0.001	0.001	0.997	0.001
0.001	0.001	0.997	0.001
0.997	0.001	0.001	0.001
0.001	0.001	0.814	0.184
0.001	0.997	0.001	0.001
0.001	0.001	0.134	0.864
0.997	0.001	0.001	0.001
0.001	0.001	0.001	0.997
0.075	0.001	0.923	0.001
0.001	0.001	0.001	0.997
0.001	0.001	0.001	0.997
0.001	0.997	0.001	0.001
>TCAGGGAGAGAT	16-TCAGGGAGAGAT,BestGuess:SeqBias: GA-repeat(0.688)	10.047754	-23.055130	0	T:19.0(9.50%),B:1398.1(1.40%),P:1e-10
0.183	0.091	0.094	0.632
0.272	0.726	0.001	0.001
0.714	0.166	0.001	0.119
0.001	0.165	0.833	0.001
0.109	0.166	0.724	0.001
0.025	0.001	0.973	0.001
0.650	0.006	0.004	0.340
0.094	0.003	0.902	0.001
0.993	0.003	0.001	0.003
0.001	0.093	0.905	0.001
0.988	0.005	0.006	0.001
0.064	0.003	0.003	0.930
>ACTTGATTTA	13-ACTTGATTTA,BestGuess:Hoxd9(Homeobox)/EB-Hoxd9.HA-ChIP-Seq(GSE142377)/Homer(0.790)	7.538220	-22.646228	0	T:39.0(19.50%),B:6133.1(6.15%),P:1e-9
0.784	0.124	0.029	0.063
0.119	0.785	0.075	0.021
0.234	0.067	0.054	0.645
0.096	0.001	0.040	0.863
0.087	0.065	0.783	0.065
0.835	0.084	0.036	0.045
0.038	0.064	0.086	0.812
0.032	0.031	0.143	0.794
0.065	0.054	0.001	0.880
0.836	0.123	0.001	0.040
>GTCATCTGCT	18-GTCATCTGCT,BestGuess:hlh-1/MA0545.2/Jaspar(0.827)	7.638071	-20.284545	0	T:60.0(30.00%),B:13586.2(13.62%),P:1e-8
0.096	0.001	0.902	0.001
0.001	0.194	0.294	0.511
0.001	0.900	0.098	0.001
0.936	0.062	0.001	0.001
0.324	0.073	0.089	0.514
0.001	0.766	0.102	0.131
0.001	0.001	0.001	0.997
0.001	0.082	0.916	0.001
0.093	0.752	0.001	0.154
0.001	0.001	0.001	0.997
>AGACCATWCMRT	17-AGACCATWCMRT,BestGuess:Gli1/MA1990.2/Jaspar(0.645)	9.318631	-19.601088	0	T:8.0(4.00%),B:171.7(0.17%),P:1e-8
0.997	0.001	0.001	0.001
0.029	0.001	0.969	0.001
0.997	0.001	0.001	0.001
0.001	0.997	0.001	0.001
0.001	0.997	0.001	0.001
0.997	0.001	0.001	0.001
0.001	0.001	0.001	0.997
0.484	0.080	0.001	0.434
0.001	0.997	0.001	0.001
0.434	0.564	0.001	0.001
0.463	0.001	0.535	0.001
0.029	0.001	0.001	0.969
>TGAGTTCCGA	20-TGAGTTCCGA,BestGuess:STB4/MA0391.1/Jaspar(0.746)	11.039319	-18.229997	0	T:10.0(5.00%),B:400.8(0.40%),P:1e-7
0.168	0.001	0.001	0.830
0.209	0.001	0.789	0.001
0.997	0.001	0.001	0.001
0.001	0.001	0.997	0.001
0.135	0.001	0.169	0.695
0.001	0.001	0.001	0.997
0.001	0.997	0.001	0.001
0.001	0.997	0.001	0.001
0.001	0.244	0.684	0.071
0.997	0.001	0.001	0.001
>GAGATTGTGA	21-GAGATTGTGA,BestGuess:MATA1(MacIsaac)/Yeast(0.707)	11.988085	-17.987809	0	T:8.0(4.00%),B:211.3(0.21%),P:1e-7
0.001	0.001	0.997	0.001
0.868	0.001	0.001	0.130
0.001	0.001	0.997	0.001
0.997	0.001	0.001	0.001
0.001	0.001	0.001	0.997
0.001	0.001	0.001	0.997
0.181	0.001	0.817	0.001
0.001	0.001	0.001	0.997
0.001	0.001	0.997	0.001
0.997	0.001	0.001	0.001
>CATTYCACCATC	22-CATTYCACCATC,BestGuess:AGL55/MA1202.1/Jaspar(0.698)	11.697229	-15.604291	0	T:8.0(4.00%),B:289.2(0.29%),P:1e-6
0.001	0.997	0.001	0.001
0.769	0.001	0.001	0.229
0.001	0.179	0.001	0.819
0.001	0.001	0.001	0.997
0.217	0.336	0.001	0.446
0.001	0.997	0.001	0.001
0.997	0.001	0.001	0.001
0.001	0.860	0.138	0.001
0.001	0.997	0.001	0.001
0.872	0.001	0.001	0.126
0.314	0.001	0.001	0.684
0.146	0.697	0.156	0.001
>TCCAATTCACAT	23-TCCAATTCACAT,BestGuess:Tb_0251(RRM)/Trypanosoma_brucei-RNCMPT00251-PBM/HughesRNA(0.741)	12.300610	-14.937900	0	T:6.0(3.00%),B:130.4(0.13%),P:1e-6
0.178	0.001	0.001	0.820
0.001	0.562	0.239	0.198
0.001	0.997	0.001	0.001
0.997	0.001	0.001	0.001
0.997	0.001	0.001	0.001
0.178	0.001	0.001	0.820
0.001	0.001	0.001	0.997
0.165	0.833	0.001	0.001
0.997	0.001	0.001	0.001
0.001	0.997	0.001	0.001
0.622	0.001	0.001	0.376
0.001	0.344	0.001	0.654
