>AACAAATGGC	1-AACAAATGGC	7.091729	-247.290929	0	T:134.0(67.00%),B:6370.9(6.47%),P:1e-107	Tpos:312.1,Tstd:162.7,Bpos:295.7,Bstd:189.2,StrandBias:-0.0,Multiplicity:1.24
0.905	0.009	0.076	0.010
0.723	0.074	0.202	0.001
0.001	0.997	0.001	0.001
0.997	0.001	0.001	0.001
0.964	0.001	0.019	0.016
0.997	0.001	0.001	0.001
0.001	0.001	0.001	0.997
0.011	0.001	0.987	0.001
0.001	0.001	0.990	0.008
0.058	0.616	0.107	0.219
>CCAAATGGTC	2-CCAAATGGTC	7.901435	-150.407008	0	T:121.0(60.50%),B:10309.1(10.47%),P:1e-65	Tpos:325.3,Tstd:179.6,Bpos:295.2,Bstd:185.5,StrandBias:-0.0,Multiplicity:1.16
0.281	0.480	0.238	0.001
0.001	0.997	0.001	0.001
0.997	0.001	0.001	0.001
0.586	0.001	0.168	0.245
0.896	0.021	0.082	0.001
0.287	0.001	0.001	0.711
0.001	0.001	0.919	0.079
0.001	0.162	0.726	0.111
0.100	0.178	0.035	0.687
0.001	0.690	0.188	0.121
>CAGCAGGRGR	3-CAGCAGGRGR	7.786653	-29.826484	0	T:91.0(45.50%),B:21558.3(21.89%),P:1e-12	Tpos:323.8,Tstd:215.8,Bpos:297.9,Bstd:188.9,StrandBias:-0.3,Multiplicity:1.37
0.001	0.997	0.001	0.001
0.627	0.283	0.001	0.089
0.167	0.239	0.593	0.001
0.001	0.997	0.001	0.001
0.997	0.001	0.001	0.001
0.001	0.001	0.997	0.001
0.001	0.063	0.935	0.001
0.546	0.001	0.452	0.001
0.414	0.001	0.584	0.001
0.439	0.001	0.559	0.001
>TTGCATGGGG	4-TTGCATGGGG	10.308103	-25.641223	0	T:19.0(9.50%),B:1183.6(1.20%),P:1e-11	Tpos:367.6,Tstd:172.0,Bpos:284.5,Bstd:188.5,StrandBias:0.3,Multiplicity:1.00
0.001	0.001	0.087	0.911
0.236	0.001	0.001	0.762
0.001	0.078	0.920	0.001
0.001	0.997	0.001	0.001
0.716	0.057	0.226	0.001
0.001	0.001	0.110	0.888
0.001	0.001	0.997	0.001
0.001	0.001	0.997	0.001
0.001	0.001	0.997	0.001
0.103	0.001	0.895	0.001
>ATCAAGCAGA	5-ATCAAGCAGA	8.482732	-24.642772	0	T:22.0(11.00%),B:1766.6(1.79%),P:1e-10	Tpos:304.3,Tstd:143.9,Bpos:295.1,Bstd:189.8,StrandBias:-0.9,Multiplicity:1.05
0.598	0.018	0.214	0.170
0.338	0.026	0.116	0.520
0.021	0.892	0.012	0.075
0.633	0.203	0.001	0.163
0.862	0.035	0.062	0.041
0.227	0.110	0.598	0.065
0.138	0.562	0.051	0.249
0.778	0.032	0.041	0.149
0.068	0.032	0.819	0.081
0.552	0.177	0.211	0.060
>TTGTTTAAAC	6-TTGTTTAAAC	7.141237	-18.871466	0	T:49.0(24.50%),B:10104.4(10.26%),P:1e-8	Tpos:311.2,Tstd:211.0,Bpos:292.5,Bstd:191.3,StrandBias:0.7,Multiplicity:1.17
0.124	0.093	0.063	0.720
0.090	0.014	0.090	0.806
0.019	0.038	0.851	0.092
0.041	0.117	0.080	0.762
0.064	0.077	0.047	0.812
0.053	0.014	0.055	0.878
0.819	0.085	0.050	0.046
0.798	0.097	0.043	0.062
0.774	0.039	0.125	0.062
0.073	0.791	0.054	0.082
>CATCTGTTGC	7-CATCTGTTGC	10.016594	-17.702344	0	T:20.0(10.00%),B:2137.6(2.17%),P:1e-7	Tpos:325.0,Tstd:173.7,Bpos:296.4,Bstd:187.5,StrandBias:0.6,Multiplicity:1.00
0.001	0.791	0.094	0.114
0.946	0.001	0.001	0.052
0.001	0.092	0.065	0.842
0.001	0.895	0.103	0.001
0.001	0.001	0.001	0.997
0.001	0.075	0.923	0.001
0.001	0.001	0.001	0.997
0.001	0.001	0.060	0.938
0.104	0.059	0.836	0.001
0.092	0.823	0.001	0.084
>AAAYAAACAA	8-AAAYAAACAA	8.741181	-17.148031	0	T:60.0(30.00%),B:14586.8(14.81%),P:1e-7	Tpos:360.4,Tstd:185.1,Bpos:295.6,Bstd:204.8,StrandBias:0.0,Multiplicity:1.27
0.966	0.001	0.032	0.001
0.917	0.001	0.031	0.051
0.740	0.196	0.063	0.001
0.030	0.507	0.019	0.444
0.972	0.026	0.001	0.001
0.948	0.050	0.001	0.001
0.865	0.001	0.133	0.001
0.036	0.750	0.011	0.203
0.752	0.117	0.130	0.001
0.636	0.268	0.038	0.058
>GCTGTCACAA	9-GCTGTCACAA	9.716394	-16.436076	0	T:20.0(10.00%),B:2312.3(2.35%),P:1e-7	Tpos:308.4,Tstd:137.7,Bpos:301.0,Bstd:184.7,StrandBias:0.0,Multiplicity:1.00
0.001	0.001	0.927	0.071
0.001	0.890	0.001	0.108
0.001	0.001	0.001	0.997
0.001	0.001	0.997	0.001
0.082	0.001	0.042	0.875
0.001	0.875	0.001	0.123
0.844	0.082	0.001	0.073
0.093	0.727	0.067	0.113
0.858	0.140	0.001	0.001
0.997	0.001	0.001	0.001
>TAACAGCCAC	10-TAACAGCCAC	11.115961	-16.019579	0	T:10.0(5.00%),B:502.3(0.51%),P:1e-6	Tpos:392.9,Tstd:97.7,Bpos:295.4,Bstd:176.4,StrandBias:1.2,Multiplicity:1.00
0.077	0.001	0.001	0.921
0.997	0.001	0.001	0.001
0.997	0.001	0.001	0.001
0.001	0.997	0.001	0.001
0.997	0.001	0.001	0.001
0.001	0.001	0.997	0.001
0.001	0.997	0.001	0.001
0.001	0.997	0.001	0.001
0.853	0.001	0.001	0.145
0.001	0.997	0.001	0.001
>AAACAAACTG	11-AAACAAACTG	8.917923	-14.714852	0	T:22.0(11.00%),B:3079.4(3.13%),P:1e-6	Tpos:311.7,Tstd:201.6,Bpos:296.2,Bstd:191.6,StrandBias:0.2,Multiplicity:1.09
0.913	0.001	0.085	0.001
0.935	0.063	0.001	0.001
0.936	0.001	0.062	0.001
0.001	0.918	0.001	0.080
0.909	0.089	0.001	0.001
0.764	0.063	0.052	0.121
0.896	0.001	0.001	0.102
0.001	0.928	0.070	0.001
0.001	0.001	0.001	0.997
0.001	0.063	0.935	0.001
