>CCATTTGT	1-CCATTTGT	9.679020	-220.941800	0	T:135.0(67.50%),B:8008.4(8.13%),P:1e-95	Tpos:309.5,Tstd:155.3,Bpos:294.9,Bstd:187.7,StrandBias:0.2,Multiplicity:1.30
0.001	0.997	0.001	0.001
0.001	0.997	0.001	0.001
0.997	0.001	0.001	0.001
0.001	0.001	0.001	0.997
0.001	0.001	0.001	0.997
0.001	0.001	0.001	0.997
0.001	0.001	0.997	0.001
0.001	0.249	0.252	0.498
>ATTTATTT	2-ATTTATTT	5.934968	-27.163099	0	T:104.0(52.00%),B:27879.3(28.31%),P:1e-11	Tpos:358.9,Tstd:202.2,Bpos:295.4,Bstd:197.8,StrandBias:-0.2,Multiplicity:2.50
0.645	0.001	0.353	0.001
0.001	0.001	0.001	0.997
0.001	0.001	0.001	0.997
0.001	0.001	0.001	0.997
0.940	0.001	0.058	0.001
0.001	0.001	0.001	0.997
0.001	0.001	0.001	0.997
0.001	0.001	0.286	0.712
>ACAGATGT	3-ACAGATGT	8.086485	-22.422202	0	T:65.0(32.50%),B:14455.7(14.68%),P:1e-9	Tpos:328.6,Tstd:240.5,Bpos:297.0,Bstd:186.2,StrandBias:-0.6,Multiplicity:1.18
0.970	0.001	0.001	0.028
0.088	0.526	0.341	0.045
0.806	0.094	0.099	0.001
0.001	0.009	0.929	0.061
0.733	0.014	0.176	0.077
0.057	0.024	0.035	0.884
0.058	0.001	0.919	0.022
0.219	0.104	0.218	0.459
>GGCTTGTC	4-GGCTTGTC	6.400475	-16.819827	0	T:90.0(45.00%),B:26751.7(27.16%),P:1e-7	Tpos:338.4,Tstd:221.7,Bpos:295.3,Bstd:190.4,StrandBias:0.3,Multiplicity:1.33
0.042	0.001	0.956	0.001
0.001	0.001	0.928	0.070
0.001	0.970	0.001	0.028
0.096	0.001	0.001	0.902
0.001	0.001	0.120	0.878
0.001	0.001	0.923	0.075
0.001	0.109	0.108	0.782
0.134	0.653	0.126	0.087
>TAAACAAT	5-TAAACAAT	7.588914	-14.945533	0	T:53.0(26.50%),B:12906.1(13.10%),P:1e-6	Tpos:339.2,Tstd:208.8,Bpos:294.4,Bstd:184.4,StrandBias:0.4,Multiplicity:1.19
0.001	0.145	0.001	0.853
0.997	0.001	0.001	0.001
0.799	0.199	0.001	0.001
0.997	0.001	0.001	0.001
0.001	0.789	0.001	0.209
0.887	0.001	0.111	0.001
0.695	0.001	0.100	0.204
0.001	0.089	0.274	0.636
>CCGCAGGA	6-CCGCAGGA	5.408541	-14.757739	0	T:95.0(47.50%),B:30105.0(30.57%),P:1e-6	Tpos:298.0,Tstd:195.4,Bpos:297.1,Bstd:184.2,StrandBias:0.1,Multiplicity:1.40
0.141	0.637	0.122	0.100
0.198	0.554	0.088	0.160
0.163	0.122	0.611	0.104
0.100	0.678	0.128	0.094
0.667	0.102	0.088	0.143
0.122	0.095	0.642	0.141
0.113	0.172	0.612	0.103
0.603	0.128	0.161	0.108
