>GCAACAAATGGT	1-GCAACAAATGGT	7.915138	-193.928945	0	T:124.0(62.00%),B:7588.3(7.71%),P:1e-84	Tpos:302.5,Tstd:143.2,Bpos:295.7,Bstd:185.5,StrandBias:-0.1,Multiplicity:1.29
0.098	0.134	0.650	0.118
0.151	0.634	0.155	0.060
0.665	0.080	0.163	0.092
0.594	0.133	0.256	0.017
0.001	0.849	0.096	0.054
0.974	0.024	0.001	0.001
0.724	0.013	0.155	0.108
0.896	0.029	0.046	0.029
0.080	0.067	0.050	0.803
0.050	0.001	0.865	0.084
0.019	0.086	0.780	0.115
0.183	0.162	0.086	0.569
>GGCCAAATGGTT	2-GGCCAAATGGTT	8.021988	-99.304066	0	T:86.0(43.00%),B:7238.0(7.35%),P:1e-43	Tpos:291.6,Tstd:167.0,Bpos:290.4,Bstd:186.1,StrandBias:0.1,Multiplicity:1.13
0.109	0.053	0.580	0.258
0.106	0.078	0.613	0.203
0.165	0.464	0.234	0.137
0.074	0.924	0.001	0.001
0.997	0.001	0.001	0.001
0.695	0.080	0.106	0.119
0.859	0.001	0.084	0.056
0.100	0.036	0.126	0.738
0.001	0.001	0.832	0.166
0.001	0.101	0.795	0.103
0.077	0.107	0.081	0.735
0.089	0.162	0.128	0.621
>CAACAAATGGCC	3-CAACAAATGGCC	7.496852	-68.547837	0	T:95.0(47.50%),B:13504.9(13.71%),P:1e-29	Tpos:313.3,Tstd:204.3,Bpos:296.3,Bstd:186.4,StrandBias:0.1,Multiplicity:1.08
0.148	0.623	0.066	0.163
0.798	0.131	0.070	0.001
0.777	0.109	0.113	0.001
0.061	0.673	0.155	0.111
0.836	0.120	0.043	0.001
0.793	0.081	0.106	0.020
0.854	0.001	0.059	0.086
0.238	0.001	0.131	0.630
0.021	0.085	0.773	0.121
0.096	0.059	0.753	0.092
0.079	0.799	0.100	0.022
0.058	0.696	0.012	0.234
>ACCATTTGTTCC	4-ACCATTTGTTCC	7.284388	-65.052277	0	T:96.0(48.00%),B:14431.4(14.65%),P:1e-28	Tpos:296.9,Tstd:204.6,Bpos:297.5,Bstd:182.9,StrandBias:-0.1,Multiplicity:1.04
0.677	0.164	0.052	0.107
0.046	0.741	0.175	0.038
0.162	0.789	0.001	0.048
0.743	0.101	0.048	0.108
0.050	0.061	0.102	0.787
0.030	0.157	0.165	0.648
0.060	0.022	0.050	0.868
0.056	0.040	0.734	0.170
0.168	0.084	0.085	0.663
0.046	0.105	0.090	0.759
0.102	0.789	0.078	0.031
0.171	0.808	0.001	0.020
>ACTCTCTGGGAA	5-ACTCTCTGGGAA	9.080464	-20.767851	0	T:32.0(16.00%),B:4536.1(4.61%),P:1e-9	Tpos:346.9,Tstd:204.3,Bpos:293.7,Bstd:181.4,StrandBias:0.9,Multiplicity:1.06
0.807	0.043	0.095	0.055
0.001	0.878	0.051	0.070
0.116	0.057	0.090	0.737
0.001	0.993	0.001	0.005
0.113	0.055	0.101	0.731
0.076	0.769	0.093	0.062
0.001	0.001	0.001	0.997
0.060	0.001	0.867	0.072
0.267	0.001	0.687	0.045
0.166	0.001	0.732	0.101
0.886	0.001	0.049	0.064
0.926	0.072	0.001	0.001
>TAACAGCCACCA	6-TAACAGCCACCA	9.153052	-20.606605	0	T:7.0(3.50%),B:91.8(0.09%),P:1e-8	Tpos:415.0,Tstd:99.4,Bpos:306.6,Bstd:177.2,StrandBias:2.6,Multiplicity:1.00
0.001	0.001	0.001	0.997
0.997	0.001	0.001	0.001
0.997	0.001	0.001	0.001
0.001	0.997	0.001	0.001
0.997	0.001	0.001	0.001
0.001	0.001	0.997	0.001
0.001	0.997	0.001	0.001
0.001	0.997	0.001	0.001
0.769	0.001	0.001	0.229
0.001	0.997	0.001	0.001
0.246	0.752	0.001	0.001
0.741	0.001	0.001	0.257
>GAAYCTYTTTGA	7-GAAYCTYTTTGA	13.037417	-18.878066	0	T:5.0(2.50%),B:30.8(0.03%),P:1e-8	Tpos:195.4,Tstd:141.3,Bpos:262.4,Bstd:155.9,StrandBias:0.6,Multiplicity:1.00
0.001	0.001	0.997	0.001
0.997	0.001	0.001	0.001
0.997	0.001	0.001	0.001
0.001	0.451	0.001	0.547
0.001	0.997	0.001	0.001
0.001	0.001	0.001	0.997
0.001	0.451	0.001	0.547
0.001	0.001	0.001	0.997
0.001	0.001	0.094	0.904
0.001	0.001	0.001	0.997
0.001	0.001	0.997	0.001
0.997	0.001	0.001	0.001
>AGAGGCCACCTC	8-AGAGGCCACCTC	13.928888	-17.772265	0	T:7.0(3.50%),B:138.9(0.14%),P:1e-7	Tpos:182.3,Tstd:128.4,Bpos:304.9,Bstd:184.2,StrandBias:-1.3,Multiplicity:1.00
0.997	0.001	0.001	0.001
0.177	0.001	0.821	0.001
0.997	0.001	0.001	0.001
0.001	0.001	0.997	0.001
0.001	0.001	0.997	0.001
0.001	0.810	0.188	0.001
0.001	0.997	0.001	0.001
0.997	0.001	0.001	0.001
0.001	0.847	0.151	0.001
0.001	0.827	0.001	0.171
0.177	0.001	0.001	0.821
0.001	0.997	0.001	0.001
>AACAAACAAACA	9-AACAAACAAACA	12.677865	-13.046879	0	T:25.0(12.50%),B:4251.6(4.32%),P:1e-5	Tpos:349.9,Tstd:177.7,Bpos:291.1,Bstd:218.5,StrandBias:-0.5,Multiplicity:1.16
0.997	0.001	0.001	0.001
0.737	0.188	0.074	0.001
0.124	0.874	0.001	0.001
0.997	0.001	0.001	0.001
0.997	0.001	0.001	0.001
0.911	0.001	0.087	0.001
0.001	0.997	0.001	0.001
0.835	0.163	0.001	0.001
0.997	0.001	0.001	0.001
0.793	0.001	0.205	0.001
0.001	0.920	0.001	0.078
0.640	0.358	0.001	0.001
>AGCCCAGCAGGA	10-AGCCCAGCAGGA	8.463612	-12.534782	0	T:43.0(21.50%),B:10278.8(10.44%),P:1e-5	Tpos:344.9,Tstd:221.3,Bpos:296.1,Bstd:187.5,StrandBias:0.2,Multiplicity:1.12
0.700	0.100	0.100	0.100
0.100	0.100	0.700	0.100
0.100	0.700	0.100	0.100
0.100	0.700	0.100	0.100
0.100	0.700	0.100	0.100
0.700	0.100	0.100	0.100
0.100	0.100	0.700	0.100
0.100	0.700	0.100	0.100
0.700	0.100	0.100	0.100
0.100	0.100	0.700	0.100
0.100	0.100	0.700	0.100
0.700	0.100	0.100	0.100
>GCAGGGCTGAGG	11-GCAGGGCTGAGG	11.076299	-9.810763	0	T:12.0(6.00%),B:1466.9(1.49%),P:1e-4	Tpos:149.1,Tstd:136.2,Bpos:292.5,Bstd:187.1,StrandBias:0.2,Multiplicity:1.25
0.147	0.001	0.851	0.001
0.301	0.697	0.001	0.001
0.849	0.001	0.001	0.149
0.001	0.001	0.798	0.200
0.147	0.001	0.851	0.001
0.001	0.001	0.997	0.001
0.175	0.676	0.001	0.148
0.001	0.001	0.001	0.997
0.174	0.001	0.824	0.001
0.997	0.001	0.001	0.001
0.148	0.001	0.650	0.201
0.168	0.001	0.830	0.001
>ACTACATAAATA	12-ACTACATAAATA	7.396507	-9.046385	0	T:16.0(8.00%),B:2647.7(2.69%),P:1e-3	Tpos:381.7,Tstd:181.2,Bpos:294.4,Bstd:177.0,StrandBias:1.8,Multiplicity:1.12
0.898	0.002	0.099	0.001
0.149	0.849	0.001	0.001
0.040	0.001	0.096	0.863
0.989	0.001	0.001	0.009
0.008	0.990	0.001	0.001
0.997	0.001	0.001	0.001
0.032	0.001	0.001	0.966
0.997	0.001	0.001	0.001
0.996	0.002	0.001	0.001
0.997	0.001	0.001	0.001
0.001	0.001	0.095	0.903
0.995	0.003	0.001	0.001
>GCTGCTCCCCCT	13-GCTGCTCCCCCT	14.468278	-8.924764	0	T:3.0(1.50%),B:47.7(0.05%),P:1e-3	Tpos:175.6,Tstd:84.3,Bpos:354.3,Bstd:182.5,StrandBias:2.6,Multiplicity:2.33
0.001	0.001	0.997	0.001
0.001	0.997	0.001	0.001
0.159	0.001	0.001	0.839
0.001	0.001	0.997	0.001
0.001	0.997	0.001	0.001
0.001	0.001	0.001	0.997
0.001	0.886	0.001	0.112
0.001	0.835	0.163	0.001
0.001	0.997	0.001	0.001
0.001	0.997	0.001	0.001
0.001	0.997	0.001	0.001
0.001	0.001	0.001	0.997
