>AACAAATGGC	1-AACAAATGGC,BestGuess:Mesp1(bHLH)/ESC-Mesp1-ChIP-Seq(GSE165102)/Homer(0.945)	7.091729	-247.290929	0	T:134.0(67.00%),B:6370.9(6.47%),P:1e-107
0.905	0.009	0.076	0.010
0.723	0.074	0.202	0.001
0.001	0.997	0.001	0.001
0.997	0.001	0.001	0.001
0.964	0.001	0.019	0.016
0.997	0.001	0.001	0.001
0.001	0.001	0.001	0.997
0.011	0.001	0.987	0.001
0.001	0.001	0.990	0.008
0.058	0.616	0.107	0.219
>CAGCAGGRGR	3-CAGCAGGRGR,BestGuess:Unknown-ESC-element(?)/mES-Nanog-ChIP-Seq(GSE11724)/Homer(0.884)	7.786653	-29.826484	0	T:91.0(45.50%),B:21558.3(21.89%),P:1e-12
0.001	0.997	0.001	0.001
0.627	0.283	0.001	0.089
0.167	0.239	0.593	0.001
0.001	0.997	0.001	0.001
0.997	0.001	0.001	0.001
0.001	0.001	0.997	0.001
0.001	0.063	0.935	0.001
0.546	0.001	0.452	0.001
0.414	0.001	0.584	0.001
0.439	0.001	0.559	0.001
>TTGCATGGGG	4-TTGCATGGGG,BestGuess:FUS3(ABI3VP1)/col-FUS3-DAP-Seq(GSE60143)/Homer(0.735)	10.308103	-25.641223	0	T:19.0(9.50%),B:1183.6(1.20%),P:1e-11
0.001	0.001	0.087	0.911
0.236	0.001	0.001	0.762
0.001	0.078	0.920	0.001
0.001	0.997	0.001	0.001
0.716	0.057	0.226	0.001
0.001	0.001	0.110	0.888
0.001	0.001	0.997	0.001
0.001	0.001	0.997	0.001
0.001	0.001	0.997	0.001
0.103	0.001	0.895	0.001
>ATCAAGCAGA	5-ATCAAGCAGA,BestGuess:AT5G25475(ABI3VP1)/col-AT5G25475-DAP-Seq(GSE60143)/Homer(0.783)	8.482732	-24.642772	0	T:22.0(11.00%),B:1766.6(1.79%),P:1e-10
0.598	0.018	0.214	0.170
0.338	0.026	0.116	0.520
0.021	0.892	0.012	0.075
0.633	0.203	0.001	0.163
0.862	0.035	0.062	0.041
0.227	0.110	0.598	0.065
0.138	0.562	0.051	0.249
0.778	0.032	0.041	0.149
0.068	0.032	0.819	0.081
0.552	0.177	0.211	0.060
>ACTCTCTGGGAA	5-ACTCTCTGGGAA,BestGuess:RBPJ/MA1116.2/Jaspar(0.712)	9.080464	-20.767851	0	T:32.0(16.00%),B:4536.1(4.61%),P:1e-9
0.807	0.043	0.095	0.055
0.001	0.878	0.051	0.070
0.116	0.057	0.090	0.737
0.001	0.993	0.001	0.005
0.113	0.055	0.101	0.731
0.076	0.769	0.093	0.062
0.001	0.001	0.001	0.997
0.060	0.001	0.867	0.072
0.267	0.001	0.687	0.045
0.166	0.001	0.732	0.101
0.886	0.001	0.049	0.064
0.926	0.072	0.001	0.001
>TAACAGCCACCA	6-TAACAGCCACCA,BestGuess:CRZ1(MacIsaac)/Yeast(0.776)	9.153052	-20.606605	0	T:7.0(3.50%),B:91.8(0.09%),P:1e-8
0.001	0.001	0.001	0.997
0.997	0.001	0.001	0.001
0.997	0.001	0.001	0.001
0.001	0.997	0.001	0.001
0.997	0.001	0.001	0.001
0.001	0.001	0.997	0.001
0.001	0.997	0.001	0.001
0.001	0.997	0.001	0.001
0.769	0.001	0.001	0.229
0.001	0.997	0.001	0.001
0.246	0.752	0.001	0.001
0.741	0.001	0.001	0.257
>TTGTTTAAAC	6-TTGTTTAAAC,BestGuess:CHES-1-like/MA2206.1/Jaspar(0.801)	7.141237	-18.871466	0	T:49.0(24.50%),B:10104.4(10.26%),P:1e-8
0.124	0.093	0.063	0.720
0.090	0.014	0.090	0.806
0.019	0.038	0.851	0.092
0.041	0.117	0.080	0.762
0.064	0.077	0.047	0.812
0.053	0.014	0.055	0.878
0.819	0.085	0.050	0.046
0.798	0.097	0.043	0.062
0.774	0.039	0.125	0.062
0.073	0.791	0.054	0.082
>AGAGGCCACCTC	8-AGAGGCCACCTC,BestGuess:Hr78/MA2245.1/Jaspar(0.663)	13.928888	-17.772265	0	T:7.0(3.50%),B:138.9(0.14%),P:1e-7
0.997	0.001	0.001	0.001
0.177	0.001	0.821	0.001
0.997	0.001	0.001	0.001
0.001	0.001	0.997	0.001
0.001	0.001	0.997	0.001
0.001	0.810	0.188	0.001
0.001	0.997	0.001	0.001
0.997	0.001	0.001	0.001
0.001	0.847	0.151	0.001
0.001	0.827	0.001	0.171
0.177	0.001	0.001	0.821
0.001	0.997	0.001	0.001
>AAAYAAACAA	8-AAAYAAACAA,BestGuess:FOXE1/MA1487.3/Jaspar(0.898)	8.741181	-17.148031	0	T:60.0(30.00%),B:14586.8(14.81%),P:1e-7
0.966	0.001	0.032	0.001
0.917	0.001	0.031	0.051
0.740	0.196	0.063	0.001
0.030	0.507	0.019	0.444
0.972	0.026	0.001	0.001
0.948	0.050	0.001	0.001
0.865	0.001	0.133	0.001
0.036	0.750	0.011	0.203
0.752	0.117	0.130	0.001
0.636	0.268	0.038	0.058
>GGCTTGTC	4-GGCTTGTC,BestGuess:NAC92/MA1044.2/Jaspar(0.762)	6.400475	-16.819827	0	T:90.0(45.00%),B:26751.7(27.16%),P:1e-7
0.042	0.001	0.956	0.001
0.001	0.001	0.928	0.070
0.001	0.970	0.001	0.028
0.096	0.001	0.001	0.902
0.001	0.001	0.120	0.878
0.001	0.001	0.923	0.075
0.001	0.109	0.108	0.782
0.134	0.653	0.126	0.087
>GCTGTCACAA	9-GCTGTCACAA,BestGuess:Achi/dmmpmm(Noyes_hd)/fly(0.788)	9.716394	-16.436076	0	T:20.0(10.00%),B:2312.3(2.35%),P:1e-7
0.001	0.001	0.927	0.071
0.001	0.890	0.001	0.108
0.001	0.001	0.001	0.997
0.001	0.001	0.997	0.001
0.082	0.001	0.042	0.875
0.001	0.875	0.001	0.123
0.844	0.082	0.001	0.073
0.093	0.727	0.067	0.113
0.858	0.140	0.001	0.001
0.997	0.001	0.001	0.001
>GCAGGGCTGAGG	11-GCAGGGCTGAGG,BestGuess:ZIPIC/MA2322.1/Jaspar(0.708)	11.076299	-9.810763	0	T:12.0(6.00%),B:1466.9(1.49%),P:1e-4
0.147	0.001	0.851	0.001
0.301	0.697	0.001	0.001
0.849	0.001	0.001	0.149
0.001	0.001	0.798	0.200
0.147	0.001	0.851	0.001
0.001	0.001	0.997	0.001
0.175	0.676	0.001	0.148
0.001	0.001	0.001	0.997
0.174	0.001	0.824	0.001
0.997	0.001	0.001	0.001
0.148	0.001	0.650	0.201
0.168	0.001	0.830	0.001
>ACTACATAAATA	12-ACTACATAAATA,BestGuess:bin/dmmpmm(Bergman)/fly(0.747)	7.396507	-9.046385	0	T:16.0(8.00%),B:2647.7(2.69%),P:1e-3
0.898	0.002	0.099	0.001
0.149	0.849	0.001	0.001
0.040	0.001	0.096	0.863
0.989	0.001	0.001	0.009
0.008	0.990	0.001	0.001
0.997	0.001	0.001	0.001
0.032	0.001	0.001	0.966
0.997	0.001	0.001	0.001
0.996	0.002	0.001	0.001
0.997	0.001	0.001	0.001
0.001	0.001	0.095	0.903
0.995	0.003	0.001	0.001
>GCTGCTCCCCCT	13-GCTGCTCCCCCT,BestGuess:Znf263(Zf)/K562-Znf263-ChIP-Seq(GSE31477)/Homer(0.665)	14.468278	-8.924764	0	T:3.0(1.50%),B:47.7(0.05%),P:1e-3
0.001	0.001	0.997	0.001
0.001	0.997	0.001	0.001
0.159	0.001	0.001	0.839
0.001	0.001	0.997	0.001
0.001	0.997	0.001	0.001
0.001	0.001	0.001	0.997
0.001	0.886	0.001	0.112
0.001	0.835	0.163	0.001
0.001	0.997	0.001	0.001
0.001	0.997	0.001	0.001
0.001	0.997	0.001	0.001
0.001	0.001	0.001	0.997
