>TTTACGGC	1-TTTACGGC	6.567062	-49.805634	0	T:77.0(45.83%),B:14384.9(14.46%),P:1e-21	Tpos:404.4,Tstd:269.8,Bpos:336.3,Bstd:209.3,StrandBias:0.0,Multiplicity:1.36
0.060	0.045	0.025	0.870
0.009	0.016	0.031	0.944
0.140	0.027	0.072	0.761
0.876	0.037	0.030	0.057
0.054	0.598	0.047	0.301
0.227	0.052	0.597	0.124
0.334	0.013	0.634	0.019
0.039	0.730	0.057	0.174
>GTGTTAAC	2-GTGTTAAC	7.154339	-45.657354	0	T:76.0(45.24%),B:15003.7(15.09%),P:1e-19	Tpos:357.0,Tstd:247.6,Bpos:333.2,Bstd:212.0,StrandBias:-0.0,Multiplicity:1.22
0.001	0.001	0.909	0.089
0.001	0.001	0.001	0.997
0.001	0.001	0.997	0.001
0.027	0.191	0.001	0.781
0.036	0.001	0.122	0.841
0.938	0.001	0.060	0.001
0.997	0.001	0.001	0.001
0.060	0.550	0.141	0.249
>CTAATTGC	3-CTAATTGC	5.935866	-32.712465	0	T:95.0(56.55%),B:27695.2(27.85%),P:1e-14	Tpos:364.5,Tstd:260.4,Bpos:333.8,Bstd:212.3,StrandBias:-0.1,Multiplicity:1.49
0.005	0.697	0.051	0.247
0.064	0.043	0.001	0.892
0.950	0.012	0.037	0.001
0.943	0.005	0.006	0.046
0.022	0.001	0.079	0.898
0.128	0.001	0.014	0.857
0.136	0.001	0.837	0.026
0.026	0.942	0.031	0.001
>AGGTGTGA	4-AGGTGTGA	9.771039	-29.188023	0	T:39.0(23.21%),B:5944.9(5.98%),P:1e-12	Tpos:295.9,Tstd:148.9,Bpos:333.8,Bstd:204.4,StrandBias:0.1,Multiplicity:1.64
0.725	0.001	0.273	0.001
0.001	0.001	0.997	0.001
0.001	0.001	0.997	0.001
0.001	0.001	0.001	0.997
0.001	0.001	0.997	0.001
0.001	0.001	0.001	0.997
0.001	0.001	0.997	0.001
0.997	0.001	0.001	0.001
>TTTATTGC	5-TTTATTGC	7.379399	-25.831435	0	T:68.0(40.48%),B:17761.6(17.86%),P:1e-11	Tpos:332.5,Tstd:222.0,Bpos:336.0,Bstd:209.2,StrandBias:0.3,Multiplicity:1.21
0.001	0.001	0.097	0.901
0.066	0.027	0.001	0.906
0.001	0.001	0.106	0.892
0.976	0.001	0.022	0.001
0.001	0.001	0.036	0.962
0.001	0.001	0.001	0.997
0.096	0.001	0.902	0.001
0.149	0.546	0.128	0.177
>CCTTTGAA	6-CCTTTGAA	8.353256	-16.089171	0	T:50.0(29.76%),B:13909.3(13.99%),P:1e-6	Tpos:413.9,Tstd:317.3,Bpos:334.9,Bstd:208.6,StrandBias:0.0,Multiplicity:1.18
0.001	0.634	0.214	0.151
0.001	0.997	0.001	0.001
0.001	0.001	0.001	0.997
0.001	0.001	0.001	0.997
0.104	0.001	0.001	0.894
0.001	0.001	0.997	0.001
0.997	0.001	0.001	0.001
0.997	0.001	0.001	0.001
>TTGTCACC	7-TTGTCACC	6.633972	-15.958845	0	T:83.0(49.40%),B:29890.2(30.05%),P:1e-6	Tpos:355.2,Tstd:230.6,Bpos:333.7,Bstd:202.9,StrandBias:0.2,Multiplicity:1.49
0.048	0.153	0.023	0.776
0.004	0.001	0.001	0.994
0.014	0.117	0.845	0.024
0.052	0.027	0.024	0.897
0.001	0.944	0.001	0.054
0.829	0.101	0.001	0.069
0.001	0.938	0.060	0.001
0.005	0.952	0.001	0.042
>GCTAATGA	8-GCTAATGA	5.443404	-14.339258	0	T:107.0(63.69%),B:44487.5(44.73%),P:1e-6	Tpos:399.7,Tstd:276.3,Bpos:334.0,Bstd:208.3,StrandBias:-0.4,Multiplicity:1.65
0.054	0.085	0.774	0.087
0.098	0.559	0.106	0.237
0.065	0.026	0.105	0.804
0.692	0.124	0.124	0.060
0.769	0.122	0.032	0.077
0.016	0.058	0.040	0.886
0.093	0.086	0.760	0.061
0.770	0.069	0.089	0.072
>CCAAGACA	9-CCAAGACA	8.236954	-8.877860	0	T:18.0(10.71%),B:3948.0(3.97%),P:1e-3	Tpos:358.1,Tstd:216.3,Bpos:338.8,Bstd:206.5,StrandBias:-0.4,Multiplicity:1.17
0.100	0.700	0.100	0.100
0.100	0.700	0.100	0.100
0.700	0.100	0.100	0.100
0.700	0.100	0.100	0.100
0.100	0.100	0.700	0.100
0.700	0.100	0.100	0.100
0.100	0.700	0.100	0.100
0.700	0.100	0.100	0.100
