>TTCACACCTC	1-TTCACACCTC	8.008302	-54.407185	0	T:69.0(41.07%),B:10612.3(10.67%),P:1e-23	Tpos:322.9,Tstd:192.7,Bpos:332.1,Bstd:205.9,StrandBias:-0.1,Multiplicity:1.57
0.161	0.091	0.001	0.747
0.001	0.001	0.001	0.997
0.203	0.592	0.005	0.200
0.801	0.001	0.193	0.005
0.001	0.929	0.069	0.001
0.997	0.001	0.001	0.001
0.001	0.997	0.001	0.001
0.192	0.680	0.001	0.127
0.001	0.393	0.001	0.605
0.259	0.470	0.001	0.270
>RGCAATAAAS	2-RGCAATAAAS	4.799743	-53.644493	0	T:83.0(49.40%),B:15776.3(15.86%),P:1e-23	Tpos:358.8,Tstd:238.2,Bpos:337.5,Bstd:208.9,StrandBias:-0.4,Multiplicity:1.32
0.373	0.001	0.421	0.205
0.001	0.001	0.997	0.001
0.001	0.628	0.001	0.370
0.468	0.262	0.001	0.270
0.595	0.001	0.403	0.001
0.001	0.001	0.001	0.997
0.987	0.001	0.001	0.011
0.997	0.001	0.001	0.001
0.997	0.001	0.001	0.001
0.001	0.439	0.351	0.208
>AGRCCATAAA	3-AGRCCATAAA	7.686675	-40.687372	0	T:62.0(36.90%),B:11034.4(11.09%),P:1e-17	Tpos:356.8,Tstd:207.1,Bpos:333.8,Bstd:204.1,StrandBias:0.5,Multiplicity:1.29
0.446	0.001	0.291	0.262
0.054	0.088	0.674	0.184
0.385	0.144	0.344	0.127
0.001	0.739	0.001	0.259
0.214	0.689	0.001	0.096
0.807	0.087	0.105	0.001
0.001	0.060	0.001	0.938
0.857	0.141	0.001	0.001
0.997	0.001	0.001	0.001
0.799	0.199	0.001	0.001
>AATTAACACT	4-AATTAACACT	7.279993	-31.301533	0	T:60.0(35.71%),B:12670.5(12.74%),P:1e-13	Tpos:380.7,Tstd:254.3,Bpos:334.2,Bstd:210.8,StrandBias:0.2,Multiplicity:1.28
0.799	0.110	0.037	0.054
0.830	0.032	0.055	0.083
0.061	0.034	0.094	0.811
0.061	0.076	0.072	0.791
0.712	0.101	0.102	0.085
0.735	0.054	0.127	0.084
0.067	0.843	0.046	0.044
0.839	0.058	0.014	0.089
0.020	0.819	0.054	0.107
0.098	0.070	0.001	0.831
>TGCTAATAGC	5-TGCTAATAGC	6.987995	-28.457516	0	T:57.0(33.93%),B:12342.9(12.41%),P:1e-12	Tpos:365.2,Tstd:265.5,Bpos:333.0,Bstd:208.3,StrandBias:-0.4,Multiplicity:1.15
0.061	0.020	0.089	0.830
0.001	0.106	0.865	0.028
0.062	0.732	0.109	0.097
0.043	0.077	0.031	0.849
0.928	0.016	0.001	0.055
0.712	0.031	0.057	0.200
0.105	0.049	0.086	0.760
0.680	0.001	0.133	0.186
0.059	0.034	0.885	0.022
0.084	0.772	0.116	0.028
>TTTGTCACCT	6-TTTGTCACCT	9.887985	-21.603056	0	T:20.0(11.90%),B:2049.3(2.06%),P:1e-9	Tpos:288.3,Tstd:146.9,Bpos:330.3,Bstd:203.7,StrandBias:0.5,Multiplicity:1.00
0.001	0.218	0.001	0.780
0.001	0.087	0.001	0.911
0.001	0.001	0.001	0.997
0.039	0.001	0.686	0.274
0.308	0.001	0.001	0.690
0.001	0.997	0.001	0.001
0.997	0.001	0.001	0.001
0.001	0.997	0.001	0.001
0.001	0.997	0.001	0.001
0.001	0.001	0.001	0.997
>GTGACACTTC	7-GTGACACTTC	9.611350	-20.402498	0	T:17.0(10.12%),B:1530.2(1.54%),P:1e-8	Tpos:329.2,Tstd:164.4,Bpos:321.6,Bstd:202.1,StrandBias:0.9,Multiplicity:1.13
0.001	0.104	0.894	0.001
0.120	0.001	0.001	0.878
0.001	0.001	0.806	0.192
0.997	0.001	0.001	0.001
0.001	0.997	0.001	0.001
0.997	0.001	0.001	0.001
0.001	0.777	0.127	0.095
0.001	0.148	0.001	0.850
0.046	0.001	0.001	0.952
0.001	0.871	0.001	0.127
>ACTTCAAAGG	8-ACTTCAAAGG	10.273270	-20.333012	0	T:18.0(10.71%),B:1751.5(1.76%),P:1e-8	Tpos:303.6,Tstd:166.2,Bpos:335.6,Bstd:211.2,StrandBias:0.2,Multiplicity:1.06
0.923	0.001	0.075	0.001
0.001	0.884	0.061	0.054
0.164	0.075	0.001	0.760
0.086	0.001	0.001	0.912
0.001	0.997	0.001	0.001
0.882	0.065	0.001	0.052
0.997	0.001	0.001	0.001
0.997	0.001	0.001	0.001
0.137	0.001	0.861	0.001
0.058	0.001	0.940	0.001
>CTTTGAAAGC	9-CTTTGAAAGC	8.211297	-19.355919	0	T:44.0(26.19%),B:10182.3(10.24%),P:1e-8	Tpos:471.3,Tstd:333.7,Bpos:332.5,Bstd:211.3,StrandBias:0.1,Multiplicity:1.21
0.151	0.667	0.142	0.040
0.001	0.216	0.001	0.782
0.001	0.001	0.001	0.997
0.189	0.001	0.103	0.707
0.055	0.091	0.627	0.227
0.722	0.205	0.005	0.068
0.830	0.168	0.001	0.001
0.997	0.001	0.001	0.001
0.038	0.001	0.960	0.001
0.070	0.712	0.035	0.183
>AATGGGCTGG	10-AATGGGCTGG	9.572717	-18.889476	0	T:26.0(15.48%),B:4064.2(4.09%),P:1e-8	Tpos:342.5,Tstd:188.1,Bpos:331.3,Bstd:204.6,StrandBias:0.0,Multiplicity:1.08
0.997	0.001	0.001	0.001
0.923	0.075	0.001	0.001
0.001	0.001	0.315	0.683
0.001	0.001	0.885	0.113
0.001	0.001	0.892	0.106
0.119	0.001	0.708	0.172
0.143	0.855	0.001	0.001
0.112	0.001	0.001	0.886
0.001	0.001	0.997	0.001
0.121	0.001	0.877	0.001
>TTCATTAGGG	11-TTCATTAGGG	10.599734	-17.747188	0	T:14.0(8.33%),B:1185.3(1.19%),P:1e-7	Tpos:341.4,Tstd:248.8,Bpos:347.9,Bstd:199.7,StrandBias:0.8,Multiplicity:1.00
0.001	0.162	0.001	0.836
0.001	0.169	0.001	0.829
0.111	0.732	0.001	0.156
0.903	0.001	0.001	0.095
0.001	0.192	0.001	0.806
0.001	0.001	0.001	0.997
0.997	0.001	0.001	0.001
0.001	0.001	0.997	0.001
0.001	0.001	0.997	0.001
0.001	0.001	0.997	0.001
>CCATTTGTCC	12-CCATTTGTCC	10.134836	-16.831581	0	T:18.0(10.71%),B:2206.7(2.22%),P:1e-7	Tpos:357.8,Tstd:316.3,Bpos:329.8,Bstd:200.5,StrandBias:-0.5,Multiplicity:1.06
0.001	0.997	0.001	0.001
0.001	0.997	0.001	0.001
0.777	0.221	0.001	0.001
0.001	0.001	0.001	0.997
0.001	0.075	0.095	0.829
0.001	0.001	0.001	0.997
0.001	0.001	0.997	0.001
0.163	0.130	0.001	0.706
0.001	0.895	0.001	0.103
0.001	0.913	0.001	0.085
>SAGCCTCCCC	13-SAGCCTCCCC	8.222088	-16.457984	0	T:30.0(17.86%),B:5926.0(5.96%),P:1e-7	Tpos:348.7,Tstd:227.2,Bpos:334.1,Bstd:201.2,StrandBias:0.0,Multiplicity:1.17
0.056	0.464	0.469	0.011
0.692	0.001	0.306	0.001
0.017	0.001	0.800	0.182
0.001	0.824	0.174	0.001
0.001	0.997	0.001	0.001
0.001	0.071	0.001	0.927
0.001	0.997	0.001	0.001
0.022	0.976	0.001	0.001
0.001	0.789	0.138	0.072
0.001	0.997	0.001	0.001
>TCAACACCTC	14-TCAACACCTC	7.733188	-15.108053	0	T:32.0(19.05%),B:7038.1(7.08%),P:1e-6	Tpos:346.0,Tstd:247.0,Bpos:334.7,Bstd:203.0,StrandBias:-0.1,Multiplicity:1.00
0.078	0.052	0.055	0.815
0.022	0.843	0.134	0.001
0.723	0.067	0.111	0.099
0.844	0.043	0.081	0.032
0.073	0.879	0.019	0.029
0.844	0.042	0.084	0.030
0.093	0.788	0.039	0.080
0.071	0.805	0.053	0.071
0.076	0.143	0.001	0.780
0.046	0.694	0.089	0.171
>AGGCTTTTAT	15-AGGCTTTTAT	7.206440	-14.323508	0	T:70.0(41.67%),B:24221.9(24.35%),P:1e-6	Tpos:404.1,Tstd:319.6,Bpos:334.7,Bstd:208.4,StrandBias:0.3,Multiplicity:1.28
0.911	0.012	0.001	0.076
0.106	0.001	0.737	0.156
0.099	0.108	0.722	0.071
0.001	0.728	0.137	0.134
0.052	0.050	0.001	0.897
0.019	0.028	0.048	0.905
0.025	0.058	0.082	0.835
0.087	0.013	0.066	0.834
0.786	0.079	0.108	0.027
0.123	0.076	0.144	0.657
>CTAACAACCT	16-CTAACAACCT	10.580909	-13.392537	0	T:11.0(6.55%),B:1013.4(1.02%),P:1e-5	Tpos:243.5,Tstd:139.4,Bpos:335.3,Bstd:209.9,StrandBias:-0.8,Multiplicity:1.27
0.001	0.997	0.001	0.001
0.082	0.094	0.001	0.823
0.861	0.071	0.067	0.001
0.997	0.001	0.001	0.001
0.001	0.997	0.001	0.001
0.873	0.001	0.001	0.125
0.997	0.001	0.001	0.001
0.094	0.904	0.001	0.001
0.121	0.776	0.001	0.102
0.001	0.119	0.001	0.879
>CCTTAAKGAA	17-CCTTAAKGAA	7.281707	-10.348658	0	T:40.0(23.81%),B:12305.4(12.37%),P:1e-4	Tpos:346.7,Tstd:253.4,Bpos:334.8,Bstd:211.3,StrandBias:0.1,Multiplicity:1.08
0.001	0.948	0.050	0.001
0.219	0.572	0.001	0.208
0.055	0.001	0.001	0.943
0.156	0.151	0.001	0.692
0.887	0.001	0.111	0.001
0.610	0.001	0.119	0.270
0.001	0.153	0.488	0.358
0.201	0.001	0.706	0.092
0.497	0.010	0.160	0.334
0.444	0.167	0.165	0.224
>GCATCAAGAATA	1-GCATCAAGAATA	14.182721	-31.107875	0	T:8.0(4.76%),B:47.7(0.05%),P:1e-13	Tpos:396.2,Tstd:85.2,Bpos:307.3,Bstd:190.8,StrandBias:0.7,Multiplicity:1.00
0.001	0.001	0.997	0.001
0.001	0.997	0.001	0.001
0.589	0.183	0.001	0.227
0.001	0.001	0.001	0.997
0.001	0.807	0.191	0.001
0.997	0.001	0.001	0.001
0.997	0.001	0.001	0.001
0.001	0.001	0.997	0.001
0.997	0.001	0.001	0.001
0.997	0.001	0.001	0.001
0.001	0.001	0.001	0.997
0.812	0.001	0.186	0.001
>GAGCAATTAACA	2-GAGCAATTAACA	8.463612	-26.235550	0	T:36.0(21.43%),B:5610.7(5.64%),P:1e-11	Tpos:320.1,Tstd:220.0,Bpos:334.3,Bstd:209.3,StrandBias:0.3,Multiplicity:1.06
0.100	0.100	0.700	0.100
0.700	0.100	0.100	0.100
0.100	0.100	0.700	0.100
0.100	0.700	0.100	0.100
0.700	0.100	0.100	0.100
0.700	0.100	0.100	0.100
0.100	0.100	0.100	0.700
0.100	0.100	0.100	0.700
0.700	0.100	0.100	0.100
0.700	0.100	0.100	0.100
0.100	0.700	0.100	0.100
0.700	0.100	0.100	0.100
>AATCAGCCTTGT	3-AATCAGCCTTGT	7.686450	-26.066966	0	T:55.0(32.74%),B:12292.0(12.36%),P:1e-11	Tpos:361.7,Tstd:287.4,Bpos:333.9,Bstd:206.7,StrandBias:0.2,Multiplicity:1.19
0.714	0.081	0.081	0.124
0.748	0.099	0.103	0.050
0.152	0.083	0.176	0.589
0.018	0.783	0.114	0.085
0.775	0.045	0.066	0.114
0.031	0.117	0.816	0.036
0.149	0.656	0.125	0.070
0.033	0.815	0.001	0.151
0.066	0.045	0.052	0.837
0.040	0.015	0.082	0.863
0.072	0.214	0.618	0.096
0.068	0.056	0.084	0.792
>GACCACCTGGGA	4-GACCACCTGGGA	13.007805	-25.376367	0	T:10.0(5.95%),B:225.7(0.23%),P:1e-11	Tpos:354.3,Tstd:200.7,Bpos:355.5,Bstd:197.9,StrandBias:0.6,Multiplicity:1.00
0.001	0.001	0.997	0.001
0.668	0.001	0.001	0.330
0.001	0.997	0.001	0.001
0.001	0.997	0.001	0.001
0.699	0.001	0.001	0.299
0.001	0.997	0.001	0.001
0.001	0.997	0.001	0.001
0.001	0.001	0.001	0.997
0.001	0.001	0.997	0.001
0.001	0.001	0.711	0.287
0.001	0.001	0.997	0.001
0.618	0.299	0.082	0.001
>TTTATGACCTTG	5-TTTATGACCTTG	9.111419	-24.118410	0	T:25.0(14.88%),B:2913.1(2.93%),P:1e-10	Tpos:327.6,Tstd:151.1,Bpos:333.1,Bstd:202.0,StrandBias:0.0,Multiplicity:1.04
0.064	0.101	0.001	0.834
0.061	0.001	0.001	0.937
0.001	0.001	0.036	0.962
0.889	0.050	0.001	0.060
0.065	0.001	0.001	0.933
0.123	0.061	0.801	0.015
0.859	0.001	0.139	0.001
0.001	0.761	0.001	0.237
0.073	0.727	0.001	0.199
0.065	0.124	0.001	0.810
0.202	0.101	0.069	0.628
0.001	0.065	0.870	0.064
>CCTCTTTATRAG	6-CCTCTTTATRAG	10.372002	-23.086499	0	T:17.0(10.12%),B:1279.8(1.29%),P:1e-10	Tpos:360.5,Tstd:176.9,Bpos:335.3,Bstd:197.8,StrandBias:0.3,Multiplicity:1.00
0.141	0.857	0.001	0.001
0.139	0.859	0.001	0.001
0.141	0.004	0.001	0.854
0.001	0.830	0.001	0.168
0.009	0.214	0.001	0.776
0.001	0.001	0.136	0.862
0.338	0.001	0.139	0.522
0.674	0.145	0.180	0.001
0.001	0.174	0.001	0.824
0.545	0.001	0.445	0.009
0.997	0.001	0.001	0.001
0.001	0.001	0.997	0.001
>TCACACCTMAGG	7-TCACACCTMAGG	2.335275	-22.488262	0	T:48.0(28.57%),B:10706.9(10.77%),P:1e-9	Tpos:297.4,Tstd:156.6,Bpos:331.0,Bstd:201.8,StrandBias:-0.1,Multiplicity:1.50
0.001	0.001	0.001	0.997
0.001	0.910	0.001	0.088
0.997	0.001	0.001	0.001
0.001	0.997	0.001	0.001
0.997	0.001	0.001	0.001
0.001	0.997	0.001	0.001
0.001	0.997	0.001	0.001
0.001	0.001	0.001	0.997
0.565	0.433	0.001	0.001
0.858	0.001	0.140	0.001
0.104	0.001	0.758	0.137
0.001	0.211	0.648	0.140
>CTAATTACTCTG	8-CTAATTACTCTG	7.986897	-21.624587	0	T:34.0(20.24%),B:5967.3(6.00%),P:1e-9	Tpos:319.2,Tstd:255.9,Bpos:336.4,Bstd:207.9,StrandBias:0.2,Multiplicity:1.19
0.096	0.774	0.112	0.018
0.158	0.089	0.001	0.752
0.666	0.086	0.096	0.152
0.769	0.067	0.026	0.138
0.104	0.107	0.127	0.662
0.058	0.114	0.198	0.630
0.728	0.111	0.095	0.066
0.101	0.834	0.043	0.022
0.132	0.080	0.085	0.703
0.117	0.704	0.043	0.136
0.021	0.001	0.031	0.947
0.032	0.025	0.834	0.109
>TGTTCTGTCACC	9-TGTTCTGTCACC	11.947337	-21.611781	0	T:10.0(5.95%),B:334.0(0.34%),P:1e-9	Tpos:385.6,Tstd:386.3,Bpos:342.9,Bstd:195.7,StrandBias:-0.3,Multiplicity:1.10
0.001	0.001	0.001	0.997
0.170	0.001	0.828	0.001
0.001	0.001	0.001	0.997
0.001	0.001	0.124	0.874
0.001	0.857	0.001	0.141
0.001	0.001	0.001	0.997
0.001	0.001	0.997	0.001
0.001	0.001	0.001	0.997
0.001	0.997	0.001	0.001
0.997	0.001	0.001	0.001
0.190	0.808	0.001	0.001
0.114	0.884	0.001	0.001
>ACAAACTTTTAC	10-ACAAACTTTTAC	13.117749	-21.450679	0	T:7.0(4.17%),B:97.1(0.10%),P:1e-9	Tpos:136.3,Tstd:142.1,Bpos:345.4,Bstd:214.5,StrandBias:-0.4,Multiplicity:1.00
0.997	0.001	0.001	0.001
0.182	0.587	0.230	0.001
0.997	0.001	0.001	0.001
0.791	0.207	0.001	0.001
0.809	0.001	0.189	0.001
0.001	0.997	0.001	0.001
0.001	0.001	0.001	0.997
0.001	0.001	0.001	0.997
0.001	0.001	0.001	0.997
0.001	0.001	0.001	0.997
0.997	0.001	0.001	0.001
0.001	0.997	0.001	0.001
>TWSCCTCYCCYA	11-TWSCCTCYCCYA	13.759681	-21.242026	0	T:9.0(5.36%),B:247.2(0.25%),P:1e-9	Tpos:294.0,Tstd:189.8,Bpos:342.8,Bstd:200.8,StrandBias:0.3,Multiplicity:1.00
0.001	0.001	0.001	0.997
0.572	0.001	0.001	0.426
0.001	0.454	0.544	0.001
0.001	0.997	0.001	0.001
0.001	0.997	0.001	0.001
0.001	0.001	0.001	0.997
0.001	0.997	0.001	0.001
0.001	0.540	0.001	0.458
0.001	0.997	0.001	0.001
0.001	0.997	0.001	0.001
0.001	0.544	0.001	0.454
0.997	0.001	0.001	0.001
>TGCTTCTTCTCA	12-TGCTTCTTCTCA	13.578699	-19.550655	0	T:8.0(4.76%),B:205.5(0.21%),P:1e-8	Tpos:257.6,Tstd:135.6,Bpos:343.1,Bstd:205.9,StrandBias:0.0,Multiplicity:1.00
0.177	0.001	0.001	0.821
0.001	0.001	0.997	0.001
0.194	0.804	0.001	0.001
0.180	0.001	0.001	0.818
0.001	0.001	0.126	0.872
0.001	0.811	0.187	0.001
0.001	0.001	0.001	0.997
0.001	0.001	0.001	0.997
0.001	0.997	0.001	0.001
0.001	0.001	0.001	0.997
0.001	0.997	0.001	0.001
0.868	0.001	0.001	0.130
>ATCTGTCTCCRT	13-ATCTGTCTCCRT	13.943612	-18.229298	0	T:6.0(3.57%),B:88.4(0.09%),P:1e-7	Tpos:283.4,Tstd:109.7,Bpos:325.6,Bstd:181.3,StrandBias:1.6,Multiplicity:1.33
0.789	0.209	0.001	0.001
0.001	0.001	0.001	0.997
0.001	0.722	0.001	0.276
0.001	0.001	0.001	0.997
0.001	0.223	0.775	0.001
0.001	0.001	0.001	0.997
0.001	0.997	0.001	0.001
0.001	0.001	0.001	0.997
0.001	0.997	0.001	0.001
0.001	0.997	0.001	0.001
0.571	0.001	0.427	0.001
0.001	0.001	0.280	0.718
>CACTTCTCACCT	14-CACTTCTCACCT	10.622219	-18.202348	0	T:14.0(8.33%),B:1142.9(1.15%),P:1e-7	Tpos:274.5,Tstd:165.6,Bpos:328.7,Bstd:202.3,StrandBias:0.2,Multiplicity:1.07
0.001	0.902	0.096	0.001
0.746	0.162	0.089	0.003
0.001	0.823	0.003	0.173
0.168	0.001	0.001	0.830
0.001	0.001	0.057	0.941
0.001	0.754	0.167	0.078
0.077	0.001	0.001	0.921
0.262	0.733	0.001	0.004
0.926	0.001	0.001	0.072
0.089	0.775	0.058	0.078
0.001	0.997	0.001	0.001
0.242	0.089	0.001	0.668
>ATGAACTTTTTA	15-ATGAACTTTTTA	14.237715	-16.921089	0	T:6.0(3.57%),B:110.3(0.11%),P:1e-7	Tpos:389.2,Tstd:191.3,Bpos:313.1,Bstd:202.7,StrandBias:-2.3,Multiplicity:1.00
0.732	0.266	0.001	0.001
0.001	0.001	0.001	0.997
0.001	0.001	0.750	0.248
0.997	0.001	0.001	0.001
0.997	0.001	0.001	0.001
0.228	0.770	0.001	0.001
0.001	0.001	0.001	0.997
0.001	0.001	0.001	0.997
0.001	0.001	0.001	0.997
0.001	0.001	0.001	0.997
0.254	0.001	0.001	0.744
0.997	0.001	0.001	0.001
>GBAAGCAACCAG	16-GBAAGCAACCAG	9.393954	-15.462206	0	T:18.0(10.71%),B:2422.7(2.44%),P:1e-6	Tpos:424.9,Tstd:265.2,Bpos:332.6,Bstd:205.9,StrandBias:0.2,Multiplicity:1.06
0.001	0.001	0.997	0.001
0.075	0.267	0.333	0.324
0.862	0.136	0.001	0.001
0.761	0.001	0.097	0.141
0.102	0.001	0.783	0.114
0.001	0.902	0.096	0.001
0.997	0.001	0.001	0.001
0.902	0.001	0.075	0.022
0.001	0.993	0.001	0.005
0.001	0.811	0.001	0.187
0.853	0.005	0.001	0.141
0.005	0.116	0.878	0.001
>TTCCTGAGTTAA	17-TTCCTGAGTTAA	7.609381	-15.267205	0	T:15.0(8.93%),B:1688.7(1.70%),P:1e-6	Tpos:444.2,Tstd:137.7,Bpos:320.4,Bstd:203.3,StrandBias:-0.7,Multiplicity:1.20
0.001	0.001	0.001	0.997
0.001	0.001	0.001	0.997
0.001	0.885	0.113	0.001
0.001	0.997	0.001	0.001
0.042	0.001	0.001	0.956
0.057	0.066	0.876	0.001
0.997	0.001	0.001	0.001
0.001	0.001	0.997	0.001
0.056	0.179	0.001	0.764
0.001	0.001	0.001	0.997
0.933	0.001	0.001	0.065
0.986	0.001	0.005	0.008
>TGACCTATGACC	18-TGACCTATGACC	13.878469	-15.151100	0	T:5.0(2.98%),B:77.7(0.08%),P:1e-6	Tpos:240.7,Tstd:138.5,Bpos:314.4,Bstd:195.0,StrandBias:2.3,Multiplicity:1.20
0.001	0.001	0.001	0.997
0.001	0.001	0.997	0.001
0.729	0.001	0.269	0.001
0.001	0.997	0.001	0.001
0.001	0.997	0.001	0.001
0.001	0.001	0.001	0.997
0.826	0.001	0.172	0.001
0.001	0.001	0.001	0.997
0.001	0.301	0.697	0.001
0.744	0.001	0.001	0.254
0.001	0.997	0.001	0.001
0.001	0.997	0.001	0.001
>CACACCTAAGGG	19-CACACCTAAGGG	7.281675	-13.771698	0	T:50.0(29.76%),B:15001.9(15.08%),P:1e-5	Tpos:322.1,Tstd:188.1,Bpos:333.3,Bstd:199.7,StrandBias:-0.4,Multiplicity:1.25
0.095	0.753	0.069	0.083
0.789	0.086	0.022	0.103
0.076	0.814	0.071	0.039
0.703	0.201	0.001	0.095
0.079	0.771	0.065	0.085
0.095	0.803	0.011	0.091
0.132	0.148	0.053	0.667
0.587	0.068	0.149	0.196
0.881	0.022	0.061	0.036
0.179	0.019	0.713	0.089
0.063	0.041	0.763	0.133
0.102	0.073	0.758	0.067
>GTGAACAGTGAG	20-GTGAACAGTGAG	16.049049	-3.564533	0	T:1.0(0.60%),B:17.8(0.02%),P:1e-1	Tpos:318.5,Tstd:27.9,Bpos:384.6,Bstd:232.3,StrandBias:10.0,Multiplicity:4.00
0.001	0.001	0.997	0.001
0.001	0.001	0.001	0.997
0.001	0.001	0.997	0.001
0.997	0.001	0.001	0.001
0.997	0.001	0.001	0.001
0.001	0.676	0.133	0.190
0.997	0.001	0.001	0.001
0.150	0.001	0.848	0.001
0.001	0.001	0.001	0.997
0.001	0.001	0.997	0.001
0.997	0.001	0.001	0.001
0.001	0.001	0.997	0.001
>TTTACGGC	1-TTTACGGC	6.567062	-49.805634	0	T:77.0(45.83%),B:14384.9(14.46%),P:1e-21	Tpos:404.4,Tstd:269.8,Bpos:336.3,Bstd:209.3,StrandBias:0.0,Multiplicity:1.36
0.060	0.045	0.025	0.870
0.009	0.016	0.031	0.944
0.140	0.027	0.072	0.761
0.876	0.037	0.030	0.057
0.054	0.598	0.047	0.301
0.227	0.052	0.597	0.124
0.334	0.013	0.634	0.019
0.039	0.730	0.057	0.174
>GTGTTAAC	2-GTGTTAAC	7.154339	-45.657354	0	T:76.0(45.24%),B:15003.7(15.09%),P:1e-19	Tpos:357.0,Tstd:247.6,Bpos:333.2,Bstd:212.0,StrandBias:-0.0,Multiplicity:1.22
0.001	0.001	0.909	0.089
0.001	0.001	0.001	0.997
0.001	0.001	0.997	0.001
0.027	0.191	0.001	0.781
0.036	0.001	0.122	0.841
0.938	0.001	0.060	0.001
0.997	0.001	0.001	0.001
0.060	0.550	0.141	0.249
>CTAATTGC	3-CTAATTGC	5.935866	-32.712465	0	T:95.0(56.55%),B:27695.2(27.85%),P:1e-14	Tpos:364.5,Tstd:260.4,Bpos:333.8,Bstd:212.3,StrandBias:-0.1,Multiplicity:1.49
0.005	0.697	0.051	0.247
0.064	0.043	0.001	0.892
0.950	0.012	0.037	0.001
0.943	0.005	0.006	0.046
0.022	0.001	0.079	0.898
0.128	0.001	0.014	0.857
0.136	0.001	0.837	0.026
0.026	0.942	0.031	0.001
>AGGTGTGA	4-AGGTGTGA	9.771039	-29.188023	0	T:39.0(23.21%),B:5944.9(5.98%),P:1e-12	Tpos:295.9,Tstd:148.9,Bpos:333.8,Bstd:204.4,StrandBias:0.1,Multiplicity:1.64
0.725	0.001	0.273	0.001
0.001	0.001	0.997	0.001
0.001	0.001	0.997	0.001
0.001	0.001	0.001	0.997
0.001	0.001	0.997	0.001
0.001	0.001	0.001	0.997
0.001	0.001	0.997	0.001
0.997	0.001	0.001	0.001
>TTTATTGC	5-TTTATTGC	7.379399	-25.831435	0	T:68.0(40.48%),B:17761.6(17.86%),P:1e-11	Tpos:332.5,Tstd:222.0,Bpos:336.0,Bstd:209.2,StrandBias:0.3,Multiplicity:1.21
0.001	0.001	0.097	0.901
0.066	0.027	0.001	0.906
0.001	0.001	0.106	0.892
0.976	0.001	0.022	0.001
0.001	0.001	0.036	0.962
0.001	0.001	0.001	0.997
0.096	0.001	0.902	0.001
0.149	0.546	0.128	0.177
>CCTTTGAA	6-CCTTTGAA	8.353256	-16.089171	0	T:50.0(29.76%),B:13909.3(13.99%),P:1e-6	Tpos:413.9,Tstd:317.3,Bpos:334.9,Bstd:208.6,StrandBias:0.0,Multiplicity:1.18
0.001	0.634	0.214	0.151
0.001	0.997	0.001	0.001
0.001	0.001	0.001	0.997
0.001	0.001	0.001	0.997
0.104	0.001	0.001	0.894
0.001	0.001	0.997	0.001
0.997	0.001	0.001	0.001
0.997	0.001	0.001	0.001
>TTGTCACC	7-TTGTCACC	6.633972	-15.958845	0	T:83.0(49.40%),B:29890.2(30.05%),P:1e-6	Tpos:355.2,Tstd:230.6,Bpos:333.7,Bstd:202.9,StrandBias:0.2,Multiplicity:1.49
0.048	0.153	0.023	0.776
0.004	0.001	0.001	0.994
0.014	0.117	0.845	0.024
0.052	0.027	0.024	0.897
0.001	0.944	0.001	0.054
0.829	0.101	0.001	0.069
0.001	0.938	0.060	0.001
0.005	0.952	0.001	0.042
>GCTAATGA	8-GCTAATGA	5.443404	-14.339258	0	T:107.0(63.69%),B:44487.5(44.73%),P:1e-6	Tpos:399.7,Tstd:276.3,Bpos:334.0,Bstd:208.3,StrandBias:-0.4,Multiplicity:1.65
0.054	0.085	0.774	0.087
0.098	0.559	0.106	0.237
0.065	0.026	0.105	0.804
0.692	0.124	0.124	0.060
0.769	0.122	0.032	0.077
0.016	0.058	0.040	0.886
0.093	0.086	0.760	0.061
0.770	0.069	0.089	0.072
>CCAAGACA	9-CCAAGACA	8.236954	-8.877860	0	T:18.0(10.71%),B:3948.0(3.97%),P:1e-3	Tpos:358.1,Tstd:216.3,Bpos:338.8,Bstd:206.5,StrandBias:-0.4,Multiplicity:1.17
0.100	0.700	0.100	0.100
0.100	0.700	0.100	0.100
0.700	0.100	0.100	0.100
0.700	0.100	0.100	0.100
0.100	0.100	0.700	0.100
0.700	0.100	0.100	0.100
0.100	0.700	0.100	0.100
0.700	0.100	0.100	0.100
