>GCATCAAGAATA	1-GCATCAAGAATA	14.182721	-31.107875	0	T:8.0(4.76%),B:47.7(0.05%),P:1e-13	Tpos:396.2,Tstd:85.2,Bpos:307.3,Bstd:190.8,StrandBias:0.7,Multiplicity:1.00
0.001	0.001	0.997	0.001
0.001	0.997	0.001	0.001
0.589	0.183	0.001	0.227
0.001	0.001	0.001	0.997
0.001	0.807	0.191	0.001
0.997	0.001	0.001	0.001
0.997	0.001	0.001	0.001
0.001	0.001	0.997	0.001
0.997	0.001	0.001	0.001
0.997	0.001	0.001	0.001
0.001	0.001	0.001	0.997
0.812	0.001	0.186	0.001
>GAGCAATTAACA	2-GAGCAATTAACA	8.463612	-26.235550	0	T:36.0(21.43%),B:5610.7(5.64%),P:1e-11	Tpos:320.1,Tstd:220.0,Bpos:334.3,Bstd:209.3,StrandBias:0.3,Multiplicity:1.06
0.100	0.100	0.700	0.100
0.700	0.100	0.100	0.100
0.100	0.100	0.700	0.100
0.100	0.700	0.100	0.100
0.700	0.100	0.100	0.100
0.700	0.100	0.100	0.100
0.100	0.100	0.100	0.700
0.100	0.100	0.100	0.700
0.700	0.100	0.100	0.100
0.700	0.100	0.100	0.100
0.100	0.700	0.100	0.100
0.700	0.100	0.100	0.100
>AATCAGCCTTGT	3-AATCAGCCTTGT	7.686450	-26.066966	0	T:55.0(32.74%),B:12292.0(12.36%),P:1e-11	Tpos:361.7,Tstd:287.4,Bpos:333.9,Bstd:206.7,StrandBias:0.2,Multiplicity:1.19
0.714	0.081	0.081	0.124
0.748	0.099	0.103	0.050
0.152	0.083	0.176	0.589
0.018	0.783	0.114	0.085
0.775	0.045	0.066	0.114
0.031	0.117	0.816	0.036
0.149	0.656	0.125	0.070
0.033	0.815	0.001	0.151
0.066	0.045	0.052	0.837
0.040	0.015	0.082	0.863
0.072	0.214	0.618	0.096
0.068	0.056	0.084	0.792
>GACCACCTGGGA	4-GACCACCTGGGA	13.007805	-25.376367	0	T:10.0(5.95%),B:225.7(0.23%),P:1e-11	Tpos:354.3,Tstd:200.7,Bpos:355.5,Bstd:197.9,StrandBias:0.6,Multiplicity:1.00
0.001	0.001	0.997	0.001
0.668	0.001	0.001	0.330
0.001	0.997	0.001	0.001
0.001	0.997	0.001	0.001
0.699	0.001	0.001	0.299
0.001	0.997	0.001	0.001
0.001	0.997	0.001	0.001
0.001	0.001	0.001	0.997
0.001	0.001	0.997	0.001
0.001	0.001	0.711	0.287
0.001	0.001	0.997	0.001
0.618	0.299	0.082	0.001
>TTTATGACCTTG	5-TTTATGACCTTG	9.111419	-24.118410	0	T:25.0(14.88%),B:2913.1(2.93%),P:1e-10	Tpos:327.6,Tstd:151.1,Bpos:333.1,Bstd:202.0,StrandBias:0.0,Multiplicity:1.04
0.064	0.101	0.001	0.834
0.061	0.001	0.001	0.937
0.001	0.001	0.036	0.962
0.889	0.050	0.001	0.060
0.065	0.001	0.001	0.933
0.123	0.061	0.801	0.015
0.859	0.001	0.139	0.001
0.001	0.761	0.001	0.237
0.073	0.727	0.001	0.199
0.065	0.124	0.001	0.810
0.202	0.101	0.069	0.628
0.001	0.065	0.870	0.064
>CCTCTTTATRAG	6-CCTCTTTATRAG	10.372002	-23.086499	0	T:17.0(10.12%),B:1279.8(1.29%),P:1e-10	Tpos:360.5,Tstd:176.9,Bpos:335.3,Bstd:197.8,StrandBias:0.3,Multiplicity:1.00
0.141	0.857	0.001	0.001
0.139	0.859	0.001	0.001
0.141	0.004	0.001	0.854
0.001	0.830	0.001	0.168
0.009	0.214	0.001	0.776
0.001	0.001	0.136	0.862
0.338	0.001	0.139	0.522
0.674	0.145	0.180	0.001
0.001	0.174	0.001	0.824
0.545	0.001	0.445	0.009
0.997	0.001	0.001	0.001
0.001	0.001	0.997	0.001
>TCACACCTMAGG	7-TCACACCTMAGG	2.335275	-22.488262	0	T:48.0(28.57%),B:10706.9(10.77%),P:1e-9	Tpos:297.4,Tstd:156.6,Bpos:331.0,Bstd:201.8,StrandBias:-0.1,Multiplicity:1.50
0.001	0.001	0.001	0.997
0.001	0.910	0.001	0.088
0.997	0.001	0.001	0.001
0.001	0.997	0.001	0.001
0.997	0.001	0.001	0.001
0.001	0.997	0.001	0.001
0.001	0.997	0.001	0.001
0.001	0.001	0.001	0.997
0.565	0.433	0.001	0.001
0.858	0.001	0.140	0.001
0.104	0.001	0.758	0.137
0.001	0.211	0.648	0.140
>CTAATTACTCTG	8-CTAATTACTCTG	7.986897	-21.624587	0	T:34.0(20.24%),B:5967.3(6.00%),P:1e-9	Tpos:319.2,Tstd:255.9,Bpos:336.4,Bstd:207.9,StrandBias:0.2,Multiplicity:1.19
0.096	0.774	0.112	0.018
0.158	0.089	0.001	0.752
0.666	0.086	0.096	0.152
0.769	0.067	0.026	0.138
0.104	0.107	0.127	0.662
0.058	0.114	0.198	0.630
0.728	0.111	0.095	0.066
0.101	0.834	0.043	0.022
0.132	0.080	0.085	0.703
0.117	0.704	0.043	0.136
0.021	0.001	0.031	0.947
0.032	0.025	0.834	0.109
>TGTTCTGTCACC	9-TGTTCTGTCACC	11.947337	-21.611781	0	T:10.0(5.95%),B:334.0(0.34%),P:1e-9	Tpos:385.6,Tstd:386.3,Bpos:342.9,Bstd:195.7,StrandBias:-0.3,Multiplicity:1.10
0.001	0.001	0.001	0.997
0.170	0.001	0.828	0.001
0.001	0.001	0.001	0.997
0.001	0.001	0.124	0.874
0.001	0.857	0.001	0.141
0.001	0.001	0.001	0.997
0.001	0.001	0.997	0.001
0.001	0.001	0.001	0.997
0.001	0.997	0.001	0.001
0.997	0.001	0.001	0.001
0.190	0.808	0.001	0.001
0.114	0.884	0.001	0.001
>ACAAACTTTTAC	10-ACAAACTTTTAC	13.117749	-21.450679	0	T:7.0(4.17%),B:97.1(0.10%),P:1e-9	Tpos:136.3,Tstd:142.1,Bpos:345.4,Bstd:214.5,StrandBias:-0.4,Multiplicity:1.00
0.997	0.001	0.001	0.001
0.182	0.587	0.230	0.001
0.997	0.001	0.001	0.001
0.791	0.207	0.001	0.001
0.809	0.001	0.189	0.001
0.001	0.997	0.001	0.001
0.001	0.001	0.001	0.997
0.001	0.001	0.001	0.997
0.001	0.001	0.001	0.997
0.001	0.001	0.001	0.997
0.997	0.001	0.001	0.001
0.001	0.997	0.001	0.001
>TWSCCTCYCCYA	11-TWSCCTCYCCYA	13.759681	-21.242026	0	T:9.0(5.36%),B:247.2(0.25%),P:1e-9	Tpos:294.0,Tstd:189.8,Bpos:342.8,Bstd:200.8,StrandBias:0.3,Multiplicity:1.00
0.001	0.001	0.001	0.997
0.572	0.001	0.001	0.426
0.001	0.454	0.544	0.001
0.001	0.997	0.001	0.001
0.001	0.997	0.001	0.001
0.001	0.001	0.001	0.997
0.001	0.997	0.001	0.001
0.001	0.540	0.001	0.458
0.001	0.997	0.001	0.001
0.001	0.997	0.001	0.001
0.001	0.544	0.001	0.454
0.997	0.001	0.001	0.001
>TGCTTCTTCTCA	12-TGCTTCTTCTCA	13.578699	-19.550655	0	T:8.0(4.76%),B:205.5(0.21%),P:1e-8	Tpos:257.6,Tstd:135.6,Bpos:343.1,Bstd:205.9,StrandBias:0.0,Multiplicity:1.00
0.177	0.001	0.001	0.821
0.001	0.001	0.997	0.001
0.194	0.804	0.001	0.001
0.180	0.001	0.001	0.818
0.001	0.001	0.126	0.872
0.001	0.811	0.187	0.001
0.001	0.001	0.001	0.997
0.001	0.001	0.001	0.997
0.001	0.997	0.001	0.001
0.001	0.001	0.001	0.997
0.001	0.997	0.001	0.001
0.868	0.001	0.001	0.130
>ATCTGTCTCCRT	13-ATCTGTCTCCRT	13.943612	-18.229298	0	T:6.0(3.57%),B:88.4(0.09%),P:1e-7	Tpos:283.4,Tstd:109.7,Bpos:325.6,Bstd:181.3,StrandBias:1.6,Multiplicity:1.33
0.789	0.209	0.001	0.001
0.001	0.001	0.001	0.997
0.001	0.722	0.001	0.276
0.001	0.001	0.001	0.997
0.001	0.223	0.775	0.001
0.001	0.001	0.001	0.997
0.001	0.997	0.001	0.001
0.001	0.001	0.001	0.997
0.001	0.997	0.001	0.001
0.001	0.997	0.001	0.001
0.571	0.001	0.427	0.001
0.001	0.001	0.280	0.718
>CACTTCTCACCT	14-CACTTCTCACCT	10.622219	-18.202348	0	T:14.0(8.33%),B:1142.9(1.15%),P:1e-7	Tpos:274.5,Tstd:165.6,Bpos:328.7,Bstd:202.3,StrandBias:0.2,Multiplicity:1.07
0.001	0.902	0.096	0.001
0.746	0.162	0.089	0.003
0.001	0.823	0.003	0.173
0.168	0.001	0.001	0.830
0.001	0.001	0.057	0.941
0.001	0.754	0.167	0.078
0.077	0.001	0.001	0.921
0.262	0.733	0.001	0.004
0.926	0.001	0.001	0.072
0.089	0.775	0.058	0.078
0.001	0.997	0.001	0.001
0.242	0.089	0.001	0.668
>ATGAACTTTTTA	15-ATGAACTTTTTA	14.237715	-16.921089	0	T:6.0(3.57%),B:110.3(0.11%),P:1e-7	Tpos:389.2,Tstd:191.3,Bpos:313.1,Bstd:202.7,StrandBias:-2.3,Multiplicity:1.00
0.732	0.266	0.001	0.001
0.001	0.001	0.001	0.997
0.001	0.001	0.750	0.248
0.997	0.001	0.001	0.001
0.997	0.001	0.001	0.001
0.228	0.770	0.001	0.001
0.001	0.001	0.001	0.997
0.001	0.001	0.001	0.997
0.001	0.001	0.001	0.997
0.001	0.001	0.001	0.997
0.254	0.001	0.001	0.744
0.997	0.001	0.001	0.001
>GBAAGCAACCAG	16-GBAAGCAACCAG	9.393954	-15.462206	0	T:18.0(10.71%),B:2422.7(2.44%),P:1e-6	Tpos:424.9,Tstd:265.2,Bpos:332.6,Bstd:205.9,StrandBias:0.2,Multiplicity:1.06
0.001	0.001	0.997	0.001
0.075	0.267	0.333	0.324
0.862	0.136	0.001	0.001
0.761	0.001	0.097	0.141
0.102	0.001	0.783	0.114
0.001	0.902	0.096	0.001
0.997	0.001	0.001	0.001
0.902	0.001	0.075	0.022
0.001	0.993	0.001	0.005
0.001	0.811	0.001	0.187
0.853	0.005	0.001	0.141
0.005	0.116	0.878	0.001
>TTCCTGAGTTAA	17-TTCCTGAGTTAA	7.609381	-15.267205	0	T:15.0(8.93%),B:1688.7(1.70%),P:1e-6	Tpos:444.2,Tstd:137.7,Bpos:320.4,Bstd:203.3,StrandBias:-0.7,Multiplicity:1.20
0.001	0.001	0.001	0.997
0.001	0.001	0.001	0.997
0.001	0.885	0.113	0.001
0.001	0.997	0.001	0.001
0.042	0.001	0.001	0.956
0.057	0.066	0.876	0.001
0.997	0.001	0.001	0.001
0.001	0.001	0.997	0.001
0.056	0.179	0.001	0.764
0.001	0.001	0.001	0.997
0.933	0.001	0.001	0.065
0.986	0.001	0.005	0.008
>TGACCTATGACC	18-TGACCTATGACC	13.878469	-15.151100	0	T:5.0(2.98%),B:77.7(0.08%),P:1e-6	Tpos:240.7,Tstd:138.5,Bpos:314.4,Bstd:195.0,StrandBias:2.3,Multiplicity:1.20
0.001	0.001	0.001	0.997
0.001	0.001	0.997	0.001
0.729	0.001	0.269	0.001
0.001	0.997	0.001	0.001
0.001	0.997	0.001	0.001
0.001	0.001	0.001	0.997
0.826	0.001	0.172	0.001
0.001	0.001	0.001	0.997
0.001	0.301	0.697	0.001
0.744	0.001	0.001	0.254
0.001	0.997	0.001	0.001
0.001	0.997	0.001	0.001
>CACACCTAAGGG	19-CACACCTAAGGG	7.281675	-13.771698	0	T:50.0(29.76%),B:15001.9(15.08%),P:1e-5	Tpos:322.1,Tstd:188.1,Bpos:333.3,Bstd:199.7,StrandBias:-0.4,Multiplicity:1.25
0.095	0.753	0.069	0.083
0.789	0.086	0.022	0.103
0.076	0.814	0.071	0.039
0.703	0.201	0.001	0.095
0.079	0.771	0.065	0.085
0.095	0.803	0.011	0.091
0.132	0.148	0.053	0.667
0.587	0.068	0.149	0.196
0.881	0.022	0.061	0.036
0.179	0.019	0.713	0.089
0.063	0.041	0.763	0.133
0.102	0.073	0.758	0.067
>GTGAACAGTGAG	20-GTGAACAGTGAG	16.049049	-3.564533	0	T:1.0(0.60%),B:17.8(0.02%),P:1e-1	Tpos:318.5,Tstd:27.9,Bpos:384.6,Bstd:232.3,StrandBias:10.0,Multiplicity:4.00
0.001	0.001	0.997	0.001
0.001	0.001	0.001	0.997
0.001	0.001	0.997	0.001
0.997	0.001	0.001	0.001
0.997	0.001	0.001	0.001
0.001	0.676	0.133	0.190
0.997	0.001	0.001	0.001
0.150	0.001	0.848	0.001
0.001	0.001	0.001	0.997
0.001	0.001	0.997	0.001
0.997	0.001	0.001	0.001
0.001	0.001	0.997	0.001
