>TTCACACCTC	1-TTCACACCTC	8.008302	-54.407185	0	T:69.0(41.07%),B:10612.3(10.67%),P:1e-23	Tpos:322.9,Tstd:192.7,Bpos:332.1,Bstd:205.9,StrandBias:-0.1,Multiplicity:1.57
0.161	0.091	0.001	0.747
0.001	0.001	0.001	0.997
0.203	0.592	0.005	0.200
0.801	0.001	0.193	0.005
0.001	0.929	0.069	0.001
0.997	0.001	0.001	0.001
0.001	0.997	0.001	0.001
0.192	0.680	0.001	0.127
0.001	0.393	0.001	0.605
0.259	0.470	0.001	0.270
>RGCAATAAAS	2-RGCAATAAAS	4.799743	-53.644493	0	T:83.0(49.40%),B:15776.3(15.86%),P:1e-23	Tpos:358.8,Tstd:238.2,Bpos:337.5,Bstd:208.9,StrandBias:-0.4,Multiplicity:1.32
0.373	0.001	0.421	0.205
0.001	0.001	0.997	0.001
0.001	0.628	0.001	0.370
0.468	0.262	0.001	0.270
0.595	0.001	0.403	0.001
0.001	0.001	0.001	0.997
0.987	0.001	0.001	0.011
0.997	0.001	0.001	0.001
0.997	0.001	0.001	0.001
0.001	0.439	0.351	0.208
>AGRCCATAAA	3-AGRCCATAAA	7.686675	-40.687372	0	T:62.0(36.90%),B:11034.4(11.09%),P:1e-17	Tpos:356.8,Tstd:207.1,Bpos:333.8,Bstd:204.1,StrandBias:0.5,Multiplicity:1.29
0.446	0.001	0.291	0.262
0.054	0.088	0.674	0.184
0.385	0.144	0.344	0.127
0.001	0.739	0.001	0.259
0.214	0.689	0.001	0.096
0.807	0.087	0.105	0.001
0.001	0.060	0.001	0.938
0.857	0.141	0.001	0.001
0.997	0.001	0.001	0.001
0.799	0.199	0.001	0.001
>AATTAACACT	4-AATTAACACT	7.279993	-31.301533	0	T:60.0(35.71%),B:12670.5(12.74%),P:1e-13	Tpos:380.7,Tstd:254.3,Bpos:334.2,Bstd:210.8,StrandBias:0.2,Multiplicity:1.28
0.799	0.110	0.037	0.054
0.830	0.032	0.055	0.083
0.061	0.034	0.094	0.811
0.061	0.076	0.072	0.791
0.712	0.101	0.102	0.085
0.735	0.054	0.127	0.084
0.067	0.843	0.046	0.044
0.839	0.058	0.014	0.089
0.020	0.819	0.054	0.107
0.098	0.070	0.001	0.831
>TGCTAATAGC	5-TGCTAATAGC	6.987995	-28.457516	0	T:57.0(33.93%),B:12342.9(12.41%),P:1e-12	Tpos:365.2,Tstd:265.5,Bpos:333.0,Bstd:208.3,StrandBias:-0.4,Multiplicity:1.15
0.061	0.020	0.089	0.830
0.001	0.106	0.865	0.028
0.062	0.732	0.109	0.097
0.043	0.077	0.031	0.849
0.928	0.016	0.001	0.055
0.712	0.031	0.057	0.200
0.105	0.049	0.086	0.760
0.680	0.001	0.133	0.186
0.059	0.034	0.885	0.022
0.084	0.772	0.116	0.028
>TTTGTCACCT	6-TTTGTCACCT	9.887985	-21.603056	0	T:20.0(11.90%),B:2049.3(2.06%),P:1e-9	Tpos:288.3,Tstd:146.9,Bpos:330.3,Bstd:203.7,StrandBias:0.5,Multiplicity:1.00
0.001	0.218	0.001	0.780
0.001	0.087	0.001	0.911
0.001	0.001	0.001	0.997
0.039	0.001	0.686	0.274
0.308	0.001	0.001	0.690
0.001	0.997	0.001	0.001
0.997	0.001	0.001	0.001
0.001	0.997	0.001	0.001
0.001	0.997	0.001	0.001
0.001	0.001	0.001	0.997
>GTGACACTTC	7-GTGACACTTC	9.611350	-20.402498	0	T:17.0(10.12%),B:1530.2(1.54%),P:1e-8	Tpos:329.2,Tstd:164.4,Bpos:321.6,Bstd:202.1,StrandBias:0.9,Multiplicity:1.13
0.001	0.104	0.894	0.001
0.120	0.001	0.001	0.878
0.001	0.001	0.806	0.192
0.997	0.001	0.001	0.001
0.001	0.997	0.001	0.001
0.997	0.001	0.001	0.001
0.001	0.777	0.127	0.095
0.001	0.148	0.001	0.850
0.046	0.001	0.001	0.952
0.001	0.871	0.001	0.127
>ACTTCAAAGG	8-ACTTCAAAGG	10.273270	-20.333012	0	T:18.0(10.71%),B:1751.5(1.76%),P:1e-8	Tpos:303.6,Tstd:166.2,Bpos:335.6,Bstd:211.2,StrandBias:0.2,Multiplicity:1.06
0.923	0.001	0.075	0.001
0.001	0.884	0.061	0.054
0.164	0.075	0.001	0.760
0.086	0.001	0.001	0.912
0.001	0.997	0.001	0.001
0.882	0.065	0.001	0.052
0.997	0.001	0.001	0.001
0.997	0.001	0.001	0.001
0.137	0.001	0.861	0.001
0.058	0.001	0.940	0.001
>CTTTGAAAGC	9-CTTTGAAAGC	8.211297	-19.355919	0	T:44.0(26.19%),B:10182.3(10.24%),P:1e-8	Tpos:471.3,Tstd:333.7,Bpos:332.5,Bstd:211.3,StrandBias:0.1,Multiplicity:1.21
0.151	0.667	0.142	0.040
0.001	0.216	0.001	0.782
0.001	0.001	0.001	0.997
0.189	0.001	0.103	0.707
0.055	0.091	0.627	0.227
0.722	0.205	0.005	0.068
0.830	0.168	0.001	0.001
0.997	0.001	0.001	0.001
0.038	0.001	0.960	0.001
0.070	0.712	0.035	0.183
>AATGGGCTGG	10-AATGGGCTGG	9.572717	-18.889476	0	T:26.0(15.48%),B:4064.2(4.09%),P:1e-8	Tpos:342.5,Tstd:188.1,Bpos:331.3,Bstd:204.6,StrandBias:0.0,Multiplicity:1.08
0.997	0.001	0.001	0.001
0.923	0.075	0.001	0.001
0.001	0.001	0.315	0.683
0.001	0.001	0.885	0.113
0.001	0.001	0.892	0.106
0.119	0.001	0.708	0.172
0.143	0.855	0.001	0.001
0.112	0.001	0.001	0.886
0.001	0.001	0.997	0.001
0.121	0.001	0.877	0.001
>TTCATTAGGG	11-TTCATTAGGG	10.599734	-17.747188	0	T:14.0(8.33%),B:1185.3(1.19%),P:1e-7	Tpos:341.4,Tstd:248.8,Bpos:347.9,Bstd:199.7,StrandBias:0.8,Multiplicity:1.00
0.001	0.162	0.001	0.836
0.001	0.169	0.001	0.829
0.111	0.732	0.001	0.156
0.903	0.001	0.001	0.095
0.001	0.192	0.001	0.806
0.001	0.001	0.001	0.997
0.997	0.001	0.001	0.001
0.001	0.001	0.997	0.001
0.001	0.001	0.997	0.001
0.001	0.001	0.997	0.001
>CCATTTGTCC	12-CCATTTGTCC	10.134836	-16.831581	0	T:18.0(10.71%),B:2206.7(2.22%),P:1e-7	Tpos:357.8,Tstd:316.3,Bpos:329.8,Bstd:200.5,StrandBias:-0.5,Multiplicity:1.06
0.001	0.997	0.001	0.001
0.001	0.997	0.001	0.001
0.777	0.221	0.001	0.001
0.001	0.001	0.001	0.997
0.001	0.075	0.095	0.829
0.001	0.001	0.001	0.997
0.001	0.001	0.997	0.001
0.163	0.130	0.001	0.706
0.001	0.895	0.001	0.103
0.001	0.913	0.001	0.085
>SAGCCTCCCC	13-SAGCCTCCCC	8.222088	-16.457984	0	T:30.0(17.86%),B:5926.0(5.96%),P:1e-7	Tpos:348.7,Tstd:227.2,Bpos:334.1,Bstd:201.2,StrandBias:0.0,Multiplicity:1.17
0.056	0.464	0.469	0.011
0.692	0.001	0.306	0.001
0.017	0.001	0.800	0.182
0.001	0.824	0.174	0.001
0.001	0.997	0.001	0.001
0.001	0.071	0.001	0.927
0.001	0.997	0.001	0.001
0.022	0.976	0.001	0.001
0.001	0.789	0.138	0.072
0.001	0.997	0.001	0.001
>TCAACACCTC	14-TCAACACCTC	7.733188	-15.108053	0	T:32.0(19.05%),B:7038.1(7.08%),P:1e-6	Tpos:346.0,Tstd:247.0,Bpos:334.7,Bstd:203.0,StrandBias:-0.1,Multiplicity:1.00
0.078	0.052	0.055	0.815
0.022	0.843	0.134	0.001
0.723	0.067	0.111	0.099
0.844	0.043	0.081	0.032
0.073	0.879	0.019	0.029
0.844	0.042	0.084	0.030
0.093	0.788	0.039	0.080
0.071	0.805	0.053	0.071
0.076	0.143	0.001	0.780
0.046	0.694	0.089	0.171
>AGGCTTTTAT	15-AGGCTTTTAT	7.206440	-14.323508	0	T:70.0(41.67%),B:24221.9(24.35%),P:1e-6	Tpos:404.1,Tstd:319.6,Bpos:334.7,Bstd:208.4,StrandBias:0.3,Multiplicity:1.28
0.911	0.012	0.001	0.076
0.106	0.001	0.737	0.156
0.099	0.108	0.722	0.071
0.001	0.728	0.137	0.134
0.052	0.050	0.001	0.897
0.019	0.028	0.048	0.905
0.025	0.058	0.082	0.835
0.087	0.013	0.066	0.834
0.786	0.079	0.108	0.027
0.123	0.076	0.144	0.657
>CTAACAACCT	16-CTAACAACCT	10.580909	-13.392537	0	T:11.0(6.55%),B:1013.4(1.02%),P:1e-5	Tpos:243.5,Tstd:139.4,Bpos:335.3,Bstd:209.9,StrandBias:-0.8,Multiplicity:1.27
0.001	0.997	0.001	0.001
0.082	0.094	0.001	0.823
0.861	0.071	0.067	0.001
0.997	0.001	0.001	0.001
0.001	0.997	0.001	0.001
0.873	0.001	0.001	0.125
0.997	0.001	0.001	0.001
0.094	0.904	0.001	0.001
0.121	0.776	0.001	0.102
0.001	0.119	0.001	0.879
>CCTTAAKGAA	17-CCTTAAKGAA	7.281707	-10.348658	0	T:40.0(23.81%),B:12305.4(12.37%),P:1e-4	Tpos:346.7,Tstd:253.4,Bpos:334.8,Bstd:211.3,StrandBias:0.1,Multiplicity:1.08
0.001	0.948	0.050	0.001
0.219	0.572	0.001	0.208
0.055	0.001	0.001	0.943
0.156	0.151	0.001	0.692
0.887	0.001	0.111	0.001
0.610	0.001	0.119	0.270
0.001	0.153	0.488	0.358
0.201	0.001	0.706	0.092
0.497	0.010	0.160	0.334
0.444	0.167	0.165	0.224
