>TTCACACCTC	1-TTCACACCTC,BestGuess:TBX3/MA1566.3/Jaspar(0.959)	8.008302	-54.407185	0	T:69.0(41.07%),B:10612.3(10.67%),P:1e-23
0.161	0.091	0.001	0.747
0.001	0.001	0.001	0.997
0.203	0.592	0.005	0.200
0.801	0.001	0.193	0.005
0.001	0.929	0.069	0.001
0.997	0.001	0.001	0.001
0.001	0.997	0.001	0.001
0.192	0.680	0.001	0.127
0.001	0.393	0.001	0.605
0.259	0.470	0.001	0.270
>RGCAATAAAS	2-RGCAATAAAS,BestGuess:CDX2/MA0465.3/Jaspar(0.903)	4.799743	-53.644493	0	T:83.0(49.40%),B:15776.3(15.86%),P:1e-23
0.373	0.001	0.421	0.205
0.001	0.001	0.997	0.001
0.001	0.628	0.001	0.370
0.468	0.262	0.001	0.270
0.595	0.001	0.403	0.001
0.001	0.001	0.001	0.997
0.987	0.001	0.001	0.011
0.997	0.001	0.001	0.001
0.997	0.001	0.001	0.001
0.001	0.439	0.351	0.208
>CTAATTGC	3-CTAATTGC,BestGuess:Dlx2/MA0885.3/Jaspar(0.992)	5.935866	-32.712465	0	T:95.0(56.55%),B:27695.2(27.85%),P:1e-14
0.005	0.697	0.051	0.247
0.064	0.043	0.001	0.892
0.950	0.012	0.037	0.001
0.943	0.005	0.006	0.046
0.022	0.001	0.079	0.898
0.128	0.001	0.014	0.857
0.136	0.001	0.837	0.026
0.026	0.942	0.031	0.001
>GCATCAAGAATA	1-GCATCAAGAATA,BestGuess:KAN2(G2like)/colamp-KAN2-DAP-Seq(GSE60143)/Homer(0.704)	14.182721	-31.107875	0	T:8.0(4.76%),B:47.7(0.05%),P:1e-13
0.001	0.001	0.997	0.001
0.001	0.997	0.001	0.001
0.589	0.183	0.001	0.227
0.001	0.001	0.001	0.997
0.001	0.807	0.191	0.001
0.997	0.001	0.001	0.001
0.997	0.001	0.001	0.001
0.001	0.001	0.997	0.001
0.997	0.001	0.001	0.001
0.997	0.001	0.001	0.001
0.001	0.001	0.001	0.997
0.812	0.001	0.186	0.001
>AATCAGCCTTGT	3-AATCAGCCTTGT,BestGuess:NAC69/MA2018.2/Jaspar(0.696)	7.686450	-26.066966	0	T:55.0(32.74%),B:12292.0(12.36%),P:1e-11
0.714	0.081	0.081	0.124
0.748	0.099	0.103	0.050
0.152	0.083	0.176	0.589
0.018	0.783	0.114	0.085
0.775	0.045	0.066	0.114
0.031	0.117	0.816	0.036
0.149	0.656	0.125	0.070
0.033	0.815	0.001	0.151
0.066	0.045	0.052	0.837
0.040	0.015	0.082	0.863
0.072	0.214	0.618	0.096
0.068	0.056	0.084	0.792
>GACCACCTGGGA	4-GACCACCTGGGA,BestGuess:RAV1(2)(AP2/EREBP)/Arabidopsis thaliana/AthaMap(0.748)	13.007805	-25.376367	0	T:10.0(5.95%),B:225.7(0.23%),P:1e-11
0.001	0.001	0.997	0.001
0.668	0.001	0.001	0.330
0.001	0.997	0.001	0.001
0.001	0.997	0.001	0.001
0.699	0.001	0.001	0.299
0.001	0.997	0.001	0.001
0.001	0.997	0.001	0.001
0.001	0.001	0.001	0.997
0.001	0.001	0.997	0.001
0.001	0.001	0.711	0.287
0.001	0.001	0.997	0.001
0.618	0.299	0.082	0.001
>CCTCTTTATRAG	6-CCTCTTTATRAG,BestGuess:PH0068.1_Hoxc13/Jaspar(0.629)	10.372002	-23.086499	0	T:17.0(10.12%),B:1279.8(1.29%),P:1e-10
0.141	0.857	0.001	0.001
0.139	0.859	0.001	0.001
0.141	0.004	0.001	0.854
0.001	0.830	0.001	0.168
0.009	0.214	0.001	0.776
0.001	0.001	0.136	0.862
0.338	0.001	0.139	0.522
0.674	0.145	0.180	0.001
0.001	0.174	0.001	0.824
0.545	0.001	0.445	0.009
0.997	0.001	0.001	0.001
0.001	0.001	0.997	0.001
>TGTTCTGTCACC	9-TGTTCTGTCACC,BestGuess:achi/MA0207.1/Jaspar(0.738)	11.947337	-21.611781	0	T:10.0(5.95%),B:334.0(0.34%),P:1e-9
0.001	0.001	0.001	0.997
0.170	0.001	0.828	0.001
0.001	0.001	0.001	0.997
0.001	0.001	0.124	0.874
0.001	0.857	0.001	0.141
0.001	0.001	0.001	0.997
0.001	0.001	0.997	0.001
0.001	0.001	0.001	0.997
0.001	0.997	0.001	0.001
0.997	0.001	0.001	0.001
0.190	0.808	0.001	0.001
0.114	0.884	0.001	0.001
>ACAAACTTTTAC	10-ACAAACTTTTAC,BestGuess:AT5G47660/MA1365.3/Jaspar(0.714)	13.117749	-21.450679	0	T:7.0(4.17%),B:97.1(0.10%),P:1e-9
0.997	0.001	0.001	0.001
0.182	0.587	0.230	0.001
0.997	0.001	0.001	0.001
0.791	0.207	0.001	0.001
0.809	0.001	0.189	0.001
0.001	0.997	0.001	0.001
0.001	0.001	0.001	0.997
0.001	0.001	0.001	0.997
0.001	0.001	0.001	0.997
0.001	0.001	0.001	0.997
0.997	0.001	0.001	0.001
0.001	0.997	0.001	0.001
>TWSCCTCYCCYA	11-TWSCCTCYCCYA,BestGuess:Wt1/MA1627.2/Jaspar(0.778)	13.759681	-21.242026	0	T:9.0(5.36%),B:247.2(0.25%),P:1e-9
0.001	0.001	0.001	0.997
0.572	0.001	0.001	0.426
0.001	0.454	0.544	0.001
0.001	0.997	0.001	0.001
0.001	0.997	0.001	0.001
0.001	0.001	0.001	0.997
0.001	0.997	0.001	0.001
0.001	0.540	0.001	0.458
0.001	0.997	0.001	0.001
0.001	0.997	0.001	0.001
0.001	0.544	0.001	0.454
0.997	0.001	0.001	0.001
>ACTTCAAAGG	8-ACTTCAAAGG,BestGuess:TCFL2(HMG)/K562-TCF7L2-ChIP-Seq(GSE29196)/Homer(0.966)	10.273270	-20.333012	0	T:18.0(10.71%),B:1751.5(1.76%),P:1e-8
0.923	0.001	0.075	0.001
0.001	0.884	0.061	0.054
0.164	0.075	0.001	0.760
0.086	0.001	0.001	0.912
0.001	0.997	0.001	0.001
0.882	0.065	0.001	0.052
0.997	0.001	0.001	0.001
0.997	0.001	0.001	0.001
0.137	0.001	0.861	0.001
0.058	0.001	0.940	0.001
>TGCTTCTTCTCA	12-TGCTTCTTCTCA,BestGuess:PABPN1(RRM)/Homo_sapiens-RNCMPT00157-PBM/HughesRNA(0.707)	13.578699	-19.550655	0	T:8.0(4.76%),B:205.5(0.21%),P:1e-8
0.177	0.001	0.001	0.821
0.001	0.001	0.997	0.001
0.194	0.804	0.001	0.001
0.180	0.001	0.001	0.818
0.001	0.001	0.126	0.872
0.001	0.811	0.187	0.001
0.001	0.001	0.001	0.997
0.001	0.001	0.001	0.997
0.001	0.997	0.001	0.001
0.001	0.001	0.001	0.997
0.001	0.997	0.001	0.001
0.868	0.001	0.001	0.130
>CTTTGAAAGC	9-CTTTGAAAGC,BestGuess:CHR(?)/Hela-CellCycle-Expression/Homer(0.740)	8.211297	-19.355919	0	T:44.0(26.19%),B:10182.3(10.24%),P:1e-8
0.151	0.667	0.142	0.040
0.001	0.216	0.001	0.782
0.001	0.001	0.001	0.997
0.189	0.001	0.103	0.707
0.055	0.091	0.627	0.227
0.722	0.205	0.005	0.068
0.830	0.168	0.001	0.001
0.997	0.001	0.001	0.001
0.038	0.001	0.960	0.001
0.070	0.712	0.035	0.183
>AATGGGCTGG	10-AATGGGCTGG,BestGuess:PB0098.1_Zfp410_1/Jaspar(0.726)	9.572717	-18.889476	0	T:26.0(15.48%),B:4064.2(4.09%),P:1e-8
0.997	0.001	0.001	0.001
0.923	0.075	0.001	0.001
0.001	0.001	0.315	0.683
0.001	0.001	0.885	0.113
0.001	0.001	0.892	0.106
0.119	0.001	0.708	0.172
0.143	0.855	0.001	0.001
0.112	0.001	0.001	0.886
0.001	0.001	0.997	0.001
0.121	0.001	0.877	0.001
>TTCATTAGGG	11-TTCATTAGGG,BestGuess:zen/dmmpmm(Noyes_hd)/fly(0.821)	10.599734	-17.747188	0	T:14.0(8.33%),B:1185.3(1.19%),P:1e-7
0.001	0.162	0.001	0.836
0.001	0.169	0.001	0.829
0.111	0.732	0.001	0.156
0.903	0.001	0.001	0.095
0.001	0.192	0.001	0.806
0.001	0.001	0.001	0.997
0.997	0.001	0.001	0.001
0.001	0.001	0.997	0.001
0.001	0.001	0.997	0.001
0.001	0.001	0.997	0.001
>ATGAACTTTTTA	15-ATGAACTTTTTA,BestGuess:At4g38000(C2C2dof)/col-At4g38000-DAP-Seq(GSE60143)/Homer(0.771)	14.237715	-16.921089	0	T:6.0(3.57%),B:110.3(0.11%),P:1e-7
0.732	0.266	0.001	0.001
0.001	0.001	0.001	0.997
0.001	0.001	0.750	0.248
0.997	0.001	0.001	0.001
0.997	0.001	0.001	0.001
0.228	0.770	0.001	0.001
0.001	0.001	0.001	0.997
0.001	0.001	0.001	0.997
0.001	0.001	0.001	0.997
0.001	0.001	0.001	0.997
0.254	0.001	0.001	0.744
0.997	0.001	0.001	0.001
>CCATTTGTCC	12-CCATTTGTCC,BestGuess:Msgn1/MA1524.3/Jaspar(0.906)	10.134836	-16.831581	0	T:18.0(10.71%),B:2206.7(2.22%),P:1e-7
0.001	0.997	0.001	0.001
0.001	0.997	0.001	0.001
0.777	0.221	0.001	0.001
0.001	0.001	0.001	0.997
0.001	0.075	0.095	0.829
0.001	0.001	0.001	0.997
0.001	0.001	0.997	0.001
0.163	0.130	0.001	0.706
0.001	0.895	0.001	0.103
0.001	0.913	0.001	0.085
>GBAAGCAACCAG	16-GBAAGCAACCAG,BestGuess:NAC105/MA2053.2/Jaspar(0.789)	9.393954	-15.462206	0	T:18.0(10.71%),B:2422.7(2.44%),P:1e-6
0.001	0.001	0.997	0.001
0.075	0.267	0.333	0.324
0.862	0.136	0.001	0.001
0.761	0.001	0.097	0.141
0.102	0.001	0.783	0.114
0.001	0.902	0.096	0.001
0.997	0.001	0.001	0.001
0.902	0.001	0.075	0.022
0.001	0.993	0.001	0.005
0.001	0.811	0.001	0.187
0.853	0.005	0.001	0.141
0.005	0.116	0.878	0.001
>TTCCTGAGTTAA	17-TTCCTGAGTTAA,BestGuess:GSM1/MA0308.2/Jaspar(0.675)	7.609381	-15.267205	0	T:15.0(8.93%),B:1688.7(1.70%),P:1e-6
0.001	0.001	0.001	0.997
0.001	0.001	0.001	0.997
0.001	0.885	0.113	0.001
0.001	0.997	0.001	0.001
0.042	0.001	0.001	0.956
0.057	0.066	0.876	0.001
0.997	0.001	0.001	0.001
0.001	0.001	0.997	0.001
0.056	0.179	0.001	0.764
0.001	0.001	0.001	0.997
0.933	0.001	0.001	0.065
0.986	0.001	0.005	0.008
>CTAACAACCT	16-CTAACAACCT,BestGuess:MYB30(MYB)/colamp-MYB30-DAP-Seq(GSE60143)/Homer(0.753)	10.580909	-13.392537	0	T:11.0(6.55%),B:1013.4(1.02%),P:1e-5
0.001	0.997	0.001	0.001
0.082	0.094	0.001	0.823
0.861	0.071	0.067	0.001
0.997	0.001	0.001	0.001
0.001	0.997	0.001	0.001
0.873	0.001	0.001	0.125
0.997	0.001	0.001	0.001
0.094	0.904	0.001	0.001
0.121	0.776	0.001	0.102
0.001	0.119	0.001	0.879
>CCAAGACA	9-CCAAGACA,BestGuess:ARF16/MA1688.2/Jaspar(0.796)	8.236954	-8.877860	0	T:18.0(10.71%),B:3948.0(3.97%),P:1e-3
0.100	0.700	0.100	0.100
0.100	0.700	0.100	0.100
0.700	0.100	0.100	0.100
0.700	0.100	0.100	0.100
0.100	0.100	0.700	0.100
0.700	0.100	0.100	0.100
0.100	0.700	0.100	0.100
0.700	0.100	0.100	0.100
>GTGAACAGTGAG	20-GTGAACAGTGAG,BestGuess:ABF1/ABF1_YPD/62-ABF1(Harbison)/Yeast(0.689)	16.049049	-3.564533	0	T:1.0(0.60%),B:17.8(0.02%),P:1e-1
0.001	0.001	0.997	0.001
0.001	0.001	0.001	0.997
0.001	0.001	0.997	0.001
0.997	0.001	0.001	0.001
0.997	0.001	0.001	0.001
0.001	0.676	0.133	0.190
0.997	0.001	0.001	0.001
0.150	0.001	0.848	0.001
0.001	0.001	0.001	0.997
0.001	0.001	0.997	0.001
0.997	0.001	0.001	0.001
0.001	0.001	0.997	0.001
