>AACAAATGGTCA	1-AACAAATGGTCA	7.935609	-126.088636	0	T:104.0(52.00%),B:8658.8(8.79%),P:1e-54
0.664	0.111	0.177	0.048
0.723	0.115	0.143	0.019
0.053	0.826	0.086	0.035
0.913	0.059	0.015	0.013
0.830	0.025	0.105	0.040
0.822	0.050	0.076	0.052
0.151	0.025	0.064	0.760
0.062	0.010	0.853	0.075
0.067	0.085	0.752	0.096
0.087	0.131	0.120	0.662
0.123	0.521	0.215	0.141
0.676	0.124	0.050	0.150
