>GTGGCAAATGGT	2-GTGGCAAATGGT	9.231806	-69.383911	0	T:47.0(23.50%),B:2549.0(2.59%),P:1e-30
0.109	0.045	0.721	0.125
0.223	0.078	0.001	0.698
0.001	0.077	0.921	0.001
0.126	0.001	0.804	0.069
0.049	0.949	0.001	0.001
0.921	0.077	0.001	0.001
0.802	0.050	0.087	0.061
0.953	0.001	0.045	0.001
0.052	0.078	0.001	0.869
0.001	0.001	0.921	0.077
0.001	0.089	0.862	0.048
0.078	0.160	0.175	0.587
