>CCATTTGCTGTT	5-CCATTTGCTGTT	9.960842	-47.504875	0	T:32.0(16.00%),B:1693.1(1.72%),P:1e-20
0.159	0.774	0.001	0.066
0.001	0.945	0.001	0.053
0.772	0.129	0.001	0.098
0.174	0.001	0.071	0.754
0.052	0.093	0.050	0.805
0.063	0.001	0.001	0.935
0.001	0.001	0.955	0.043
0.001	0.802	0.106	0.091
0.056	0.091	0.001	0.852
0.188	0.044	0.664	0.104
0.057	0.145	0.001	0.797
0.001	0.001	0.044	0.954
