>TGRCRCCT	1-TGRCRCCT	6.998315	-150.257762	0	T:121.0(60.50%),B:10428.3(10.48%),P:1e-65	Tpos:213.3,Tstd:126.6,Bpos:199.7,Bstd:125.5,StrandBias:-0.0,Multiplicity:1.37
0.001	0.001	0.001	0.997
0.079	0.351	0.563	0.007
0.541	0.001	0.457	0.001
0.001	0.997	0.001	0.001
0.556	0.001	0.442	0.001
0.001	0.997	0.001	0.001
0.001	0.895	0.001	0.103
0.001	0.001	0.001	0.997
>GGTGTVAA	2-GGTGTVAA	7.415084	-118.209455	0	T:103.0(51.50%),B:9266.1(9.31%),P:1e-51	Tpos:243.8,Tstd:155.9,Bpos:201.4,Bstd:125.7,StrandBias:-0.1,Multiplicity:1.48
0.103	0.029	0.825	0.043
0.001	0.330	0.656	0.013
0.048	0.012	0.001	0.939
0.003	0.001	0.978	0.018
0.133	0.137	0.001	0.729
0.190	0.335	0.321	0.154
0.968	0.001	0.014	0.017
0.756	0.050	0.149	0.045
>CCATTTGG	3-CCATTTGG	5.272610	-112.106834	0	T:79.0(39.50%),B:4930.4(4.96%),P:1e-48	Tpos:216.8,Tstd:122.3,Bpos:201.5,Bstd:118.0,StrandBias:0.2,Multiplicity:1.11
0.001	0.997	0.001	0.001
0.001	0.997	0.001	0.001
0.988	0.001	0.010	0.001
0.001	0.001	0.001	0.997
0.016	0.001	0.001	0.982
0.001	0.001	0.001	0.997
0.001	0.001	0.997	0.001
0.001	0.001	0.807	0.191
>GCCATTTG	4-GCCATTTG	7.804009	-102.713714	0	T:102.0(51.00%),B:10705.2(10.76%),P:1e-44	Tpos:226.8,Tstd:195.0,Bpos:200.1,Bstd:125.4,StrandBias:0.3,Multiplicity:1.22
0.095	0.091	0.808	0.006
0.136	0.703	0.132	0.029
0.011	0.848	0.001	0.140
0.877	0.020	0.001	0.102
0.001	0.001	0.004	0.994
0.001	0.001	0.029	0.969
0.162	0.001	0.001	0.836
0.022	0.001	0.976	0.001
>TTCWCACY	5-TTCWCACY	7.069854	-77.885543	0	T:100.0(50.00%),B:13583.0(13.65%),P:1e-33	Tpos:259.0,Tstd:163.4,Bpos:200.1,Bstd:124.9,StrandBias:-0.3,Multiplicity:1.43
0.002	0.001	0.059	0.938
0.136	0.108	0.001	0.755
0.168	0.668	0.163	0.001
0.439	0.001	0.066	0.495
0.001	0.997	0.001	0.001
0.942	0.056	0.001	0.001
0.001	0.853	0.103	0.043
0.039	0.376	0.143	0.442
>TATAATTC	6-TATAATTC	8.236954	-58.549915	0	T:28.0(14.00%),B:781.5(0.79%),P:1e-25	Tpos:231.8,Tstd:124.4,Bpos:202.5,Bstd:125.7,StrandBias:0.6,Multiplicity:1.18
0.100	0.100	0.100	0.700
0.700	0.100	0.100	0.100
0.100	0.100	0.100	0.700
0.700	0.100	0.100	0.100
0.700	0.100	0.100	0.100
0.100	0.100	0.100	0.700
0.100	0.100	0.100	0.700
0.100	0.700	0.100	0.100
>GGTGACGR	7-GGTGACGR	6.449263	-56.018892	0	T:94.0(47.00%),B:15725.7(15.81%),P:1e-24	Tpos:234.9,Tstd:147.0,Bpos:200.3,Bstd:121.3,StrandBias:0.1,Multiplicity:1.23
0.160	0.001	0.838	0.001
0.092	0.007	0.760	0.141
0.001	0.207	0.001	0.791
0.269	0.019	0.683	0.029
0.674	0.006	0.057	0.263
0.001	0.812	0.002	0.185
0.374	0.001	0.624	0.001
0.430	0.001	0.563	0.006
>AATAGGGA	8-AATAGGGA	8.236954	-43.417004	0	T:25.0(12.50%),B:1017.9(1.02%),P:1e-18	Tpos:221.4,Tstd:145.7,Bpos:195.7,Bstd:119.5,StrandBias:0.6,Multiplicity:1.14
0.700	0.100	0.100	0.100
0.700	0.100	0.100	0.100
0.100	0.100	0.100	0.700
0.700	0.100	0.100	0.100
0.100	0.100	0.700	0.100
0.100	0.100	0.700	0.100
0.100	0.100	0.700	0.100
0.700	0.100	0.100	0.100
>TCAGGAAG	9-TCAGGAAG	8.236954	-36.786101	0	T:41.0(20.50%),B:4308.7(4.33%),P:1e-15	Tpos:204.6,Tstd:136.5,Bpos:202.1,Bstd:124.8,StrandBias:0.2,Multiplicity:1.00
0.100	0.100	0.100	0.700
0.100	0.700	0.100	0.100
0.700	0.100	0.100	0.100
0.100	0.100	0.700	0.100
0.100	0.100	0.700	0.100
0.700	0.100	0.100	0.100
0.700	0.100	0.100	0.100
0.100	0.100	0.700	0.100
>GGCACTCT	10-GGCACTCT	8.395674	-32.575142	0	T:25.0(12.50%),B:1637.1(1.65%),P:1e-14	Tpos:213.6,Tstd:165.0,Bpos:198.9,Bstd:122.5,StrandBias:0.0,Multiplicity:1.00
0.001	0.001	0.997	0.001
0.001	0.001	0.997	0.001
0.001	0.997	0.001	0.001
0.997	0.001	0.001	0.001
0.001	0.997	0.001	0.001
0.001	0.001	0.069	0.929
0.001	0.997	0.001	0.001
0.001	0.001	0.001	0.997
>CTTTCTCA	11-CTTTCTCA	8.236954	-31.080884	0	T:35.0(17.50%),B:3706.2(3.73%),P:1e-13	Tpos:239.6,Tstd:140.1,Bpos:197.4,Bstd:126.1,StrandBias:-0.2,Multiplicity:1.06
0.100	0.700	0.100	0.100
0.100	0.100	0.100	0.700
0.100	0.100	0.100	0.700
0.100	0.100	0.100	0.700
0.100	0.700	0.100	0.100
0.100	0.100	0.100	0.700
0.100	0.700	0.100	0.100
0.700	0.100	0.100	0.100
>ATCTTATC	12-ATCTTATC	8.236954	-27.676263	0	T:17.0(8.50%),B:792.7(0.80%),P:1e-12	Tpos:144.2,Tstd:124.3,Bpos:208.9,Bstd:120.4,StrandBias:0.8,Multiplicity:1.00
0.700	0.100	0.100	0.100
0.100	0.100	0.100	0.700
0.100	0.700	0.100	0.100
0.100	0.100	0.100	0.700
0.100	0.100	0.100	0.700
0.700	0.100	0.100	0.100
0.100	0.100	0.100	0.700
0.100	0.700	0.100	0.100
>AAATAGGG	13-AAATAGGG	8.274016	-27.289647	0	T:39.0(19.50%),B:5230.6(5.26%),P:1e-11	Tpos:219.4,Tstd:147.3,Bpos:199.6,Bstd:118.6,StrandBias:0.5,Multiplicity:1.10
0.693	0.001	0.012	0.294
0.705	0.001	0.293	0.001
0.705	0.001	0.001	0.293
0.001	0.001	0.001	0.997
0.997	0.001	0.001	0.001
0.001	0.001	0.997	0.001
0.001	0.001	0.997	0.001
0.001	0.001	0.997	0.001
>AWGGGAAC	14-AWGGGAAC	8.194478	-25.970573	0	T:38.0(19.00%),B:5202.9(5.23%),P:1e-11	Tpos:211.8,Tstd:157.9,Bpos:196.8,Bstd:121.3,StrandBias:0.0,Multiplicity:1.12
0.823	0.001	0.175	0.001
0.431	0.199	0.001	0.370
0.030	0.053	0.809	0.108
0.044	0.075	0.876	0.005
0.001	0.110	0.769	0.120
0.870	0.001	0.044	0.085
0.955	0.001	0.001	0.043
0.052	0.603	0.001	0.344
>GGGAGATA	15-GGGAGATA	8.337675	-25.257776	0	T:30.0(15.00%),B:3362.4(3.38%),P:1e-10	Tpos:206.1,Tstd:111.8,Bpos:199.9,Bstd:114.0,StrandBias:0.1,Multiplicity:1.73
0.001	0.344	0.654	0.001
0.001	0.001	0.966	0.032
0.001	0.001	0.997	0.001
0.672	0.033	0.001	0.294
0.001	0.001	0.997	0.001
0.719	0.001	0.001	0.279
0.001	0.279	0.001	0.719
0.668	0.001	0.003	0.328
>YCGATGTC	16-YCGATGTC	6.848953	-23.827170	0	T:26.0(13.00%),B:2668.1(2.68%),P:1e-10	Tpos:253.1,Tstd:185.9,Bpos:202.3,Bstd:121.1,StrandBias:-0.3,Multiplicity:1.31
0.001	0.424	0.273	0.301
0.001	0.651	0.347	0.001
0.001	0.185	0.813	0.001
0.823	0.153	0.001	0.023
0.240	0.046	0.073	0.641
0.076	0.201	0.722	0.001
0.221	0.098	0.011	0.670
0.134	0.671	0.001	0.194
>CGSGATGG	17-CGSGATGG	8.028134	-23.756640	0	T:13.0(6.50%),B:500.7(0.50%),P:1e-10	Tpos:181.2,Tstd:109.5,Bpos:193.6,Bstd:119.7,StrandBias:-0.7,Multiplicity:1.00
0.001	0.823	0.124	0.052
0.001	0.172	0.826	0.001
0.001	0.523	0.405	0.071
0.006	0.052	0.941	0.001
0.895	0.001	0.103	0.001
0.077	0.001	0.001	0.921
0.273	0.001	0.655	0.071
0.005	0.259	0.535	0.201
>TGYTAAGG	18-TGYTAAGG	8.035656	-21.731001	0	T:31.0(15.50%),B:4149.6(4.17%),P:1e-9	Tpos:197.6,Tstd:111.3,Bpos:201.0,Bstd:125.5,StrandBias:0.0,Multiplicity:1.27
0.126	0.046	0.001	0.827
0.052	0.110	0.794	0.044
0.126	0.364	0.152	0.357
0.001	0.048	0.001	0.950
0.863	0.001	0.095	0.041
0.727	0.134	0.047	0.092
0.001	0.089	0.909	0.001
0.364	0.003	0.632	0.001
>ATCGATSY	19-ATCGATSY	8.454039	-21.496466	0	T:12.0(6.00%),B:484.6(0.49%),P:1e-9	Tpos:164.5,Tstd:109.2,Bpos:195.4,Bstd:110.0,StrandBias:0.2,Multiplicity:1.00
0.715	0.204	0.001	0.080
0.090	0.062	0.071	0.777
0.001	0.997	0.001	0.001
0.001	0.001	0.997	0.001
0.919	0.079	0.001	0.001
0.001	0.204	0.001	0.794
0.062	0.474	0.464	0.001
0.001	0.375	0.160	0.464
>AACAAAGA	20-AACAAAGA	5.691931	-21.135452	0	T:34.0(17.00%),B:5046.9(5.07%),P:1e-9	Tpos:204.1,Tstd:170.8,Bpos:200.9,Bstd:120.6,StrandBias:-0.3,Multiplicity:1.29
0.997	0.001	0.001	0.001
0.997	0.001	0.001	0.001
0.001	0.997	0.001	0.001
0.997	0.001	0.001	0.001
0.900	0.001	0.001	0.098
0.951	0.047	0.001	0.001
0.001	0.001	0.997	0.001
0.997	0.001	0.001	0.001
>AWGGGCTC	21-AWGGGCTC	8.493906	-20.600254	0	T:40.0(20.00%),B:6870.5(6.91%),P:1e-8	Tpos:217.4,Tstd:147.9,Bpos:200.9,Bstd:120.6,StrandBias:0.0,Multiplicity:1.33
0.640	0.278	0.001	0.081
0.467	0.015	0.001	0.517
0.001	0.048	0.906	0.045
0.064	0.001	0.854	0.081
0.001	0.079	0.725	0.195
0.001	0.971	0.001	0.027
0.043	0.001	0.001	0.955
0.001	0.997	0.001	0.001
>TGCTGACA	22-TGCTGACA	8.679751	-20.448128	0	T:25.0(12.50%),B:2900.1(2.92%),P:1e-8	Tpos:204.8,Tstd:200.9,Bpos:198.4,Bstd:118.8,StrandBias:0.2,Multiplicity:1.04
0.033	0.359	0.075	0.533
0.001	0.059	0.561	0.379
0.032	0.855	0.001	0.112
0.001	0.289	0.113	0.597
0.141	0.016	0.842	0.001
0.899	0.001	0.033	0.067
0.040	0.958	0.001	0.001
0.811	0.022	0.001	0.166
>CTYATSAC	23-CTYATSAC	8.046643	-19.869309	0	T:37.0(18.50%),B:6160.9(6.19%),P:1e-8	Tpos:215.3,Tstd:146.8,Bpos:198.9,Bstd:122.2,StrandBias:0.6,Multiplicity:1.11
0.001	0.709	0.289	0.001
0.001	0.186	0.001	0.812
0.001	0.531	0.001	0.467
0.997	0.001	0.001	0.001
0.001	0.001	0.166	0.832
0.001	0.467	0.531	0.001
0.643	0.001	0.001	0.355
0.001	0.997	0.001	0.001
>AGHGGGCA	24-AGHGGGCA	8.232956	-17.708231	0	T:48.0(24.00%),B:10244.4(10.30%),P:1e-7	Tpos:225.4,Tstd:179.5,Bpos:201.0,Bstd:118.7,StrandBias:-0.4,Multiplicity:1.50
0.866	0.088	0.001	0.045
0.059	0.018	0.922	0.001
0.336	0.387	0.001	0.277
0.001	0.053	0.924	0.022
0.001	0.048	0.950	0.001
0.001	0.040	0.828	0.131
0.001	0.619	0.335	0.045
0.879	0.059	0.061	0.001
>CGTGYTAG	25-CGTGYTAG	7.491961	-13.525131	0	T:11.0(5.50%),B:836.1(0.84%),P:1e-5	Tpos:209.5,Tstd:108.1,Bpos:209.2,Bstd:125.0,StrandBias:1.4,Multiplicity:1.00
0.001	0.927	0.071	0.001
0.001	0.001	0.997	0.001
0.184	0.001	0.135	0.680
0.136	0.116	0.607	0.141
0.219	0.389	0.001	0.391
0.001	0.001	0.001	0.997
0.852	0.001	0.001	0.146
0.216	0.103	0.680	0.001
