>GACTAKTATTCA	1-GACTAKTATTCA	12.811670	-155.106902	0	T:31.0(15.50%),B:45.9(0.05%),P:1e-67	Tpos:205.3,Tstd:118.7,Bpos:181.3,Bstd:112.1,StrandBias:0.3,Multiplicity:1.00
0.001	0.001	0.997	0.001
0.997	0.001	0.001	0.001
0.001	0.997	0.001	0.001
0.001	0.001	0.001	0.997
0.607	0.001	0.391	0.001
0.001	0.001	0.524	0.474
0.078	0.001	0.001	0.920
0.997	0.001	0.001	0.001
0.001	0.001	0.001	0.997
0.001	0.001	0.001	0.997
0.001	0.997	0.001	0.001
0.997	0.001	0.001	0.001
>MGGCCAAATGGC	2-MGGCCAAATGGC	10.715103	-135.760700	0	T:36.0(18.00%),B:181.7(0.18%),P:1e-58	Tpos:227.4,Tstd:118.9,Bpos:188.0,Bstd:113.4,StrandBias:0.0,Multiplicity:1.00
0.573	0.425	0.001	0.001
0.201	0.001	0.797	0.001
0.001	0.001	0.997	0.001
0.001	0.997	0.001	0.001
0.001	0.997	0.001	0.001
0.997	0.001	0.001	0.001
0.789	0.001	0.001	0.209
0.789	0.001	0.001	0.209
0.001	0.224	0.001	0.774
0.001	0.001	0.997	0.001
0.001	0.001	0.997	0.001
0.137	0.685	0.001	0.177
>ACRGCCTYMGGT	3-ACRGCCTYMGGT	12.599439	-130.791631	0	T:29.0(14.50%),B:69.7(0.07%),P:1e-56	Tpos:219.9,Tstd:136.6,Bpos:193.9,Bstd:109.0,StrandBias:0.0,Multiplicity:1.59
0.997	0.001	0.001	0.001
0.001	0.997	0.001	0.001
0.535	0.001	0.463	0.001
0.001	0.001	0.997	0.001
0.001	0.997	0.001	0.001
0.001	0.997	0.001	0.001
0.001	0.001	0.001	0.997
0.001	0.466	0.001	0.532
0.468	0.463	0.068	0.001
0.001	0.001	0.997	0.001
0.001	0.001	0.997	0.001
0.001	0.001	0.063	0.935
>GAATACGGAGGA	4-GAATACGGAGGA	9.572894	-115.240403	0	T:28.0(14.00%),B:99.7(0.10%),P:1e-50	Tpos:218.9,Tstd:132.8,Bpos:188.3,Bstd:115.4,StrandBias:0.4,Multiplicity:1.07
0.001	0.001	0.997	0.001
0.997	0.001	0.001	0.001
0.997	0.001	0.001	0.001
0.001	0.001	0.001	0.997
0.997	0.001	0.001	0.001
0.001	0.864	0.134	0.001
0.001	0.001	0.997	0.001
0.001	0.001	0.997	0.001
0.997	0.001	0.001	0.001
0.039	0.001	0.959	0.001
0.047	0.001	0.951	0.001
0.962	0.001	0.036	0.001
>ACTCATGTCCTT	5-ACTCATGTCCTT	13.415164	-110.508313	0	T:24.0(12.00%),B:52.5(0.05%),P:1e-47	Tpos:210.5,Tstd:140.1,Bpos:228.1,Bstd:128.3,StrandBias:0.5,Multiplicity:1.00
0.997	0.001	0.001	0.001
0.001	0.997	0.001	0.001
0.001	0.001	0.001	0.997
0.001	0.997	0.001	0.001
0.952	0.001	0.046	0.001
0.001	0.001	0.001	0.997
0.057	0.001	0.941	0.001
0.001	0.001	0.001	0.997
0.001	0.997	0.001	0.001
0.001	0.997	0.001	0.001
0.001	0.001	0.001	0.997
0.050	0.001	0.001	0.948
>GGTGATAACCAG	6-GGTGATAACCAG	13.569151	-108.491787	0	T:21.0(10.50%),B:26.9(0.03%),P:1e-47	Tpos:219.9,Tstd:120.3,Bpos:170.9,Bstd:91.7,StrandBias:0.1,Multiplicity:1.00
0.054	0.001	0.944	0.001
0.001	0.001	0.997	0.001
0.001	0.001	0.001	0.997
0.001	0.001	0.997	0.001
0.997	0.001	0.001	0.001
0.001	0.001	0.001	0.997
0.997	0.001	0.001	0.001
0.939	0.001	0.059	0.001
0.001	0.997	0.001	0.001
0.001	0.944	0.001	0.054
0.997	0.001	0.001	0.001
0.001	0.001	0.997	0.001
>CAGGAAGAGAAW	7-CAGGAAGAGAAW	11.035135	-105.494388	0	T:29.0(14.50%),B:166.5(0.17%),P:1e-45	Tpos:216.5,Tstd:126.1,Bpos:207.2,Bstd:125.2,StrandBias:0.6,Multiplicity:1.03
0.104	0.522	0.173	0.201
0.747	0.001	0.001	0.251
0.024	0.025	0.855	0.096
0.078	0.001	0.777	0.144
0.764	0.060	0.175	0.001
0.816	0.017	0.069	0.098
0.196	0.055	0.707	0.042
0.538	0.034	0.264	0.164
0.137	0.215	0.562	0.086
0.809	0.136	0.036	0.019
0.547	0.076	0.001	0.376
0.352	0.045	0.164	0.438
>TTATCTCCGGAA	8-TTATCTCCGGAA	13.131879	-104.650206	0	T:22.0(11.00%),B:41.3(0.04%),P:1e-45	Tpos:217.9,Tstd:180.6,Bpos:196.6,Bstd:128.0,StrandBias:0.0,Multiplicity:1.00
0.001	0.001	0.001	0.997
0.001	0.001	0.001	0.997
0.997	0.001	0.001	0.001
0.001	0.001	0.001	0.997
0.001	0.997	0.001	0.001
0.001	0.001	0.001	0.997
0.001	0.997	0.001	0.001
0.001	0.585	0.001	0.413
0.039	0.001	0.907	0.053
0.001	0.001	0.997	0.001
0.997	0.001	0.001	0.001
0.997	0.001	0.001	0.001
>GGARACTGTGAA	9-GGARACTGTGAA	12.825162	-103.066126	0	T:24.0(12.00%),B:71.7(0.07%),P:1e-44	Tpos:240.8,Tstd:131.1,Bpos:193.4,Bstd:123.2,StrandBias:0.5,Multiplicity:1.00
0.001	0.001	0.997	0.001
0.001	0.001	0.997	0.001
0.995	0.001	0.001	0.003
0.466	0.001	0.532	0.001
0.783	0.001	0.215	0.001
0.001	0.717	0.004	0.278
0.001	0.251	0.225	0.523
0.001	0.001	0.696	0.302
0.250	0.001	0.001	0.748
0.001	0.001	0.748	0.250
0.997	0.001	0.001	0.001
0.952	0.001	0.046	0.001
>GTCAGGCTGGGC	10-GTCAGGCTGGGC	13.266958	-98.613397	0	T:22.0(11.00%),B:54.8(0.06%),P:1e-42	Tpos:198.2,Tstd:153.3,Bpos:180.4,Bstd:109.1,StrandBias:1.1,Multiplicity:1.00
0.001	0.001	0.997	0.001
0.001	0.001	0.001	0.997
0.001	0.997	0.001	0.001
0.997	0.001	0.001	0.001
0.041	0.001	0.957	0.001
0.062	0.001	0.936	0.001
0.001	0.922	0.001	0.076
0.001	0.001	0.001	0.997
0.001	0.001	0.997	0.001
0.001	0.001	0.997	0.001
0.001	0.001	0.997	0.001
0.001	0.997	0.001	0.001
>TCTCACGGGATG	11-TCTCACGGGATG	8.995285	-96.377311	0	T:25.0(12.50%),B:115.3(0.12%),P:1e-41	Tpos:213.6,Tstd:143.1,Bpos:197.0,Bstd:124.6,StrandBias:-0.2,Multiplicity:1.04
0.001	0.001	0.001	0.997
0.001	0.997	0.001	0.001
0.001	0.001	0.001	0.997
0.001	0.997	0.001	0.001
0.997	0.001	0.001	0.001
0.001	0.779	0.001	0.219
0.001	0.001	0.934	0.064
0.001	0.001	0.997	0.001
0.001	0.001	0.634	0.364
0.997	0.001	0.001	0.001
0.001	0.001	0.001	0.997
0.001	0.001	0.997	0.001
>CTTTGACACCTC	12-CTTTGACACCTC	7.911243	-80.295677	0	T:72.0(36.00%),B:6181.7(6.21%),P:1e-34	Tpos:256.2,Tstd:164.8,Bpos:199.7,Bstd:123.3,StrandBias:-0.2,Multiplicity:1.43
0.144	0.593	0.141	0.122
0.072	0.119	0.061	0.748
0.001	0.161	0.129	0.709
0.039	0.085	0.024	0.852
0.122	0.234	0.602	0.042
0.786	0.102	0.023	0.089
0.047	0.883	0.042	0.028
0.868	0.036	0.015	0.081
0.016	0.837	0.077	0.070
0.029	0.861	0.036	0.074
0.079	0.163	0.020	0.738
0.123	0.527	0.107	0.243
>ATCGATCCTCCT	13-ATCGATCCTCCT	9.264369	-76.917851	0	T:18.0(9.00%),B:55.7(0.06%),P:1e-33	Tpos:209.7,Tstd:179.6,Bpos:206.5,Bstd:104.7,StrandBias:0.0,Multiplicity:1.00
0.997	0.001	0.001	0.001
0.001	0.001	0.001	0.997
0.158	0.840	0.001	0.001
0.001	0.001	0.997	0.001
0.997	0.001	0.001	0.001
0.001	0.001	0.001	0.997
0.001	0.997	0.001	0.001
0.001	0.997	0.001	0.001
0.001	0.001	0.001	0.997
0.001	0.899	0.001	0.099
0.001	0.719	0.001	0.279
0.001	0.001	0.001	0.997
>AAGTCAGGCGCC	14-AAGTCAGGCGCC	12.355432	-75.125646	0	T:13.0(6.50%),B:9.2(0.01%),P:1e-32	Tpos:193.4,Tstd:139.6,Bpos:166.8,Bstd:129.4,StrandBias:-0.2,Multiplicity:1.00
0.700	0.100	0.100	0.100
0.700	0.100	0.100	0.100
0.100	0.100	0.700	0.100
0.100	0.100	0.100	0.700
0.100	0.700	0.100	0.100
0.700	0.100	0.100	0.100
0.100	0.100	0.700	0.100
0.100	0.100	0.700	0.100
0.100	0.700	0.100	0.100
0.100	0.100	0.700	0.100
0.100	0.700	0.100	0.100
0.100	0.700	0.100	0.100
>CTGAATTCGGCC	15-CTGAATTCGGCC	11.774426	-73.718823	0	T:19.0(9.50%),B:86.7(0.09%),P:1e-32	Tpos:297.6,Tstd:232.1,Bpos:190.9,Bstd:101.1,StrandBias:1.4,Multiplicity:1.00
0.001	0.778	0.001	0.220
0.220	0.001	0.001	0.778
0.001	0.220	0.778	0.001
0.997	0.001	0.001	0.001
0.541	0.237	0.001	0.221
0.001	0.001	0.001	0.997
0.001	0.001	0.001	0.997
0.165	0.825	0.001	0.009
0.001	0.001	0.861	0.137
0.001	0.001	0.997	0.001
0.001	0.778	0.001	0.220
0.302	0.696	0.001	0.001
>GGCACTCTGCAT	16-GGCACTCTGCAT	12.088092	-68.514996	0	T:18.0(9.00%),B:89.0(0.09%),P:1e-29	Tpos:198.7,Tstd:198.7,Bpos:199.1,Bstd:117.9,StrandBias:0.7,Multiplicity:1.00
0.001	0.001	0.997	0.001
0.001	0.001	0.997	0.001
0.001	0.997	0.001	0.001
0.997	0.001	0.001	0.001
0.001	0.997	0.001	0.001
0.001	0.001	0.001	0.997
0.001	0.890	0.001	0.108
0.001	0.001	0.001	0.997
0.171	0.001	0.827	0.001
0.097	0.645	0.257	0.001
0.846	0.001	0.152	0.001
0.001	0.001	0.001	0.997
>TCYCMTGACATC	17-TCYCMTGACATC	9.378470	-60.647566	0	T:26.0(13.00%),B:564.7(0.57%),P:1e-26	Tpos:215.7,Tstd:194.4,Bpos:200.2,Bstd:120.0,StrandBias:-0.5,Multiplicity:1.31
0.001	0.093	0.106	0.800
0.136	0.832	0.001	0.031
0.028	0.460	0.159	0.353
0.053	0.566	0.380	0.001
0.433	0.357	0.053	0.157
0.030	0.232	0.078	0.660
0.053	0.001	0.788	0.158
0.699	0.110	0.054	0.137
0.024	0.922	0.001	0.053
0.656	0.132	0.130	0.082
0.030	0.202	0.063	0.705
0.053	0.485	0.328	0.134
>TTCTTCGCACCT	18-TTCTTCGCACCT	10.322991	-59.530891	0	T:23.0(11.50%),B:384.5(0.39%),P:1e-25	Tpos:195.3,Tstd:98.6,Bpos:203.2,Bstd:118.0,StrandBias:-0.5,Multiplicity:1.00
0.168	0.149	0.041	0.642
0.042	0.039	0.080	0.839
0.077	0.712	0.145	0.066
0.030	0.081	0.001	0.888
0.001	0.053	0.106	0.840
0.134	0.589	0.171	0.106
0.225	0.133	0.488	0.155
0.038	0.841	0.071	0.050
0.808	0.070	0.060	0.062
0.020	0.802	0.112	0.066
0.038	0.721	0.001	0.240
0.082	0.014	0.071	0.833
>GTCTCTGACACH	19-GTCTCTGACACH	10.675752	-50.456594	0	T:22.0(11.00%),B:499.6(0.50%),P:1e-21	Tpos:169.8,Tstd:120.1,Bpos:203.8,Bstd:120.8,StrandBias:-1.1,Multiplicity:1.00
0.001	0.112	0.801	0.086
0.004	0.053	0.172	0.771
0.001	0.765	0.001	0.233
0.001	0.001	0.001	0.997
0.004	0.834	0.090	0.072
0.061	0.110	0.001	0.828
0.102	0.156	0.741	0.001
0.878	0.061	0.001	0.060
0.001	0.940	0.058	0.001
0.940	0.001	0.058	0.001
0.272	0.436	0.133	0.159
0.241	0.295	0.076	0.387
>NAGGTGTGATTN	20-NAGGTGTGATTN	6.698955	-49.458755	0	T:60.0(30.00%),B:7061.1(7.10%),P:1e-21	Tpos:216.4,Tstd:131.5,Bpos:196.4,Bstd:122.9,StrandBias:0.9,Multiplicity:1.30
0.256	0.198	0.342	0.203
0.690	0.058	0.116	0.136
0.165	0.073	0.639	0.123
0.157	0.148	0.586	0.109
0.117	0.059	0.109	0.715
0.083	0.114	0.709	0.094
0.120	0.069	0.107	0.704
0.110	0.146	0.623	0.121
0.629	0.127	0.082	0.162
0.197	0.134	0.115	0.554
0.149	0.097	0.153	0.601
0.223	0.211	0.254	0.312
>ACAAAGAACAAA	21-ACAAAGAACAAA	16.513651	-43.809229	0	T:12.0(6.00%),B:71.6(0.07%),P:1e-19	Tpos:278.7,Tstd:244.4,Bpos:215.4,Bstd:128.8,StrandBias:0.0,Multiplicity:1.00
0.997	0.001	0.001	0.001
0.001	0.997	0.001	0.001
0.997	0.001	0.001	0.001
0.915	0.001	0.083	0.001
0.997	0.001	0.001	0.001
0.001	0.001	0.997	0.001
0.997	0.001	0.001	0.001
0.997	0.001	0.001	0.001
0.001	0.997	0.001	0.001
0.997	0.001	0.001	0.001
0.997	0.001	0.001	0.001
0.997	0.001	0.001	0.001
>TTCCCCCTCRAC	22-TTCCCCCTCRAC	13.949998	-32.738368	0	T:9.0(4.50%),B:56.7(0.06%),P:1e-14	Tpos:254.0,Tstd:169.5,Bpos:213.6,Bstd:131.2,StrandBias:0.3,Multiplicity:1.00
0.001	0.001	0.001	0.997
0.001	0.001	0.001	0.997
0.001	0.997	0.001	0.001
0.001	0.604	0.001	0.394
0.001	0.997	0.001	0.001
0.001	0.997	0.001	0.001
0.001	0.735	0.263	0.001
0.001	0.001	0.001	0.997
0.001	0.997	0.001	0.001
0.441	0.001	0.394	0.164
0.997	0.001	0.001	0.001
0.001	0.997	0.001	0.001
>GCTCCTTAACAS	23-GCTCCTTAACAS	10.200163	-29.008614	0	T:15.0(7.50%),B:508.5(0.51%),P:1e-12	Tpos:198.4,Tstd:97.8,Bpos:199.3,Bstd:128.7,StrandBias:1.3,Multiplicity:1.21
0.159	0.328	0.512	0.001
0.001	0.997	0.001	0.001
0.001	0.236	0.001	0.762
0.001	0.997	0.001	0.001
0.236	0.762	0.001	0.001
0.159	0.001	0.001	0.839
0.237	0.006	0.005	0.752
0.997	0.001	0.001	0.001
0.978	0.001	0.020	0.001
0.001	0.997	0.001	0.001
0.997	0.001	0.001	0.001
0.237	0.434	0.328	0.001
>CTCYCAAGACTT	24-CTCYCAAGACTT	13.084313	-28.457917	0	T:8.0(4.00%),B:55.9(0.06%),P:1e-12	Tpos:189.0,Tstd:63.9,Bpos:187.4,Bstd:120.5,StrandBias:-1.6,Multiplicity:1.00
0.194	0.804	0.001	0.001
0.001	0.001	0.001	0.997
0.001	0.810	0.188	0.001
0.220	0.380	0.001	0.399
0.141	0.639	0.001	0.219
0.858	0.001	0.140	0.001
0.997	0.001	0.001	0.001
0.001	0.219	0.779	0.001
0.804	0.001	0.001	0.194
0.001	0.997	0.001	0.001
0.001	0.001	0.001	0.997
0.001	0.001	0.001	0.997
>GTTCACACCCTG	25-GTTCACACCCTG	11.591703	-25.012995	0	T:11.0(5.50%),B:269.2(0.27%),P:1e-10	Tpos:208.7,Tstd:97.7,Bpos:196.5,Bstd:122.9,StrandBias:1.3,Multiplicity:1.55
0.001	0.290	0.708	0.001
0.001	0.001	0.001	0.997
0.001	0.001	0.001	0.997
0.001	0.997	0.001	0.001
0.997	0.001	0.001	0.001
0.001	0.997	0.001	0.001
0.997	0.001	0.001	0.001
0.001	0.858	0.001	0.140
0.117	0.561	0.188	0.134
0.119	0.559	0.202	0.120
0.001	0.001	0.001	0.997
0.001	0.001	0.697	0.301
