>GCCATTTGKT	1-GCCATTTGKT	7.848651	-126.105709	0	T:92.0(46.00%),B:6273.5(6.31%),P:1e-54	Tpos:257.1,Tstd:173.4,Bpos:199.0,Bstd:122.6,StrandBias:0.4,Multiplicity:1.21
0.327	0.001	0.565	0.107
0.123	0.763	0.113	0.001
0.001	0.997	0.001	0.001
0.800	0.044	0.001	0.155
0.001	0.001	0.152	0.846
0.085	0.001	0.001	0.913
0.001	0.001	0.001	0.997
0.001	0.001	0.997	0.001
0.001	0.060	0.452	0.487
0.069	0.384	0.001	0.546
>ACTATAATTC	2-ACTATAATTC	10.296193	-124.057168	0	T:27.0(13.50%),B:59.1(0.06%),P:1e-53	Tpos:220.7,Tstd:116.9,Bpos:211.5,Bstd:117.5,StrandBias:0.3,Multiplicity:1.00
0.700	0.100	0.100	0.100
0.100	0.700	0.100	0.100
0.100	0.100	0.100	0.700
0.700	0.100	0.100	0.100
0.100	0.100	0.100	0.700
0.700	0.100	0.100	0.100
0.700	0.100	0.100	0.100
0.100	0.100	0.100	0.700
0.100	0.100	0.100	0.700
0.100	0.700	0.100	0.100
>AGGTGTCARG	3-AGGTGTCARG	7.640742	-122.298862	0	T:103.0(51.50%),B:8869.1(8.91%),P:1e-53	Tpos:237.0,Tstd:146.5,Bpos:200.9,Bstd:122.6,StrandBias:0.2,Multiplicity:1.57
0.929	0.001	0.033	0.037
0.076	0.001	0.922	0.001
0.041	0.011	0.927	0.021
0.001	0.063	0.040	0.896
0.001	0.001	0.968	0.030
0.099	0.315	0.001	0.585
0.001	0.746	0.210	0.043
0.953	0.001	0.001	0.045
0.516	0.045	0.400	0.039
0.233	0.013	0.681	0.073
>GGAAGAGATA	4-GGAAGAGATA	10.296193	-106.552011	0	T:29.0(14.50%),B:160.8(0.16%),P:1e-46	Tpos:209.3,Tstd:122.6,Bpos:204.9,Bstd:107.2,StrandBias:0.6,Multiplicity:1.03
0.100	0.100	0.700	0.100
0.100	0.100	0.700	0.100
0.700	0.100	0.100	0.100
0.700	0.100	0.100	0.100
0.100	0.100	0.700	0.100
0.700	0.100	0.100	0.100
0.100	0.100	0.700	0.100
0.700	0.100	0.100	0.100
0.100	0.100	0.100	0.700
0.700	0.100	0.100	0.100
>AGGCCAWATG	5-AGGCCAWATG	10.492480	-97.052446	0	T:40.0(20.00%),B:794.9(0.80%),P:1e-42	Tpos:226.3,Tstd:122.5,Bpos:199.2,Bstd:116.8,StrandBias:0.2,Multiplicity:1.00
0.872	0.126	0.001	0.001
0.400	0.001	0.598	0.001
0.273	0.001	0.725	0.001
0.001	0.997	0.001	0.001
0.001	0.997	0.001	0.001
0.716	0.001	0.282	0.001
0.401	0.001	0.239	0.359
0.640	0.001	0.001	0.358
0.001	0.001	0.001	0.997
0.001	0.001	0.997	0.001
>GAATACGGAG	6-GAATACGGAG	9.872586	-89.405301	0	T:27.0(13.50%),B:215.4(0.22%),P:1e-38	Tpos:207.8,Tstd:137.3,Bpos:192.3,Bstd:114.6,StrandBias:0.3,Multiplicity:1.07
0.001	0.001	0.997	0.001
0.997	0.001	0.001	0.001
0.997	0.001	0.001	0.001
0.001	0.001	0.001	0.997
0.997	0.001	0.001	0.001
0.019	0.782	0.198	0.001
0.001	0.001	0.997	0.001
0.001	0.001	0.997	0.001
0.997	0.001	0.001	0.001
0.001	0.001	0.997	0.001
>CTTGACAGCC	7-CTTGACAGCC	6.330475	-85.585264	0	T:60.0(30.00%),B:3552.0(3.57%),P:1e-37	Tpos:220.5,Tstd:140.6,Bpos:197.9,Bstd:121.5,StrandBias:0.2,Multiplicity:1.52
0.001	0.705	0.034	0.260
0.001	0.001	0.001	0.997
0.001	0.001	0.001	0.997
0.256	0.106	0.523	0.115
0.997	0.001	0.001	0.001
0.001	0.898	0.001	0.100
0.933	0.001	0.065	0.001
0.001	0.180	0.818	0.001
0.001	0.997	0.001	0.001
0.001	0.997	0.001	0.001
>ACTCATGTCC	8-ACTCATGTCC	10.296193	-78.273594	0	T:22.0(11.00%),B:137.4(0.14%),P:1e-33	Tpos:200.4,Tstd:144.7,Bpos:219.9,Bstd:124.5,StrandBias:0.8,Multiplicity:1.00
0.700	0.100	0.100	0.100
0.100	0.700	0.100	0.100
0.100	0.100	0.100	0.700
0.100	0.700	0.100	0.100
0.700	0.100	0.100	0.100
0.100	0.100	0.100	0.700
0.100	0.100	0.700	0.100
0.100	0.100	0.100	0.700
0.100	0.700	0.100	0.100
0.100	0.700	0.100	0.100
>TTMSGGAGAT	9-TTMSGGAGAT	12.146006	-74.495208	0	T:22.0(11.00%),B:163.1(0.16%),P:1e-32	Tpos:203.0,Tstd:98.2,Bpos:211.2,Bstd:116.3,StrandBias:0.3,Multiplicity:1.23
0.001	0.001	0.001	0.997
0.001	0.001	0.001	0.997
0.475	0.523	0.001	0.001
0.001	0.523	0.475	0.001
0.185	0.001	0.813	0.001
0.001	0.001	0.997	0.001
0.997	0.001	0.001	0.001
0.001	0.001	0.997	0.001
0.997	0.001	0.001	0.001
0.001	0.001	0.001	0.997
>GGCCGAAGTC	10-GGCCGAAGTC	8.372171	-74.205555	0	T:18.0(9.00%),B:64.7(0.07%),P:1e-32	Tpos:274.9,Tstd:201.3,Bpos:207.7,Bstd:132.7,StrandBias:-1.0,Multiplicity:1.00
0.001	0.001	0.997	0.001
0.065	0.001	0.933	0.001
0.001	0.997	0.001	0.001
0.001	0.997	0.001	0.001
0.001	0.001	0.997	0.001
0.997	0.001	0.001	0.001
0.997	0.001	0.001	0.001
0.001	0.001	0.933	0.065
0.001	0.001	0.001	0.997
0.001	0.997	0.001	0.001
>GGTGTGAAAS	11-GGTGTGAAAS	8.482355	-69.690873	0	T:55.0(27.50%),B:3843.7(3.86%),P:1e-30	Tpos:274.5,Tstd:146.7,Bpos:201.1,Bstd:124.4,StrandBias:0.6,Multiplicity:1.15
0.102	0.034	0.785	0.079
0.042	0.068	0.889	0.001
0.031	0.001	0.001	0.967
0.001	0.029	0.969	0.001
0.121	0.001	0.067	0.811
0.001	0.001	0.934	0.064
0.960	0.001	0.001	0.038
0.821	0.041	0.090	0.048
0.521	0.285	0.146	0.048
0.207	0.360	0.296	0.138
>AGGTGTGAWT	12-AGGTGTGAWT	7.829859	-68.783545	0	T:77.0(38.50%),B:8633.8(8.68%),P:1e-29	Tpos:210.0,Tstd:120.7,Bpos:200.1,Bstd:124.7,StrandBias:0.3,Multiplicity:1.24
0.906	0.001	0.001	0.092
0.372	0.001	0.569	0.058
0.001	0.209	0.789	0.001
0.001	0.001	0.135	0.863
0.001	0.001	0.997	0.001
0.039	0.001	0.025	0.935
0.085	0.001	0.553	0.361
0.783	0.082	0.027	0.108
0.342	0.045	0.150	0.463
0.001	0.115	0.360	0.524
>GGACTAGGGG	13-GGACTAGGGG	11.417301	-64.398122	0	T:28.0(14.00%),B:628.4(0.63%),P:1e-27	Tpos:254.8,Tstd:143.4,Bpos:196.5,Bstd:116.5,StrandBias:0.1,Multiplicity:1.11
0.001	0.001	0.997	0.001
0.001	0.001	0.997	0.001
0.997	0.001	0.001	0.001
0.303	0.695	0.001	0.001
0.001	0.001	0.293	0.705
0.997	0.001	0.001	0.001
0.001	0.001	0.997	0.001
0.001	0.001	0.997	0.001
0.001	0.001	0.997	0.001
0.001	0.001	0.997	0.001
>RYGGGAACTC	14-RYGGGAACTC	9.664618	-59.748845	0	T:20.0(10.00%),B:223.7(0.22%),P:1e-25	Tpos:231.0,Tstd:201.1,Bpos:206.2,Bstd:113.9,StrandBias:0.1,Multiplicity:1.15
0.407	0.040	0.459	0.094
0.079	0.415	0.134	0.372
0.039	0.091	0.869	0.001
0.084	0.241	0.643	0.032
0.029	0.001	0.931	0.039
0.497	0.333	0.169	0.001
0.837	0.116	0.046	0.001
0.076	0.745	0.088	0.091
0.092	0.001	0.084	0.823
0.026	0.887	0.047	0.040
>CTTTCTCACG	15-CTTTCTCACG	12.366226	-59.313138	0	T:21.0(10.50%),B:276.5(0.28%),P:1e-25	Tpos:222.4,Tstd:149.4,Bpos:207.0,Bstd:123.6,StrandBias:-0.1,Multiplicity:1.00
0.001	0.997	0.001	0.001
0.001	0.001	0.001	0.997
0.001	0.001	0.001	0.997
0.001	0.001	0.001	0.997
0.001	0.997	0.001	0.001
0.001	0.001	0.001	0.997
0.001	0.997	0.001	0.001
0.997	0.001	0.001	0.001
0.001	0.768	0.001	0.230
0.001	0.001	0.997	0.001
>BGGTKATMAC	16-BGGTKATMAC	9.655782	-58.973060	0	T:20.0(10.00%),B:232.9(0.23%),P:1e-25	Tpos:227.9,Tstd:124.2,Bpos:193.2,Bstd:115.7,StrandBias:0.2,Multiplicity:1.00
0.058	0.253	0.291	0.399
0.048	0.116	0.781	0.055
0.001	0.001	0.997	0.001
0.258	0.052	0.023	0.667
0.103	0.001	0.498	0.399
0.788	0.027	0.028	0.157
0.052	0.025	0.084	0.839
0.478	0.399	0.069	0.054
0.971	0.001	0.001	0.027
0.050	0.703	0.219	0.028
>ATCTTATCTC	17-ATCTTATCTC	10.296193	-56.209267	0	T:16.0(8.00%),B:106.0(0.11%),P:1e-24	Tpos:144.5,Tstd:129.5,Bpos:198.4,Bstd:113.9,StrandBias:1.2,Multiplicity:1.00
0.700	0.100	0.100	0.100
0.100	0.100	0.100	0.700
0.100	0.700	0.100	0.100
0.100	0.100	0.100	0.700
0.100	0.100	0.100	0.700
0.700	0.100	0.100	0.100
0.100	0.100	0.100	0.700
0.100	0.700	0.100	0.100
0.100	0.100	0.100	0.700
0.100	0.700	0.100	0.100
>GGATGGGCTC	18-GGATGGGCTC	11.177274	-53.331323	0	T:25.0(12.50%),B:668.8(0.67%),P:1e-23	Tpos:231.7,Tstd:150.8,Bpos:196.8,Bstd:121.8,StrandBias:0.1,Multiplicity:1.56
0.001	0.001	0.578	0.420
0.001	0.001	0.874	0.124
0.786	0.212	0.001	0.001
0.406	0.001	0.001	0.592
0.001	0.001	0.997	0.001
0.001	0.001	0.997	0.001
0.001	0.039	0.606	0.354
0.001	0.972	0.026	0.001
0.001	0.001	0.001	0.997
0.001	0.997	0.001	0.001
>GCTCTTAGCA	19-GCTCTTAGCA	7.917334	-49.755593	0	T:21.0(10.50%),B:441.4(0.44%),P:1e-21	Tpos:217.5,Tstd:122.5,Bpos:196.5,Bstd:115.7,StrandBias:0.1,Multiplicity:1.00
0.001	0.001	0.997	0.001
0.001	0.997	0.001	0.001
0.001	0.001	0.001	0.997
0.071	0.927	0.001	0.001
0.001	0.047	0.001	0.951
0.001	0.001	0.001	0.997
0.997	0.001	0.001	0.001
0.001	0.001	0.997	0.001
0.001	0.801	0.001	0.197
0.997	0.001	0.001	0.001
>CATCGATCCT	20-CATCGATCCT	11.488643	-49.481093	0	T:11.0(5.50%),B:28.9(0.03%),P:1e-21	Tpos:146.6,Tstd:93.8,Bpos:204.9,Bstd:106.3,StrandBias:0.8,Multiplicity:1.00
0.001	0.897	0.001	0.101
0.997	0.001	0.001	0.001
0.001	0.001	0.001	0.997
0.054	0.944	0.001	0.001
0.001	0.001	0.997	0.001
0.997	0.001	0.001	0.001
0.001	0.001	0.001	0.997
0.001	0.997	0.001	0.001
0.001	0.997	0.001	0.001
0.001	0.001	0.001	0.997
>GCTTGGCGCC	21-GCTTGGCGCC	11.477959	-49.129793	0	T:13.0(6.50%),B:67.4(0.07%),P:1e-21	Tpos:191.5,Tstd:137.7,Bpos:189.5,Bstd:125.4,StrandBias:0.2,Multiplicity:1.00
0.001	0.001	0.997	0.001
0.001	0.878	0.001	0.120
0.001	0.122	0.001	0.876
0.120	0.001	0.001	0.878
0.001	0.001	0.997	0.001
0.001	0.001	0.997	0.001
0.001	0.997	0.001	0.001
0.001	0.001	0.997	0.001
0.001	0.997	0.001	0.001
0.001	0.997	0.001	0.001
>TGCTGACATG	22-TGCTGACATG	10.999597	-48.456519	0	T:17.0(8.50%),B:220.7(0.22%),P:1e-21	Tpos:223.8,Tstd:227.3,Bpos:190.2,Bstd:116.7,StrandBias:-0.2,Multiplicity:1.00
0.001	0.001	0.001	0.997
0.001	0.001	0.997	0.001
0.001	0.997	0.001	0.001
0.001	0.001	0.001	0.997
0.001	0.001	0.997	0.001
0.997	0.001	0.001	0.001
0.001	0.943	0.001	0.055
0.997	0.001	0.001	0.001
0.001	0.062	0.001	0.936
0.001	0.001	0.997	0.001
>CTGGGCTCAG	23-CTGGGCTCAG	7.157490	-47.142133	0	T:28.0(14.00%),B:1204.7(1.21%),P:1e-20	Tpos:196.9,Tstd:152.8,Bpos:201.0,Bstd:117.9,StrandBias:0.4,Multiplicity:1.00
0.001	0.997	0.001	0.001
0.001	0.001	0.001	0.997
0.001	0.001	0.997	0.001
0.001	0.001	0.997	0.001
0.001	0.001	0.997	0.001
0.001	0.997	0.001	0.001
0.001	0.001	0.001	0.997
0.001	0.960	0.001	0.038
0.997	0.001	0.001	0.001
0.033	0.001	0.933	0.033
>AGGAGGCATC	24-AGGAGGCATC	7.279693	-41.215507	0	T:20.0(10.00%),B:581.0(0.58%),P:1e-17	Tpos:221.4,Tstd:209.9,Bpos:201.4,Bstd:118.4,StrandBias:0.3,Multiplicity:1.00
0.997	0.001	0.001	0.001
0.001	0.001	0.997	0.001
0.001	0.013	0.599	0.387
0.889	0.001	0.109	0.001
0.001	0.001	0.997	0.001
0.001	0.001	0.997	0.001
0.001	0.997	0.001	0.001
0.997	0.001	0.001	0.001
0.001	0.001	0.001	0.997
0.001	0.997	0.001	0.001
>CAAAGTACAM	25-CAAAGTACAM	11.044348	-30.143065	0	T:17.0(8.50%),B:678.0(0.68%),P:1e-13	Tpos:240.1,Tstd:219.9,Bpos:203.6,Bstd:122.3,StrandBias:-0.2,Multiplicity:1.00
0.354	0.644	0.001	0.001
0.997	0.001	0.001	0.001
0.997	0.001	0.001	0.001
0.997	0.001	0.001	0.001
0.001	0.001	0.997	0.001
0.174	0.001	0.001	0.824
0.997	0.001	0.001	0.001
0.001	0.997	0.001	0.001
0.997	0.001	0.001	0.001
0.544	0.454	0.001	0.001
>GACTAKTATTCA	1-GACTAKTATTCA	12.811670	-155.106902	0	T:31.0(15.50%),B:45.9(0.05%),P:1e-67	Tpos:205.3,Tstd:118.7,Bpos:181.3,Bstd:112.1,StrandBias:0.3,Multiplicity:1.00
0.001	0.001	0.997	0.001
0.997	0.001	0.001	0.001
0.001	0.997	0.001	0.001
0.001	0.001	0.001	0.997
0.607	0.001	0.391	0.001
0.001	0.001	0.524	0.474
0.078	0.001	0.001	0.920
0.997	0.001	0.001	0.001
0.001	0.001	0.001	0.997
0.001	0.001	0.001	0.997
0.001	0.997	0.001	0.001
0.997	0.001	0.001	0.001
>MGGCCAAATGGC	2-MGGCCAAATGGC	10.715103	-135.760700	0	T:36.0(18.00%),B:181.7(0.18%),P:1e-58	Tpos:227.4,Tstd:118.9,Bpos:188.0,Bstd:113.4,StrandBias:0.0,Multiplicity:1.00
0.573	0.425	0.001	0.001
0.201	0.001	0.797	0.001
0.001	0.001	0.997	0.001
0.001	0.997	0.001	0.001
0.001	0.997	0.001	0.001
0.997	0.001	0.001	0.001
0.789	0.001	0.001	0.209
0.789	0.001	0.001	0.209
0.001	0.224	0.001	0.774
0.001	0.001	0.997	0.001
0.001	0.001	0.997	0.001
0.137	0.685	0.001	0.177
>ACRGCCTYMGGT	3-ACRGCCTYMGGT	12.599439	-130.791631	0	T:29.0(14.50%),B:69.7(0.07%),P:1e-56	Tpos:219.9,Tstd:136.6,Bpos:193.9,Bstd:109.0,StrandBias:0.0,Multiplicity:1.59
0.997	0.001	0.001	0.001
0.001	0.997	0.001	0.001
0.535	0.001	0.463	0.001
0.001	0.001	0.997	0.001
0.001	0.997	0.001	0.001
0.001	0.997	0.001	0.001
0.001	0.001	0.001	0.997
0.001	0.466	0.001	0.532
0.468	0.463	0.068	0.001
0.001	0.001	0.997	0.001
0.001	0.001	0.997	0.001
0.001	0.001	0.063	0.935
>GAATACGGAGGA	4-GAATACGGAGGA	9.572894	-115.240403	0	T:28.0(14.00%),B:99.7(0.10%),P:1e-50	Tpos:218.9,Tstd:132.8,Bpos:188.3,Bstd:115.4,StrandBias:0.4,Multiplicity:1.07
0.001	0.001	0.997	0.001
0.997	0.001	0.001	0.001
0.997	0.001	0.001	0.001
0.001	0.001	0.001	0.997
0.997	0.001	0.001	0.001
0.001	0.864	0.134	0.001
0.001	0.001	0.997	0.001
0.001	0.001	0.997	0.001
0.997	0.001	0.001	0.001
0.039	0.001	0.959	0.001
0.047	0.001	0.951	0.001
0.962	0.001	0.036	0.001
>ACTCATGTCCTT	5-ACTCATGTCCTT	13.415164	-110.508313	0	T:24.0(12.00%),B:52.5(0.05%),P:1e-47	Tpos:210.5,Tstd:140.1,Bpos:228.1,Bstd:128.3,StrandBias:0.5,Multiplicity:1.00
0.997	0.001	0.001	0.001
0.001	0.997	0.001	0.001
0.001	0.001	0.001	0.997
0.001	0.997	0.001	0.001
0.952	0.001	0.046	0.001
0.001	0.001	0.001	0.997
0.057	0.001	0.941	0.001
0.001	0.001	0.001	0.997
0.001	0.997	0.001	0.001
0.001	0.997	0.001	0.001
0.001	0.001	0.001	0.997
0.050	0.001	0.001	0.948
>GGTGATAACCAG	6-GGTGATAACCAG	13.569151	-108.491787	0	T:21.0(10.50%),B:26.9(0.03%),P:1e-47	Tpos:219.9,Tstd:120.3,Bpos:170.9,Bstd:91.7,StrandBias:0.1,Multiplicity:1.00
0.054	0.001	0.944	0.001
0.001	0.001	0.997	0.001
0.001	0.001	0.001	0.997
0.001	0.001	0.997	0.001
0.997	0.001	0.001	0.001
0.001	0.001	0.001	0.997
0.997	0.001	0.001	0.001
0.939	0.001	0.059	0.001
0.001	0.997	0.001	0.001
0.001	0.944	0.001	0.054
0.997	0.001	0.001	0.001
0.001	0.001	0.997	0.001
>CAGGAAGAGAAW	7-CAGGAAGAGAAW	11.035135	-105.494388	0	T:29.0(14.50%),B:166.5(0.17%),P:1e-45	Tpos:216.5,Tstd:126.1,Bpos:207.2,Bstd:125.2,StrandBias:0.6,Multiplicity:1.03
0.104	0.522	0.173	0.201
0.747	0.001	0.001	0.251
0.024	0.025	0.855	0.096
0.078	0.001	0.777	0.144
0.764	0.060	0.175	0.001
0.816	0.017	0.069	0.098
0.196	0.055	0.707	0.042
0.538	0.034	0.264	0.164
0.137	0.215	0.562	0.086
0.809	0.136	0.036	0.019
0.547	0.076	0.001	0.376
0.352	0.045	0.164	0.438
>TTATCTCCGGAA	8-TTATCTCCGGAA	13.131879	-104.650206	0	T:22.0(11.00%),B:41.3(0.04%),P:1e-45	Tpos:217.9,Tstd:180.6,Bpos:196.6,Bstd:128.0,StrandBias:0.0,Multiplicity:1.00
0.001	0.001	0.001	0.997
0.001	0.001	0.001	0.997
0.997	0.001	0.001	0.001
0.001	0.001	0.001	0.997
0.001	0.997	0.001	0.001
0.001	0.001	0.001	0.997
0.001	0.997	0.001	0.001
0.001	0.585	0.001	0.413
0.039	0.001	0.907	0.053
0.001	0.001	0.997	0.001
0.997	0.001	0.001	0.001
0.997	0.001	0.001	0.001
>GGARACTGTGAA	9-GGARACTGTGAA	12.825162	-103.066126	0	T:24.0(12.00%),B:71.7(0.07%),P:1e-44	Tpos:240.8,Tstd:131.1,Bpos:193.4,Bstd:123.2,StrandBias:0.5,Multiplicity:1.00
0.001	0.001	0.997	0.001
0.001	0.001	0.997	0.001
0.995	0.001	0.001	0.003
0.466	0.001	0.532	0.001
0.783	0.001	0.215	0.001
0.001	0.717	0.004	0.278
0.001	0.251	0.225	0.523
0.001	0.001	0.696	0.302
0.250	0.001	0.001	0.748
0.001	0.001	0.748	0.250
0.997	0.001	0.001	0.001
0.952	0.001	0.046	0.001
>GTCAGGCTGGGC	10-GTCAGGCTGGGC	13.266958	-98.613397	0	T:22.0(11.00%),B:54.8(0.06%),P:1e-42	Tpos:198.2,Tstd:153.3,Bpos:180.4,Bstd:109.1,StrandBias:1.1,Multiplicity:1.00
0.001	0.001	0.997	0.001
0.001	0.001	0.001	0.997
0.001	0.997	0.001	0.001
0.997	0.001	0.001	0.001
0.041	0.001	0.957	0.001
0.062	0.001	0.936	0.001
0.001	0.922	0.001	0.076
0.001	0.001	0.001	0.997
0.001	0.001	0.997	0.001
0.001	0.001	0.997	0.001
0.001	0.001	0.997	0.001
0.001	0.997	0.001	0.001
>TCTCACGGGATG	11-TCTCACGGGATG	8.995285	-96.377311	0	T:25.0(12.50%),B:115.3(0.12%),P:1e-41	Tpos:213.6,Tstd:143.1,Bpos:197.0,Bstd:124.6,StrandBias:-0.2,Multiplicity:1.04
0.001	0.001	0.001	0.997
0.001	0.997	0.001	0.001
0.001	0.001	0.001	0.997
0.001	0.997	0.001	0.001
0.997	0.001	0.001	0.001
0.001	0.779	0.001	0.219
0.001	0.001	0.934	0.064
0.001	0.001	0.997	0.001
0.001	0.001	0.634	0.364
0.997	0.001	0.001	0.001
0.001	0.001	0.001	0.997
0.001	0.001	0.997	0.001
>CTTTGACACCTC	12-CTTTGACACCTC	7.911243	-80.295677	0	T:72.0(36.00%),B:6181.7(6.21%),P:1e-34	Tpos:256.2,Tstd:164.8,Bpos:199.7,Bstd:123.3,StrandBias:-0.2,Multiplicity:1.43
0.144	0.593	0.141	0.122
0.072	0.119	0.061	0.748
0.001	0.161	0.129	0.709
0.039	0.085	0.024	0.852
0.122	0.234	0.602	0.042
0.786	0.102	0.023	0.089
0.047	0.883	0.042	0.028
0.868	0.036	0.015	0.081
0.016	0.837	0.077	0.070
0.029	0.861	0.036	0.074
0.079	0.163	0.020	0.738
0.123	0.527	0.107	0.243
>ATCGATCCTCCT	13-ATCGATCCTCCT	9.264369	-76.917851	0	T:18.0(9.00%),B:55.7(0.06%),P:1e-33	Tpos:209.7,Tstd:179.6,Bpos:206.5,Bstd:104.7,StrandBias:0.0,Multiplicity:1.00
0.997	0.001	0.001	0.001
0.001	0.001	0.001	0.997
0.158	0.840	0.001	0.001
0.001	0.001	0.997	0.001
0.997	0.001	0.001	0.001
0.001	0.001	0.001	0.997
0.001	0.997	0.001	0.001
0.001	0.997	0.001	0.001
0.001	0.001	0.001	0.997
0.001	0.899	0.001	0.099
0.001	0.719	0.001	0.279
0.001	0.001	0.001	0.997
>AAGTCAGGCGCC	14-AAGTCAGGCGCC	12.355432	-75.125646	0	T:13.0(6.50%),B:9.2(0.01%),P:1e-32	Tpos:193.4,Tstd:139.6,Bpos:166.8,Bstd:129.4,StrandBias:-0.2,Multiplicity:1.00
0.700	0.100	0.100	0.100
0.700	0.100	0.100	0.100
0.100	0.100	0.700	0.100
0.100	0.100	0.100	0.700
0.100	0.700	0.100	0.100
0.700	0.100	0.100	0.100
0.100	0.100	0.700	0.100
0.100	0.100	0.700	0.100
0.100	0.700	0.100	0.100
0.100	0.100	0.700	0.100
0.100	0.700	0.100	0.100
0.100	0.700	0.100	0.100
>CTGAATTCGGCC	15-CTGAATTCGGCC	11.774426	-73.718823	0	T:19.0(9.50%),B:86.7(0.09%),P:1e-32	Tpos:297.6,Tstd:232.1,Bpos:190.9,Bstd:101.1,StrandBias:1.4,Multiplicity:1.00
0.001	0.778	0.001	0.220
0.220	0.001	0.001	0.778
0.001	0.220	0.778	0.001
0.997	0.001	0.001	0.001
0.541	0.237	0.001	0.221
0.001	0.001	0.001	0.997
0.001	0.001	0.001	0.997
0.165	0.825	0.001	0.009
0.001	0.001	0.861	0.137
0.001	0.001	0.997	0.001
0.001	0.778	0.001	0.220
0.302	0.696	0.001	0.001
>GGCACTCTGCAT	16-GGCACTCTGCAT	12.088092	-68.514996	0	T:18.0(9.00%),B:89.0(0.09%),P:1e-29	Tpos:198.7,Tstd:198.7,Bpos:199.1,Bstd:117.9,StrandBias:0.7,Multiplicity:1.00
0.001	0.001	0.997	0.001
0.001	0.001	0.997	0.001
0.001	0.997	0.001	0.001
0.997	0.001	0.001	0.001
0.001	0.997	0.001	0.001
0.001	0.001	0.001	0.997
0.001	0.890	0.001	0.108
0.001	0.001	0.001	0.997
0.171	0.001	0.827	0.001
0.097	0.645	0.257	0.001
0.846	0.001	0.152	0.001
0.001	0.001	0.001	0.997
>TCYCMTGACATC	17-TCYCMTGACATC	9.378470	-60.647566	0	T:26.0(13.00%),B:564.7(0.57%),P:1e-26	Tpos:215.7,Tstd:194.4,Bpos:200.2,Bstd:120.0,StrandBias:-0.5,Multiplicity:1.31
0.001	0.093	0.106	0.800
0.136	0.832	0.001	0.031
0.028	0.460	0.159	0.353
0.053	0.566	0.380	0.001
0.433	0.357	0.053	0.157
0.030	0.232	0.078	0.660
0.053	0.001	0.788	0.158
0.699	0.110	0.054	0.137
0.024	0.922	0.001	0.053
0.656	0.132	0.130	0.082
0.030	0.202	0.063	0.705
0.053	0.485	0.328	0.134
>TTCTTCGCACCT	18-TTCTTCGCACCT	10.322991	-59.530891	0	T:23.0(11.50%),B:384.5(0.39%),P:1e-25	Tpos:195.3,Tstd:98.6,Bpos:203.2,Bstd:118.0,StrandBias:-0.5,Multiplicity:1.00
0.168	0.149	0.041	0.642
0.042	0.039	0.080	0.839
0.077	0.712	0.145	0.066
0.030	0.081	0.001	0.888
0.001	0.053	0.106	0.840
0.134	0.589	0.171	0.106
0.225	0.133	0.488	0.155
0.038	0.841	0.071	0.050
0.808	0.070	0.060	0.062
0.020	0.802	0.112	0.066
0.038	0.721	0.001	0.240
0.082	0.014	0.071	0.833
>GTCTCTGACACH	19-GTCTCTGACACH	10.675752	-50.456594	0	T:22.0(11.00%),B:499.6(0.50%),P:1e-21	Tpos:169.8,Tstd:120.1,Bpos:203.8,Bstd:120.8,StrandBias:-1.1,Multiplicity:1.00
0.001	0.112	0.801	0.086
0.004	0.053	0.172	0.771
0.001	0.765	0.001	0.233
0.001	0.001	0.001	0.997
0.004	0.834	0.090	0.072
0.061	0.110	0.001	0.828
0.102	0.156	0.741	0.001
0.878	0.061	0.001	0.060
0.001	0.940	0.058	0.001
0.940	0.001	0.058	0.001
0.272	0.436	0.133	0.159
0.241	0.295	0.076	0.387
>NAGGTGTGATTN	20-NAGGTGTGATTN	6.698955	-49.458755	0	T:60.0(30.00%),B:7061.1(7.10%),P:1e-21	Tpos:216.4,Tstd:131.5,Bpos:196.4,Bstd:122.9,StrandBias:0.9,Multiplicity:1.30
0.256	0.198	0.342	0.203
0.690	0.058	0.116	0.136
0.165	0.073	0.639	0.123
0.157	0.148	0.586	0.109
0.117	0.059	0.109	0.715
0.083	0.114	0.709	0.094
0.120	0.069	0.107	0.704
0.110	0.146	0.623	0.121
0.629	0.127	0.082	0.162
0.197	0.134	0.115	0.554
0.149	0.097	0.153	0.601
0.223	0.211	0.254	0.312
>ACAAAGAACAAA	21-ACAAAGAACAAA	16.513651	-43.809229	0	T:12.0(6.00%),B:71.6(0.07%),P:1e-19	Tpos:278.7,Tstd:244.4,Bpos:215.4,Bstd:128.8,StrandBias:0.0,Multiplicity:1.00
0.997	0.001	0.001	0.001
0.001	0.997	0.001	0.001
0.997	0.001	0.001	0.001
0.915	0.001	0.083	0.001
0.997	0.001	0.001	0.001
0.001	0.001	0.997	0.001
0.997	0.001	0.001	0.001
0.997	0.001	0.001	0.001
0.001	0.997	0.001	0.001
0.997	0.001	0.001	0.001
0.997	0.001	0.001	0.001
0.997	0.001	0.001	0.001
>TTCCCCCTCRAC	22-TTCCCCCTCRAC	13.949998	-32.738368	0	T:9.0(4.50%),B:56.7(0.06%),P:1e-14	Tpos:254.0,Tstd:169.5,Bpos:213.6,Bstd:131.2,StrandBias:0.3,Multiplicity:1.00
0.001	0.001	0.001	0.997
0.001	0.001	0.001	0.997
0.001	0.997	0.001	0.001
0.001	0.604	0.001	0.394
0.001	0.997	0.001	0.001
0.001	0.997	0.001	0.001
0.001	0.735	0.263	0.001
0.001	0.001	0.001	0.997
0.001	0.997	0.001	0.001
0.441	0.001	0.394	0.164
0.997	0.001	0.001	0.001
0.001	0.997	0.001	0.001
>GCTCCTTAACAS	23-GCTCCTTAACAS	10.200163	-29.008614	0	T:15.0(7.50%),B:508.5(0.51%),P:1e-12	Tpos:198.4,Tstd:97.8,Bpos:199.3,Bstd:128.7,StrandBias:1.3,Multiplicity:1.21
0.159	0.328	0.512	0.001
0.001	0.997	0.001	0.001
0.001	0.236	0.001	0.762
0.001	0.997	0.001	0.001
0.236	0.762	0.001	0.001
0.159	0.001	0.001	0.839
0.237	0.006	0.005	0.752
0.997	0.001	0.001	0.001
0.978	0.001	0.020	0.001
0.001	0.997	0.001	0.001
0.997	0.001	0.001	0.001
0.237	0.434	0.328	0.001
>CTCYCAAGACTT	24-CTCYCAAGACTT	13.084313	-28.457917	0	T:8.0(4.00%),B:55.9(0.06%),P:1e-12	Tpos:189.0,Tstd:63.9,Bpos:187.4,Bstd:120.5,StrandBias:-1.6,Multiplicity:1.00
0.194	0.804	0.001	0.001
0.001	0.001	0.001	0.997
0.001	0.810	0.188	0.001
0.220	0.380	0.001	0.399
0.141	0.639	0.001	0.219
0.858	0.001	0.140	0.001
0.997	0.001	0.001	0.001
0.001	0.219	0.779	0.001
0.804	0.001	0.001	0.194
0.001	0.997	0.001	0.001
0.001	0.001	0.001	0.997
0.001	0.001	0.001	0.997
>GTTCACACCCTG	25-GTTCACACCCTG	11.591703	-25.012995	0	T:11.0(5.50%),B:269.2(0.27%),P:1e-10	Tpos:208.7,Tstd:97.7,Bpos:196.5,Bstd:122.9,StrandBias:1.3,Multiplicity:1.55
0.001	0.290	0.708	0.001
0.001	0.001	0.001	0.997
0.001	0.001	0.001	0.997
0.001	0.997	0.001	0.001
0.997	0.001	0.001	0.001
0.001	0.997	0.001	0.001
0.997	0.001	0.001	0.001
0.001	0.858	0.001	0.140
0.117	0.561	0.188	0.134
0.119	0.559	0.202	0.120
0.001	0.001	0.001	0.997
0.001	0.001	0.697	0.301
>TGRCRCCT	1-TGRCRCCT	6.998315	-150.257762	0	T:121.0(60.50%),B:10428.3(10.48%),P:1e-65	Tpos:213.3,Tstd:126.6,Bpos:199.7,Bstd:125.5,StrandBias:-0.0,Multiplicity:1.37
0.001	0.001	0.001	0.997
0.079	0.351	0.563	0.007
0.541	0.001	0.457	0.001
0.001	0.997	0.001	0.001
0.556	0.001	0.442	0.001
0.001	0.997	0.001	0.001
0.001	0.895	0.001	0.103
0.001	0.001	0.001	0.997
>GGTGTVAA	2-GGTGTVAA	7.415084	-118.209455	0	T:103.0(51.50%),B:9266.1(9.31%),P:1e-51	Tpos:243.8,Tstd:155.9,Bpos:201.4,Bstd:125.7,StrandBias:-0.1,Multiplicity:1.48
0.103	0.029	0.825	0.043
0.001	0.330	0.656	0.013
0.048	0.012	0.001	0.939
0.003	0.001	0.978	0.018
0.133	0.137	0.001	0.729
0.190	0.335	0.321	0.154
0.968	0.001	0.014	0.017
0.756	0.050	0.149	0.045
>CCATTTGG	3-CCATTTGG	5.272610	-112.106834	0	T:79.0(39.50%),B:4930.4(4.96%),P:1e-48	Tpos:216.8,Tstd:122.3,Bpos:201.5,Bstd:118.0,StrandBias:0.2,Multiplicity:1.11
0.001	0.997	0.001	0.001
0.001	0.997	0.001	0.001
0.988	0.001	0.010	0.001
0.001	0.001	0.001	0.997
0.016	0.001	0.001	0.982
0.001	0.001	0.001	0.997
0.001	0.001	0.997	0.001
0.001	0.001	0.807	0.191
>GCCATTTG	4-GCCATTTG	7.804009	-102.713714	0	T:102.0(51.00%),B:10705.2(10.76%),P:1e-44	Tpos:226.8,Tstd:195.0,Bpos:200.1,Bstd:125.4,StrandBias:0.3,Multiplicity:1.22
0.095	0.091	0.808	0.006
0.136	0.703	0.132	0.029
0.011	0.848	0.001	0.140
0.877	0.020	0.001	0.102
0.001	0.001	0.004	0.994
0.001	0.001	0.029	0.969
0.162	0.001	0.001	0.836
0.022	0.001	0.976	0.001
>TTCWCACY	5-TTCWCACY	7.069854	-77.885543	0	T:100.0(50.00%),B:13583.0(13.65%),P:1e-33	Tpos:259.0,Tstd:163.4,Bpos:200.1,Bstd:124.9,StrandBias:-0.3,Multiplicity:1.43
0.002	0.001	0.059	0.938
0.136	0.108	0.001	0.755
0.168	0.668	0.163	0.001
0.439	0.001	0.066	0.495
0.001	0.997	0.001	0.001
0.942	0.056	0.001	0.001
0.001	0.853	0.103	0.043
0.039	0.376	0.143	0.442
>TATAATTC	6-TATAATTC	8.236954	-58.549915	0	T:28.0(14.00%),B:781.5(0.79%),P:1e-25	Tpos:231.8,Tstd:124.4,Bpos:202.5,Bstd:125.7,StrandBias:0.6,Multiplicity:1.18
0.100	0.100	0.100	0.700
0.700	0.100	0.100	0.100
0.100	0.100	0.100	0.700
0.700	0.100	0.100	0.100
0.700	0.100	0.100	0.100
0.100	0.100	0.100	0.700
0.100	0.100	0.100	0.700
0.100	0.700	0.100	0.100
>GGTGACGR	7-GGTGACGR	6.449263	-56.018892	0	T:94.0(47.00%),B:15725.7(15.81%),P:1e-24	Tpos:234.9,Tstd:147.0,Bpos:200.3,Bstd:121.3,StrandBias:0.1,Multiplicity:1.23
0.160	0.001	0.838	0.001
0.092	0.007	0.760	0.141
0.001	0.207	0.001	0.791
0.269	0.019	0.683	0.029
0.674	0.006	0.057	0.263
0.001	0.812	0.002	0.185
0.374	0.001	0.624	0.001
0.430	0.001	0.563	0.006
>AATAGGGA	8-AATAGGGA	8.236954	-43.417004	0	T:25.0(12.50%),B:1017.9(1.02%),P:1e-18	Tpos:221.4,Tstd:145.7,Bpos:195.7,Bstd:119.5,StrandBias:0.6,Multiplicity:1.14
0.700	0.100	0.100	0.100
0.700	0.100	0.100	0.100
0.100	0.100	0.100	0.700
0.700	0.100	0.100	0.100
0.100	0.100	0.700	0.100
0.100	0.100	0.700	0.100
0.100	0.100	0.700	0.100
0.700	0.100	0.100	0.100
>TCAGGAAG	9-TCAGGAAG	8.236954	-36.786101	0	T:41.0(20.50%),B:4308.7(4.33%),P:1e-15	Tpos:204.6,Tstd:136.5,Bpos:202.1,Bstd:124.8,StrandBias:0.2,Multiplicity:1.00
0.100	0.100	0.100	0.700
0.100	0.700	0.100	0.100
0.700	0.100	0.100	0.100
0.100	0.100	0.700	0.100
0.100	0.100	0.700	0.100
0.700	0.100	0.100	0.100
0.700	0.100	0.100	0.100
0.100	0.100	0.700	0.100
>GGCACTCT	10-GGCACTCT	8.395674	-32.575142	0	T:25.0(12.50%),B:1637.1(1.65%),P:1e-14	Tpos:213.6,Tstd:165.0,Bpos:198.9,Bstd:122.5,StrandBias:0.0,Multiplicity:1.00
0.001	0.001	0.997	0.001
0.001	0.001	0.997	0.001
0.001	0.997	0.001	0.001
0.997	0.001	0.001	0.001
0.001	0.997	0.001	0.001
0.001	0.001	0.069	0.929
0.001	0.997	0.001	0.001
0.001	0.001	0.001	0.997
>CTTTCTCA	11-CTTTCTCA	8.236954	-31.080884	0	T:35.0(17.50%),B:3706.2(3.73%),P:1e-13	Tpos:239.6,Tstd:140.1,Bpos:197.4,Bstd:126.1,StrandBias:-0.2,Multiplicity:1.06
0.100	0.700	0.100	0.100
0.100	0.100	0.100	0.700
0.100	0.100	0.100	0.700
0.100	0.100	0.100	0.700
0.100	0.700	0.100	0.100
0.100	0.100	0.100	0.700
0.100	0.700	0.100	0.100
0.700	0.100	0.100	0.100
>ATCTTATC	12-ATCTTATC	8.236954	-27.676263	0	T:17.0(8.50%),B:792.7(0.80%),P:1e-12	Tpos:144.2,Tstd:124.3,Bpos:208.9,Bstd:120.4,StrandBias:0.8,Multiplicity:1.00
0.700	0.100	0.100	0.100
0.100	0.100	0.100	0.700
0.100	0.700	0.100	0.100
0.100	0.100	0.100	0.700
0.100	0.100	0.100	0.700
0.700	0.100	0.100	0.100
0.100	0.100	0.100	0.700
0.100	0.700	0.100	0.100
>AAATAGGG	13-AAATAGGG	8.274016	-27.289647	0	T:39.0(19.50%),B:5230.6(5.26%),P:1e-11	Tpos:219.4,Tstd:147.3,Bpos:199.6,Bstd:118.6,StrandBias:0.5,Multiplicity:1.10
0.693	0.001	0.012	0.294
0.705	0.001	0.293	0.001
0.705	0.001	0.001	0.293
0.001	0.001	0.001	0.997
0.997	0.001	0.001	0.001
0.001	0.001	0.997	0.001
0.001	0.001	0.997	0.001
0.001	0.001	0.997	0.001
>AWGGGAAC	14-AWGGGAAC	8.194478	-25.970573	0	T:38.0(19.00%),B:5202.9(5.23%),P:1e-11	Tpos:211.8,Tstd:157.9,Bpos:196.8,Bstd:121.3,StrandBias:0.0,Multiplicity:1.12
0.823	0.001	0.175	0.001
0.431	0.199	0.001	0.370
0.030	0.053	0.809	0.108
0.044	0.075	0.876	0.005
0.001	0.110	0.769	0.120
0.870	0.001	0.044	0.085
0.955	0.001	0.001	0.043
0.052	0.603	0.001	0.344
>GGGAGATA	15-GGGAGATA	8.337675	-25.257776	0	T:30.0(15.00%),B:3362.4(3.38%),P:1e-10	Tpos:206.1,Tstd:111.8,Bpos:199.9,Bstd:114.0,StrandBias:0.1,Multiplicity:1.73
0.001	0.344	0.654	0.001
0.001	0.001	0.966	0.032
0.001	0.001	0.997	0.001
0.672	0.033	0.001	0.294
0.001	0.001	0.997	0.001
0.719	0.001	0.001	0.279
0.001	0.279	0.001	0.719
0.668	0.001	0.003	0.328
>YCGATGTC	16-YCGATGTC	6.848953	-23.827170	0	T:26.0(13.00%),B:2668.1(2.68%),P:1e-10	Tpos:253.1,Tstd:185.9,Bpos:202.3,Bstd:121.1,StrandBias:-0.3,Multiplicity:1.31
0.001	0.424	0.273	0.301
0.001	0.651	0.347	0.001
0.001	0.185	0.813	0.001
0.823	0.153	0.001	0.023
0.240	0.046	0.073	0.641
0.076	0.201	0.722	0.001
0.221	0.098	0.011	0.670
0.134	0.671	0.001	0.194
>CGSGATGG	17-CGSGATGG	8.028134	-23.756640	0	T:13.0(6.50%),B:500.7(0.50%),P:1e-10	Tpos:181.2,Tstd:109.5,Bpos:193.6,Bstd:119.7,StrandBias:-0.7,Multiplicity:1.00
0.001	0.823	0.124	0.052
0.001	0.172	0.826	0.001
0.001	0.523	0.405	0.071
0.006	0.052	0.941	0.001
0.895	0.001	0.103	0.001
0.077	0.001	0.001	0.921
0.273	0.001	0.655	0.071
0.005	0.259	0.535	0.201
>TGYTAAGG	18-TGYTAAGG	8.035656	-21.731001	0	T:31.0(15.50%),B:4149.6(4.17%),P:1e-9	Tpos:197.6,Tstd:111.3,Bpos:201.0,Bstd:125.5,StrandBias:0.0,Multiplicity:1.27
0.126	0.046	0.001	0.827
0.052	0.110	0.794	0.044
0.126	0.364	0.152	0.357
0.001	0.048	0.001	0.950
0.863	0.001	0.095	0.041
0.727	0.134	0.047	0.092
0.001	0.089	0.909	0.001
0.364	0.003	0.632	0.001
>ATCGATSY	19-ATCGATSY	8.454039	-21.496466	0	T:12.0(6.00%),B:484.6(0.49%),P:1e-9	Tpos:164.5,Tstd:109.2,Bpos:195.4,Bstd:110.0,StrandBias:0.2,Multiplicity:1.00
0.715	0.204	0.001	0.080
0.090	0.062	0.071	0.777
0.001	0.997	0.001	0.001
0.001	0.001	0.997	0.001
0.919	0.079	0.001	0.001
0.001	0.204	0.001	0.794
0.062	0.474	0.464	0.001
0.001	0.375	0.160	0.464
>AACAAAGA	20-AACAAAGA	5.691931	-21.135452	0	T:34.0(17.00%),B:5046.9(5.07%),P:1e-9	Tpos:204.1,Tstd:170.8,Bpos:200.9,Bstd:120.6,StrandBias:-0.3,Multiplicity:1.29
0.997	0.001	0.001	0.001
0.997	0.001	0.001	0.001
0.001	0.997	0.001	0.001
0.997	0.001	0.001	0.001
0.900	0.001	0.001	0.098
0.951	0.047	0.001	0.001
0.001	0.001	0.997	0.001
0.997	0.001	0.001	0.001
>AWGGGCTC	21-AWGGGCTC	8.493906	-20.600254	0	T:40.0(20.00%),B:6870.5(6.91%),P:1e-8	Tpos:217.4,Tstd:147.9,Bpos:200.9,Bstd:120.6,StrandBias:0.0,Multiplicity:1.33
0.640	0.278	0.001	0.081
0.467	0.015	0.001	0.517
0.001	0.048	0.906	0.045
0.064	0.001	0.854	0.081
0.001	0.079	0.725	0.195
0.001	0.971	0.001	0.027
0.043	0.001	0.001	0.955
0.001	0.997	0.001	0.001
>TGCTGACA	22-TGCTGACA	8.679751	-20.448128	0	T:25.0(12.50%),B:2900.1(2.92%),P:1e-8	Tpos:204.8,Tstd:200.9,Bpos:198.4,Bstd:118.8,StrandBias:0.2,Multiplicity:1.04
0.033	0.359	0.075	0.533
0.001	0.059	0.561	0.379
0.032	0.855	0.001	0.112
0.001	0.289	0.113	0.597
0.141	0.016	0.842	0.001
0.899	0.001	0.033	0.067
0.040	0.958	0.001	0.001
0.811	0.022	0.001	0.166
>CTYATSAC	23-CTYATSAC	8.046643	-19.869309	0	T:37.0(18.50%),B:6160.9(6.19%),P:1e-8	Tpos:215.3,Tstd:146.8,Bpos:198.9,Bstd:122.2,StrandBias:0.6,Multiplicity:1.11
0.001	0.709	0.289	0.001
0.001	0.186	0.001	0.812
0.001	0.531	0.001	0.467
0.997	0.001	0.001	0.001
0.001	0.001	0.166	0.832
0.001	0.467	0.531	0.001
0.643	0.001	0.001	0.355
0.001	0.997	0.001	0.001
>AGHGGGCA	24-AGHGGGCA	8.232956	-17.708231	0	T:48.0(24.00%),B:10244.4(10.30%),P:1e-7	Tpos:225.4,Tstd:179.5,Bpos:201.0,Bstd:118.7,StrandBias:-0.4,Multiplicity:1.50
0.866	0.088	0.001	0.045
0.059	0.018	0.922	0.001
0.336	0.387	0.001	0.277
0.001	0.053	0.924	0.022
0.001	0.048	0.950	0.001
0.001	0.040	0.828	0.131
0.001	0.619	0.335	0.045
0.879	0.059	0.061	0.001
>CGTGYTAG	25-CGTGYTAG	7.491961	-13.525131	0	T:11.0(5.50%),B:836.1(0.84%),P:1e-5	Tpos:209.5,Tstd:108.1,Bpos:209.2,Bstd:125.0,StrandBias:1.4,Multiplicity:1.00
0.001	0.927	0.071	0.001
0.001	0.001	0.997	0.001
0.184	0.001	0.135	0.680
0.136	0.116	0.607	0.141
0.219	0.389	0.001	0.391
0.001	0.001	0.001	0.997
0.852	0.001	0.001	0.146
0.216	0.103	0.680	0.001
