>GCCATTTGKT	1-GCCATTTGKT	7.848651	-126.105709	0	T:92.0(46.00%),B:6273.5(6.31%),P:1e-54	Tpos:257.1,Tstd:173.4,Bpos:199.0,Bstd:122.6,StrandBias:0.4,Multiplicity:1.21
0.327	0.001	0.565	0.107
0.123	0.763	0.113	0.001
0.001	0.997	0.001	0.001
0.800	0.044	0.001	0.155
0.001	0.001	0.152	0.846
0.085	0.001	0.001	0.913
0.001	0.001	0.001	0.997
0.001	0.001	0.997	0.001
0.001	0.060	0.452	0.487
0.069	0.384	0.001	0.546
>ACTATAATTC	2-ACTATAATTC	10.296193	-124.057168	0	T:27.0(13.50%),B:59.1(0.06%),P:1e-53	Tpos:220.7,Tstd:116.9,Bpos:211.5,Bstd:117.5,StrandBias:0.3,Multiplicity:1.00
0.700	0.100	0.100	0.100
0.100	0.700	0.100	0.100
0.100	0.100	0.100	0.700
0.700	0.100	0.100	0.100
0.100	0.100	0.100	0.700
0.700	0.100	0.100	0.100
0.700	0.100	0.100	0.100
0.100	0.100	0.100	0.700
0.100	0.100	0.100	0.700
0.100	0.700	0.100	0.100
>AGGTGTCARG	3-AGGTGTCARG	7.640742	-122.298862	0	T:103.0(51.50%),B:8869.1(8.91%),P:1e-53	Tpos:237.0,Tstd:146.5,Bpos:200.9,Bstd:122.6,StrandBias:0.2,Multiplicity:1.57
0.929	0.001	0.033	0.037
0.076	0.001	0.922	0.001
0.041	0.011	0.927	0.021
0.001	0.063	0.040	0.896
0.001	0.001	0.968	0.030
0.099	0.315	0.001	0.585
0.001	0.746	0.210	0.043
0.953	0.001	0.001	0.045
0.516	0.045	0.400	0.039
0.233	0.013	0.681	0.073
>GGAAGAGATA	4-GGAAGAGATA	10.296193	-106.552011	0	T:29.0(14.50%),B:160.8(0.16%),P:1e-46	Tpos:209.3,Tstd:122.6,Bpos:204.9,Bstd:107.2,StrandBias:0.6,Multiplicity:1.03
0.100	0.100	0.700	0.100
0.100	0.100	0.700	0.100
0.700	0.100	0.100	0.100
0.700	0.100	0.100	0.100
0.100	0.100	0.700	0.100
0.700	0.100	0.100	0.100
0.100	0.100	0.700	0.100
0.700	0.100	0.100	0.100
0.100	0.100	0.100	0.700
0.700	0.100	0.100	0.100
>AGGCCAWATG	5-AGGCCAWATG	10.492480	-97.052446	0	T:40.0(20.00%),B:794.9(0.80%),P:1e-42	Tpos:226.3,Tstd:122.5,Bpos:199.2,Bstd:116.8,StrandBias:0.2,Multiplicity:1.00
0.872	0.126	0.001	0.001
0.400	0.001	0.598	0.001
0.273	0.001	0.725	0.001
0.001	0.997	0.001	0.001
0.001	0.997	0.001	0.001
0.716	0.001	0.282	0.001
0.401	0.001	0.239	0.359
0.640	0.001	0.001	0.358
0.001	0.001	0.001	0.997
0.001	0.001	0.997	0.001
>GAATACGGAG	6-GAATACGGAG	9.872586	-89.405301	0	T:27.0(13.50%),B:215.4(0.22%),P:1e-38	Tpos:207.8,Tstd:137.3,Bpos:192.3,Bstd:114.6,StrandBias:0.3,Multiplicity:1.07
0.001	0.001	0.997	0.001
0.997	0.001	0.001	0.001
0.997	0.001	0.001	0.001
0.001	0.001	0.001	0.997
0.997	0.001	0.001	0.001
0.019	0.782	0.198	0.001
0.001	0.001	0.997	0.001
0.001	0.001	0.997	0.001
0.997	0.001	0.001	0.001
0.001	0.001	0.997	0.001
>CTTGACAGCC	7-CTTGACAGCC	6.330475	-85.585264	0	T:60.0(30.00%),B:3552.0(3.57%),P:1e-37	Tpos:220.5,Tstd:140.6,Bpos:197.9,Bstd:121.5,StrandBias:0.2,Multiplicity:1.52
0.001	0.705	0.034	0.260
0.001	0.001	0.001	0.997
0.001	0.001	0.001	0.997
0.256	0.106	0.523	0.115
0.997	0.001	0.001	0.001
0.001	0.898	0.001	0.100
0.933	0.001	0.065	0.001
0.001	0.180	0.818	0.001
0.001	0.997	0.001	0.001
0.001	0.997	0.001	0.001
>ACTCATGTCC	8-ACTCATGTCC	10.296193	-78.273594	0	T:22.0(11.00%),B:137.4(0.14%),P:1e-33	Tpos:200.4,Tstd:144.7,Bpos:219.9,Bstd:124.5,StrandBias:0.8,Multiplicity:1.00
0.700	0.100	0.100	0.100
0.100	0.700	0.100	0.100
0.100	0.100	0.100	0.700
0.100	0.700	0.100	0.100
0.700	0.100	0.100	0.100
0.100	0.100	0.100	0.700
0.100	0.100	0.700	0.100
0.100	0.100	0.100	0.700
0.100	0.700	0.100	0.100
0.100	0.700	0.100	0.100
>TTMSGGAGAT	9-TTMSGGAGAT	12.146006	-74.495208	0	T:22.0(11.00%),B:163.1(0.16%),P:1e-32	Tpos:203.0,Tstd:98.2,Bpos:211.2,Bstd:116.3,StrandBias:0.3,Multiplicity:1.23
0.001	0.001	0.001	0.997
0.001	0.001	0.001	0.997
0.475	0.523	0.001	0.001
0.001	0.523	0.475	0.001
0.185	0.001	0.813	0.001
0.001	0.001	0.997	0.001
0.997	0.001	0.001	0.001
0.001	0.001	0.997	0.001
0.997	0.001	0.001	0.001
0.001	0.001	0.001	0.997
>GGCCGAAGTC	10-GGCCGAAGTC	8.372171	-74.205555	0	T:18.0(9.00%),B:64.7(0.07%),P:1e-32	Tpos:274.9,Tstd:201.3,Bpos:207.7,Bstd:132.7,StrandBias:-1.0,Multiplicity:1.00
0.001	0.001	0.997	0.001
0.065	0.001	0.933	0.001
0.001	0.997	0.001	0.001
0.001	0.997	0.001	0.001
0.001	0.001	0.997	0.001
0.997	0.001	0.001	0.001
0.997	0.001	0.001	0.001
0.001	0.001	0.933	0.065
0.001	0.001	0.001	0.997
0.001	0.997	0.001	0.001
>GGTGTGAAAS	11-GGTGTGAAAS	8.482355	-69.690873	0	T:55.0(27.50%),B:3843.7(3.86%),P:1e-30	Tpos:274.5,Tstd:146.7,Bpos:201.1,Bstd:124.4,StrandBias:0.6,Multiplicity:1.15
0.102	0.034	0.785	0.079
0.042	0.068	0.889	0.001
0.031	0.001	0.001	0.967
0.001	0.029	0.969	0.001
0.121	0.001	0.067	0.811
0.001	0.001	0.934	0.064
0.960	0.001	0.001	0.038
0.821	0.041	0.090	0.048
0.521	0.285	0.146	0.048
0.207	0.360	0.296	0.138
>AGGTGTGAWT	12-AGGTGTGAWT	7.829859	-68.783545	0	T:77.0(38.50%),B:8633.8(8.68%),P:1e-29	Tpos:210.0,Tstd:120.7,Bpos:200.1,Bstd:124.7,StrandBias:0.3,Multiplicity:1.24
0.906	0.001	0.001	0.092
0.372	0.001	0.569	0.058
0.001	0.209	0.789	0.001
0.001	0.001	0.135	0.863
0.001	0.001	0.997	0.001
0.039	0.001	0.025	0.935
0.085	0.001	0.553	0.361
0.783	0.082	0.027	0.108
0.342	0.045	0.150	0.463
0.001	0.115	0.360	0.524
>GGACTAGGGG	13-GGACTAGGGG	11.417301	-64.398122	0	T:28.0(14.00%),B:628.4(0.63%),P:1e-27	Tpos:254.8,Tstd:143.4,Bpos:196.5,Bstd:116.5,StrandBias:0.1,Multiplicity:1.11
0.001	0.001	0.997	0.001
0.001	0.001	0.997	0.001
0.997	0.001	0.001	0.001
0.303	0.695	0.001	0.001
0.001	0.001	0.293	0.705
0.997	0.001	0.001	0.001
0.001	0.001	0.997	0.001
0.001	0.001	0.997	0.001
0.001	0.001	0.997	0.001
0.001	0.001	0.997	0.001
>RYGGGAACTC	14-RYGGGAACTC	9.664618	-59.748845	0	T:20.0(10.00%),B:223.7(0.22%),P:1e-25	Tpos:231.0,Tstd:201.1,Bpos:206.2,Bstd:113.9,StrandBias:0.1,Multiplicity:1.15
0.407	0.040	0.459	0.094
0.079	0.415	0.134	0.372
0.039	0.091	0.869	0.001
0.084	0.241	0.643	0.032
0.029	0.001	0.931	0.039
0.497	0.333	0.169	0.001
0.837	0.116	0.046	0.001
0.076	0.745	0.088	0.091
0.092	0.001	0.084	0.823
0.026	0.887	0.047	0.040
>CTTTCTCACG	15-CTTTCTCACG	12.366226	-59.313138	0	T:21.0(10.50%),B:276.5(0.28%),P:1e-25	Tpos:222.4,Tstd:149.4,Bpos:207.0,Bstd:123.6,StrandBias:-0.1,Multiplicity:1.00
0.001	0.997	0.001	0.001
0.001	0.001	0.001	0.997
0.001	0.001	0.001	0.997
0.001	0.001	0.001	0.997
0.001	0.997	0.001	0.001
0.001	0.001	0.001	0.997
0.001	0.997	0.001	0.001
0.997	0.001	0.001	0.001
0.001	0.768	0.001	0.230
0.001	0.001	0.997	0.001
>BGGTKATMAC	16-BGGTKATMAC	9.655782	-58.973060	0	T:20.0(10.00%),B:232.9(0.23%),P:1e-25	Tpos:227.9,Tstd:124.2,Bpos:193.2,Bstd:115.7,StrandBias:0.2,Multiplicity:1.00
0.058	0.253	0.291	0.399
0.048	0.116	0.781	0.055
0.001	0.001	0.997	0.001
0.258	0.052	0.023	0.667
0.103	0.001	0.498	0.399
0.788	0.027	0.028	0.157
0.052	0.025	0.084	0.839
0.478	0.399	0.069	0.054
0.971	0.001	0.001	0.027
0.050	0.703	0.219	0.028
>ATCTTATCTC	17-ATCTTATCTC	10.296193	-56.209267	0	T:16.0(8.00%),B:106.0(0.11%),P:1e-24	Tpos:144.5,Tstd:129.5,Bpos:198.4,Bstd:113.9,StrandBias:1.2,Multiplicity:1.00
0.700	0.100	0.100	0.100
0.100	0.100	0.100	0.700
0.100	0.700	0.100	0.100
0.100	0.100	0.100	0.700
0.100	0.100	0.100	0.700
0.700	0.100	0.100	0.100
0.100	0.100	0.100	0.700
0.100	0.700	0.100	0.100
0.100	0.100	0.100	0.700
0.100	0.700	0.100	0.100
>GGATGGGCTC	18-GGATGGGCTC	11.177274	-53.331323	0	T:25.0(12.50%),B:668.8(0.67%),P:1e-23	Tpos:231.7,Tstd:150.8,Bpos:196.8,Bstd:121.8,StrandBias:0.1,Multiplicity:1.56
0.001	0.001	0.578	0.420
0.001	0.001	0.874	0.124
0.786	0.212	0.001	0.001
0.406	0.001	0.001	0.592
0.001	0.001	0.997	0.001
0.001	0.001	0.997	0.001
0.001	0.039	0.606	0.354
0.001	0.972	0.026	0.001
0.001	0.001	0.001	0.997
0.001	0.997	0.001	0.001
>GCTCTTAGCA	19-GCTCTTAGCA	7.917334	-49.755593	0	T:21.0(10.50%),B:441.4(0.44%),P:1e-21	Tpos:217.5,Tstd:122.5,Bpos:196.5,Bstd:115.7,StrandBias:0.1,Multiplicity:1.00
0.001	0.001	0.997	0.001
0.001	0.997	0.001	0.001
0.001	0.001	0.001	0.997
0.071	0.927	0.001	0.001
0.001	0.047	0.001	0.951
0.001	0.001	0.001	0.997
0.997	0.001	0.001	0.001
0.001	0.001	0.997	0.001
0.001	0.801	0.001	0.197
0.997	0.001	0.001	0.001
>CATCGATCCT	20-CATCGATCCT	11.488643	-49.481093	0	T:11.0(5.50%),B:28.9(0.03%),P:1e-21	Tpos:146.6,Tstd:93.8,Bpos:204.9,Bstd:106.3,StrandBias:0.8,Multiplicity:1.00
0.001	0.897	0.001	0.101
0.997	0.001	0.001	0.001
0.001	0.001	0.001	0.997
0.054	0.944	0.001	0.001
0.001	0.001	0.997	0.001
0.997	0.001	0.001	0.001
0.001	0.001	0.001	0.997
0.001	0.997	0.001	0.001
0.001	0.997	0.001	0.001
0.001	0.001	0.001	0.997
>GCTTGGCGCC	21-GCTTGGCGCC	11.477959	-49.129793	0	T:13.0(6.50%),B:67.4(0.07%),P:1e-21	Tpos:191.5,Tstd:137.7,Bpos:189.5,Bstd:125.4,StrandBias:0.2,Multiplicity:1.00
0.001	0.001	0.997	0.001
0.001	0.878	0.001	0.120
0.001	0.122	0.001	0.876
0.120	0.001	0.001	0.878
0.001	0.001	0.997	0.001
0.001	0.001	0.997	0.001
0.001	0.997	0.001	0.001
0.001	0.001	0.997	0.001
0.001	0.997	0.001	0.001
0.001	0.997	0.001	0.001
>TGCTGACATG	22-TGCTGACATG	10.999597	-48.456519	0	T:17.0(8.50%),B:220.7(0.22%),P:1e-21	Tpos:223.8,Tstd:227.3,Bpos:190.2,Bstd:116.7,StrandBias:-0.2,Multiplicity:1.00
0.001	0.001	0.001	0.997
0.001	0.001	0.997	0.001
0.001	0.997	0.001	0.001
0.001	0.001	0.001	0.997
0.001	0.001	0.997	0.001
0.997	0.001	0.001	0.001
0.001	0.943	0.001	0.055
0.997	0.001	0.001	0.001
0.001	0.062	0.001	0.936
0.001	0.001	0.997	0.001
>CTGGGCTCAG	23-CTGGGCTCAG	7.157490	-47.142133	0	T:28.0(14.00%),B:1204.7(1.21%),P:1e-20	Tpos:196.9,Tstd:152.8,Bpos:201.0,Bstd:117.9,StrandBias:0.4,Multiplicity:1.00
0.001	0.997	0.001	0.001
0.001	0.001	0.001	0.997
0.001	0.001	0.997	0.001
0.001	0.001	0.997	0.001
0.001	0.001	0.997	0.001
0.001	0.997	0.001	0.001
0.001	0.001	0.001	0.997
0.001	0.960	0.001	0.038
0.997	0.001	0.001	0.001
0.033	0.001	0.933	0.033
>AGGAGGCATC	24-AGGAGGCATC	7.279693	-41.215507	0	T:20.0(10.00%),B:581.0(0.58%),P:1e-17	Tpos:221.4,Tstd:209.9,Bpos:201.4,Bstd:118.4,StrandBias:0.3,Multiplicity:1.00
0.997	0.001	0.001	0.001
0.001	0.001	0.997	0.001
0.001	0.013	0.599	0.387
0.889	0.001	0.109	0.001
0.001	0.001	0.997	0.001
0.001	0.001	0.997	0.001
0.001	0.997	0.001	0.001
0.997	0.001	0.001	0.001
0.001	0.001	0.001	0.997
0.001	0.997	0.001	0.001
>CAAAGTACAM	25-CAAAGTACAM	11.044348	-30.143065	0	T:17.0(8.50%),B:678.0(0.68%),P:1e-13	Tpos:240.1,Tstd:219.9,Bpos:203.6,Bstd:122.3,StrandBias:-0.2,Multiplicity:1.00
0.354	0.644	0.001	0.001
0.997	0.001	0.001	0.001
0.997	0.001	0.001	0.001
0.997	0.001	0.001	0.001
0.001	0.001	0.997	0.001
0.174	0.001	0.001	0.824
0.997	0.001	0.001	0.001
0.001	0.997	0.001	0.001
0.997	0.001	0.001	0.001
0.544	0.454	0.001	0.001
