>GACTAKTATTCA	1-GACTAKTATTCA,BestGuess:vvl/dmmpmm(Bigfoot)/fly(0.673)	12.811670	-155.106902	0	T:31.0(15.50%),B:45.9(0.05%),P:1e-67
0.001	0.001	0.997	0.001
0.997	0.001	0.001	0.001
0.001	0.997	0.001	0.001
0.001	0.001	0.001	0.997
0.607	0.001	0.391	0.001
0.001	0.001	0.524	0.474
0.078	0.001	0.001	0.920
0.997	0.001	0.001	0.001
0.001	0.001	0.001	0.997
0.001	0.001	0.001	0.997
0.001	0.997	0.001	0.001
0.997	0.001	0.001	0.001
>TGRCRCCT	1-TGRCRCCT,BestGuess:Tbx5(T-box)/HL1-Tbx5.biotin-ChIP-Seq(GSE21529)/Homer(0.924)	6.998315	-150.257762	0	T:121.0(60.50%),B:10428.3(10.48%),P:1e-65
0.001	0.001	0.001	0.997
0.079	0.351	0.563	0.007
0.541	0.001	0.457	0.001
0.001	0.997	0.001	0.001
0.556	0.001	0.442	0.001
0.001	0.997	0.001	0.001
0.001	0.895	0.001	0.103
0.001	0.001	0.001	0.997
>MGGCCAAATGGC	2-MGGCCAAATGGC,BestGuess:Mesp1(bHLH)/ESC-Mesp1-ChIP-Seq(GSE165102)/Homer(0.814)	10.715103	-135.760700	0	T:36.0(18.00%),B:181.7(0.18%),P:1e-58
0.573	0.425	0.001	0.001
0.201	0.001	0.797	0.001
0.001	0.001	0.997	0.001
0.001	0.997	0.001	0.001
0.001	0.997	0.001	0.001
0.997	0.001	0.001	0.001
0.789	0.001	0.001	0.209
0.789	0.001	0.001	0.209
0.001	0.224	0.001	0.774
0.001	0.001	0.997	0.001
0.001	0.001	0.997	0.001
0.137	0.685	0.001	0.177
>ACRGCCTYMGGT	3-ACRGCCTYMGGT,BestGuess:ZNF770/MA2099.1/Jaspar(0.713)	12.599439	-130.791631	0	T:29.0(14.50%),B:69.7(0.07%),P:1e-56
0.997	0.001	0.001	0.001
0.001	0.997	0.001	0.001
0.535	0.001	0.463	0.001
0.001	0.001	0.997	0.001
0.001	0.997	0.001	0.001
0.001	0.997	0.001	0.001
0.001	0.001	0.001	0.997
0.001	0.466	0.001	0.532
0.468	0.463	0.068	0.001
0.001	0.001	0.997	0.001
0.001	0.001	0.997	0.001
0.001	0.001	0.063	0.935
>GAATACGGAGGA	4-GAATACGGAGGA,BestGuess:LIN28A(CSD)/Homo_sapiens-RNCMPT00162-PBM/HughesRNA(0.706)	9.572894	-115.240403	0	T:28.0(14.00%),B:99.7(0.10%),P:1e-50
0.001	0.001	0.997	0.001
0.997	0.001	0.001	0.001
0.997	0.001	0.001	0.001
0.001	0.001	0.001	0.997
0.997	0.001	0.001	0.001
0.001	0.864	0.134	0.001
0.001	0.001	0.997	0.001
0.001	0.001	0.997	0.001
0.997	0.001	0.001	0.001
0.039	0.001	0.959	0.001
0.047	0.001	0.951	0.001
0.962	0.001	0.036	0.001
>ACTCATGTCCTT	5-ACTCATGTCCTT,BestGuess:SRSF1(RRM)/Homo_sapiens-RNCMPT00110-PBM/HughesRNA(0.672)	13.415164	-110.508313	0	T:24.0(12.00%),B:52.5(0.05%),P:1e-47
0.997	0.001	0.001	0.001
0.001	0.997	0.001	0.001
0.001	0.001	0.001	0.997
0.001	0.997	0.001	0.001
0.952	0.001	0.046	0.001
0.001	0.001	0.001	0.997
0.057	0.001	0.941	0.001
0.001	0.001	0.001	0.997
0.001	0.997	0.001	0.001
0.001	0.997	0.001	0.001
0.001	0.001	0.001	0.997
0.050	0.001	0.001	0.948
>GGTGATAACCAG	6-GGTGATAACCAG,BestGuess:elt-7/MA2133.1/Jaspar(0.747)	13.569151	-108.491787	0	T:21.0(10.50%),B:26.9(0.03%),P:1e-47
0.054	0.001	0.944	0.001
0.001	0.001	0.997	0.001
0.001	0.001	0.001	0.997
0.001	0.001	0.997	0.001
0.997	0.001	0.001	0.001
0.001	0.001	0.001	0.997
0.997	0.001	0.001	0.001
0.939	0.001	0.059	0.001
0.001	0.997	0.001	0.001
0.001	0.944	0.001	0.054
0.997	0.001	0.001	0.001
0.001	0.001	0.997	0.001
>GGAAGAGATA	4-GGAAGAGATA,BestGuess:PU.1-IRF(ETS:IRF)/Bcell-PU.1-ChIP-Seq(GSE21512)/Homer(0.730)	10.296193	-106.552011	0	T:29.0(14.50%),B:160.8(0.16%),P:1e-46
0.100	0.100	0.700	0.100
0.100	0.100	0.700	0.100
0.700	0.100	0.100	0.100
0.700	0.100	0.100	0.100
0.100	0.100	0.700	0.100
0.700	0.100	0.100	0.100
0.100	0.100	0.700	0.100
0.700	0.100	0.100	0.100
0.100	0.100	0.100	0.700
0.700	0.100	0.100	0.100
>TTATCTCCGGAA	8-TTATCTCCGGAA,BestGuess:GSM1/MA0308.2/Jaspar(0.754)	13.131879	-104.650206	0	T:22.0(11.00%),B:41.3(0.04%),P:1e-45
0.001	0.001	0.001	0.997
0.001	0.001	0.001	0.997
0.997	0.001	0.001	0.001
0.001	0.001	0.001	0.997
0.001	0.997	0.001	0.001
0.001	0.001	0.001	0.997
0.001	0.997	0.001	0.001
0.001	0.585	0.001	0.413
0.039	0.001	0.907	0.053
0.001	0.001	0.997	0.001
0.997	0.001	0.001	0.001
0.997	0.001	0.001	0.001
>GGARACTGTGAA	9-GGARACTGTGAA,BestGuess:ERF::HOXB13/MA1937.2/Jaspar(0.761)	12.825162	-103.066126	0	T:24.0(12.00%),B:71.7(0.07%),P:1e-44
0.001	0.001	0.997	0.001
0.001	0.001	0.997	0.001
0.995	0.001	0.001	0.003
0.466	0.001	0.532	0.001
0.783	0.001	0.215	0.001
0.001	0.717	0.004	0.278
0.001	0.251	0.225	0.523
0.001	0.001	0.696	0.302
0.250	0.001	0.001	0.748
0.001	0.001	0.748	0.250
0.997	0.001	0.001	0.001
0.952	0.001	0.046	0.001
>GTCAGGCTGGGC	10-GTCAGGCTGGGC,BestGuess:FEZF2/MA2341.1/Jaspar(0.798)	13.266958	-98.613397	0	T:22.0(11.00%),B:54.8(0.06%),P:1e-42
0.001	0.001	0.997	0.001
0.001	0.001	0.001	0.997
0.001	0.997	0.001	0.001
0.997	0.001	0.001	0.001
0.041	0.001	0.957	0.001
0.062	0.001	0.936	0.001
0.001	0.922	0.001	0.076
0.001	0.001	0.001	0.997
0.001	0.001	0.997	0.001
0.001	0.001	0.997	0.001
0.001	0.001	0.997	0.001
0.001	0.997	0.001	0.001
>TCTCACGGGATG	11-TCTCACGGGATG,BestGuess:ZNF410/MA0752.2/Jaspar(0.652)	8.995285	-96.377311	0	T:25.0(12.50%),B:115.3(0.12%),P:1e-41
0.001	0.001	0.001	0.997
0.001	0.997	0.001	0.001
0.001	0.001	0.001	0.997
0.001	0.997	0.001	0.001
0.997	0.001	0.001	0.001
0.001	0.779	0.001	0.219
0.001	0.001	0.934	0.064
0.001	0.001	0.997	0.001
0.001	0.001	0.634	0.364
0.997	0.001	0.001	0.001
0.001	0.001	0.001	0.997
0.001	0.001	0.997	0.001
>CTTGACAGCC	7-CTTGACAGCC,BestGuess:MEIS2/MA0774.1/Jaspar(0.795)	6.330475	-85.585264	0	T:60.0(30.00%),B:3552.0(3.57%),P:1e-37
0.001	0.705	0.034	0.260
0.001	0.001	0.001	0.997
0.001	0.001	0.001	0.997
0.256	0.106	0.523	0.115
0.997	0.001	0.001	0.001
0.001	0.898	0.001	0.100
0.933	0.001	0.065	0.001
0.001	0.180	0.818	0.001
0.001	0.997	0.001	0.001
0.001	0.997	0.001	0.001
>ATCGATCCTCCT	13-ATCGATCCTCCT,BestGuess:HNF6(Homeobox)/Liver-Hnf6-ChIP-Seq(ERP000394)/Homer(0.739)	9.264369	-76.917851	0	T:18.0(9.00%),B:55.7(0.06%),P:1e-33
0.997	0.001	0.001	0.001
0.001	0.001	0.001	0.997
0.158	0.840	0.001	0.001
0.001	0.001	0.997	0.001
0.997	0.001	0.001	0.001
0.001	0.001	0.001	0.997
0.001	0.997	0.001	0.001
0.001	0.997	0.001	0.001
0.001	0.001	0.001	0.997
0.001	0.899	0.001	0.099
0.001	0.719	0.001	0.279
0.001	0.001	0.001	0.997
>AAGTCAGGCGCC	14-AAGTCAGGCGCC,BestGuess:FAR1/MA1382.2/Jaspar(0.670)	12.355432	-75.125646	0	T:13.0(6.50%),B:9.2(0.01%),P:1e-32
0.700	0.100	0.100	0.100
0.700	0.100	0.100	0.100
0.100	0.100	0.700	0.100
0.100	0.100	0.100	0.700
0.100	0.700	0.100	0.100
0.700	0.100	0.100	0.100
0.100	0.100	0.700	0.100
0.100	0.100	0.700	0.100
0.100	0.700	0.100	0.100
0.100	0.100	0.700	0.100
0.100	0.700	0.100	0.100
0.100	0.700	0.100	0.100
>GGCCGAAGTC	10-GGCCGAAGTC,BestGuess:RDS1/RDS1_H2O2Hi/[](Harbison)/Yeast(0.682)	8.372171	-74.205555	0	T:18.0(9.00%),B:64.7(0.07%),P:1e-32
0.001	0.001	0.997	0.001
0.065	0.001	0.933	0.001
0.001	0.997	0.001	0.001
0.001	0.997	0.001	0.001
0.001	0.001	0.997	0.001
0.997	0.001	0.001	0.001
0.997	0.001	0.001	0.001
0.001	0.001	0.933	0.065
0.001	0.001	0.001	0.997
0.001	0.997	0.001	0.001
>GGCACTCTGCAT	16-GGCACTCTGCAT,BestGuess:PHD1(MacIsaac)/Yeast(0.661)	12.088092	-68.514996	0	T:18.0(9.00%),B:89.0(0.09%),P:1e-29
0.001	0.001	0.997	0.001
0.001	0.001	0.997	0.001
0.001	0.997	0.001	0.001
0.997	0.001	0.001	0.001
0.001	0.997	0.001	0.001
0.001	0.001	0.001	0.997
0.001	0.890	0.001	0.108
0.001	0.001	0.001	0.997
0.171	0.001	0.827	0.001
0.097	0.645	0.257	0.001
0.846	0.001	0.152	0.001
0.001	0.001	0.001	0.997
>GGACTAGGGG	13-GGACTAGGGG,BestGuess:GIS1/MA0306.2/Jaspar(0.757)	11.417301	-64.398122	0	T:28.0(14.00%),B:628.4(0.63%),P:1e-27
0.001	0.001	0.997	0.001
0.001	0.001	0.997	0.001
0.997	0.001	0.001	0.001
0.303	0.695	0.001	0.001
0.001	0.001	0.293	0.705
0.997	0.001	0.001	0.001
0.001	0.001	0.997	0.001
0.001	0.001	0.997	0.001
0.001	0.001	0.997	0.001
0.001	0.001	0.997	0.001
>TCYCMTGACATC	17-TCYCMTGACATC,BestGuess:ZmbZIP72/MA2412.1/Jaspar(0.724)	9.378470	-60.647566	0	T:26.0(13.00%),B:564.7(0.57%),P:1e-26
0.001	0.093	0.106	0.800
0.136	0.832	0.001	0.031
0.028	0.460	0.159	0.353
0.053	0.566	0.380	0.001
0.433	0.357	0.053	0.157
0.030	0.232	0.078	0.660
0.053	0.001	0.788	0.158
0.699	0.110	0.054	0.137
0.024	0.922	0.001	0.053
0.656	0.132	0.130	0.082
0.030	0.202	0.063	0.705
0.053	0.485	0.328	0.134
>GGTGACGR	7-GGTGACGR,BestGuess:ASHR1(ND)/col-ASHR1-DAP-Seq(GSE60143)/Homer(0.746)	6.449263	-56.018892	0	T:94.0(47.00%),B:15725.7(15.81%),P:1e-24
0.160	0.001	0.838	0.001
0.092	0.007	0.760	0.141
0.001	0.207	0.001	0.791
0.269	0.019	0.683	0.029
0.674	0.006	0.057	0.263
0.001	0.812	0.002	0.185
0.374	0.001	0.624	0.001
0.430	0.001	0.563	0.006
>GGATGGGCTC	18-GGATGGGCTC,BestGuess:ZNF449/MA1656.2/Jaspar(0.722)	11.177274	-53.331323	0	T:25.0(12.50%),B:668.8(0.67%),P:1e-23
0.001	0.001	0.578	0.420
0.001	0.001	0.874	0.124
0.786	0.212	0.001	0.001
0.406	0.001	0.001	0.592
0.001	0.001	0.997	0.001
0.001	0.001	0.997	0.001
0.001	0.039	0.606	0.354
0.001	0.972	0.026	0.001
0.001	0.001	0.001	0.997
0.001	0.997	0.001	0.001
>GTCTCTGACACH	19-GTCTCTGACACH,BestGuess:GRF9/MA1756.2/Jaspar(0.838)	10.675752	-50.456594	0	T:22.0(11.00%),B:499.6(0.50%),P:1e-21
0.001	0.112	0.801	0.086
0.004	0.053	0.172	0.771
0.001	0.765	0.001	0.233
0.001	0.001	0.001	0.997
0.004	0.834	0.090	0.072
0.061	0.110	0.001	0.828
0.102	0.156	0.741	0.001
0.878	0.061	0.001	0.060
0.001	0.940	0.058	0.001
0.940	0.001	0.058	0.001
0.272	0.436	0.133	0.159
0.241	0.295	0.076	0.387
>GCTCTTAGCA	19-GCTCTTAGCA,BestGuess:elt-3/MA0542.1/Jaspar(0.693)	7.917334	-49.755593	0	T:21.0(10.50%),B:441.4(0.44%),P:1e-21
0.001	0.001	0.997	0.001
0.001	0.997	0.001	0.001
0.001	0.001	0.001	0.997
0.071	0.927	0.001	0.001
0.001	0.047	0.001	0.951
0.001	0.001	0.001	0.997
0.997	0.001	0.001	0.001
0.001	0.001	0.997	0.001
0.001	0.801	0.001	0.197
0.997	0.001	0.001	0.001
>ACAAAGAACAAA	21-ACAAAGAACAAA,BestGuess:PB0093.1_Zfp105_1/Jaspar(0.749)	16.513651	-43.809229	0	T:12.0(6.00%),B:71.6(0.07%),P:1e-19
0.997	0.001	0.001	0.001
0.001	0.997	0.001	0.001
0.997	0.001	0.001	0.001
0.915	0.001	0.083	0.001
0.997	0.001	0.001	0.001
0.001	0.001	0.997	0.001
0.997	0.001	0.001	0.001
0.997	0.001	0.001	0.001
0.001	0.997	0.001	0.001
0.997	0.001	0.001	0.001
0.997	0.001	0.001	0.001
0.997	0.001	0.001	0.001
>AGGAGGCATC	24-AGGAGGCATC,BestGuess:Hic1/MA0739.2/Jaspar(0.683)	7.279693	-41.215507	0	T:20.0(10.00%),B:581.0(0.58%),P:1e-17
0.997	0.001	0.001	0.001
0.001	0.001	0.997	0.001
0.001	0.013	0.599	0.387
0.889	0.001	0.109	0.001
0.001	0.001	0.997	0.001
0.001	0.001	0.997	0.001
0.001	0.997	0.001	0.001
0.997	0.001	0.001	0.001
0.001	0.001	0.001	0.997
0.001	0.997	0.001	0.001
>TCAGGAAG	9-TCAGGAAG,BestGuess:Ikzf3/MA1992.2/Jaspar(0.880)	8.236954	-36.786101	0	T:41.0(20.50%),B:4308.7(4.33%),P:1e-15
0.100	0.100	0.100	0.700
0.100	0.700	0.100	0.100
0.700	0.100	0.100	0.100
0.100	0.100	0.700	0.100
0.100	0.100	0.700	0.100
0.700	0.100	0.100	0.100
0.700	0.100	0.100	0.100
0.100	0.100	0.700	0.100
>TTCCCCCTCRAC	22-TTCCCCCTCRAC,BestGuess:PB0114.1_Egr1_2/Jaspar(0.667)	13.949998	-32.738368	0	T:9.0(4.50%),B:56.7(0.06%),P:1e-14
0.001	0.001	0.001	0.997
0.001	0.001	0.001	0.997
0.001	0.997	0.001	0.001
0.001	0.604	0.001	0.394
0.001	0.997	0.001	0.001
0.001	0.997	0.001	0.001
0.001	0.735	0.263	0.001
0.001	0.001	0.001	0.997
0.001	0.997	0.001	0.001
0.441	0.001	0.394	0.164
0.997	0.001	0.001	0.001
0.001	0.997	0.001	0.001
>GCTCCTTAACAS	23-GCTCCTTAACAS,BestGuess:Caup/dmmpmm(Noyes_hd)/fly(0.723)	10.200163	-29.008614	0	T:15.0(7.50%),B:508.5(0.51%),P:1e-12
0.159	0.328	0.512	0.001
0.001	0.997	0.001	0.001
0.001	0.236	0.001	0.762
0.001	0.997	0.001	0.001
0.236	0.762	0.001	0.001
0.159	0.001	0.001	0.839
0.237	0.006	0.005	0.752
0.997	0.001	0.001	0.001
0.978	0.001	0.020	0.001
0.001	0.997	0.001	0.001
0.997	0.001	0.001	0.001
0.237	0.434	0.328	0.001
>CTCYCAAGACTT	24-CTCYCAAGACTT,BestGuess:PB0136.1_IRC900814_2/Jaspar(0.581)	13.084313	-28.457917	0	T:8.0(4.00%),B:55.9(0.06%),P:1e-12
0.194	0.804	0.001	0.001
0.001	0.001	0.001	0.997
0.001	0.810	0.188	0.001
0.220	0.380	0.001	0.399
0.141	0.639	0.001	0.219
0.858	0.001	0.140	0.001
0.997	0.001	0.001	0.001
0.001	0.219	0.779	0.001
0.804	0.001	0.001	0.194
0.001	0.997	0.001	0.001
0.001	0.001	0.001	0.997
0.001	0.001	0.001	0.997
>ATCTTATC	12-ATCTTATC,BestGuess:At5g05790(MYBrelated)/col-At5g05790-DAP-Seq(GSE60143)/Homer(0.947)	8.236954	-27.676263	0	T:17.0(8.50%),B:792.7(0.80%),P:1e-12
0.700	0.100	0.100	0.100
0.100	0.100	0.100	0.700
0.100	0.700	0.100	0.100
0.100	0.100	0.100	0.700
0.100	0.100	0.100	0.700
0.700	0.100	0.100	0.100
0.100	0.100	0.100	0.700
0.100	0.700	0.100	0.100
>AWGGGAAC	14-AWGGGAAC,BestGuess:RO3G_00049(RRM)/Rhizopus_oryzae-RNCMPT00205-PBM/HughesRNA(0.836)	8.194478	-25.970573	0	T:38.0(19.00%),B:5202.9(5.23%),P:1e-11
0.823	0.001	0.175	0.001
0.431	0.199	0.001	0.370
0.030	0.053	0.809	0.108
0.044	0.075	0.876	0.005
0.001	0.110	0.769	0.120
0.870	0.001	0.044	0.085
0.955	0.001	0.001	0.043
0.052	0.603	0.001	0.344
>CGTGYTAG	25-CGTGYTAG,BestGuess:Tp_0225(RRM)/Thalassiosira_pseudonana-RNCMPT00225-PBM/HughesRNA(0.690)	7.491961	-13.525131	0	T:11.0(5.50%),B:836.1(0.84%),P:1e-5
0.001	0.927	0.071	0.001
0.001	0.001	0.997	0.001
0.184	0.001	0.135	0.680
0.136	0.116	0.607	0.141
0.219	0.389	0.001	0.391
0.001	0.001	0.001	0.997
0.852	0.001	0.001	0.146
0.216	0.103	0.680	0.001
