>TGAGGTGTGA	1-TGAGGTGTGA	7.298197	-129.616663	0	T:124.0(62.00%),B:13113.9(13.46%),P:1e-56	Tpos:336.8,Tstd:198.7,Bpos:254.7,Bstd:165.3,StrandBias:-1.3,Multiplicity:2.92
0.229	0.070	0.129	0.572
0.212	0.072	0.616	0.100
0.582	0.014	0.382	0.022
0.034	0.012	0.926	0.028
0.014	0.019	0.960	0.007
0.014	0.041	0.013	0.932
0.079	0.014	0.887	0.020
0.030	0.040	0.006	0.924
0.076	0.106	0.712	0.106
0.896	0.006	0.079	0.019
>CCAAATGGCC	2-CCAAATGGCC	10.296193	-125.006550	0	T:32.0(16.00%),B:137.5(0.14%),P:1e-54	Tpos:278.3,Tstd:207.2,Bpos:233.5,Bstd:138.4,StrandBias:0.5,Multiplicity:1.00
0.100	0.700	0.100	0.100
0.100	0.700	0.100	0.100
0.700	0.100	0.100	0.100
0.700	0.100	0.100	0.100
0.700	0.100	0.100	0.100
0.100	0.100	0.100	0.700
0.100	0.100	0.700	0.100
0.100	0.100	0.700	0.100
0.100	0.700	0.100	0.100
0.100	0.700	0.100	0.100
>GAATTATAGT	3-GAATTATAGT	10.296193	-108.915284	0	T:25.0(12.50%),B:68.1(0.07%),P:1e-47	Tpos:268.1,Tstd:160.9,Bpos:243.0,Bstd:139.5,StrandBias:0.6,Multiplicity:1.00
0.100	0.100	0.700	0.100
0.700	0.100	0.100	0.100
0.700	0.100	0.100	0.100
0.100	0.100	0.100	0.700
0.100	0.100	0.100	0.700
0.700	0.100	0.100	0.100
0.100	0.100	0.100	0.700
0.700	0.100	0.100	0.100
0.100	0.100	0.700	0.100
0.100	0.100	0.100	0.700
>GGGTGTAAAA	4-GGGTGTAAAA	9.395167	-83.581098	0	T:39.0(19.50%),B:1016.9(1.04%),P:1e-36	Tpos:290.3,Tstd:160.7,Bpos:256.1,Bstd:156.6,StrandBias:0.6,Multiplicity:1.08
0.001	0.001	0.997	0.001
0.001	0.001	0.997	0.001
0.001	0.225	0.773	0.001
0.001	0.001	0.001	0.997
0.001	0.001	0.997	0.001
0.001	0.001	0.001	0.997
0.735	0.066	0.001	0.198
0.997	0.001	0.001	0.001
0.997	0.001	0.001	0.001
0.735	0.001	0.263	0.001
>ATCTCYYCCT	5-ATCTCYYCCT	10.108294	-80.946056	0	T:29.0(14.50%),B:384.1(0.39%),P:1e-35	Tpos:285.7,Tstd:202.0,Bpos:269.3,Bstd:144.8,StrandBias:0.7,Multiplicity:1.04
0.747	0.118	0.110	0.025
0.091	0.105	0.109	0.695
0.087	0.726	0.103	0.084
0.257	0.052	0.149	0.542
0.021	0.867	0.044	0.068
0.062	0.361	0.105	0.472
0.034	0.389	0.047	0.530
0.049	0.787	0.085	0.079
0.017	0.787	0.131	0.065
0.038	0.022	0.087	0.853
>AAGGAGGATC	6-AAGGAGGATC	10.296193	-78.102821	0	T:21.0(10.50%),B:109.2(0.11%),P:1e-33	Tpos:286.7,Tstd:268.7,Bpos:254.2,Bstd:140.2,StrandBias:0.0,Multiplicity:1.00
0.700	0.100	0.100	0.100
0.700	0.100	0.100	0.100
0.100	0.100	0.700	0.100
0.100	0.100	0.700	0.100
0.700	0.100	0.100	0.100
0.100	0.100	0.700	0.100
0.100	0.100	0.700	0.100
0.700	0.100	0.100	0.100
0.100	0.100	0.100	0.700
0.100	0.700	0.100	0.100
>GTCTCTGACA	7-GTCTCTGACA	10.238541	-68.650375	0	T:26.0(13.00%),B:402.4(0.41%),P:1e-29	Tpos:269.6,Tstd:219.4,Bpos:261.6,Bstd:157.5,StrandBias:-1.1,Multiplicity:1.00
0.001	0.001	0.997	0.001
0.001	0.001	0.001	0.997
0.001	0.997	0.001	0.001
0.001	0.001	0.001	0.997
0.001	0.919	0.001	0.079
0.001	0.072	0.001	0.926
0.032	0.001	0.966	0.001
0.997	0.001	0.001	0.001
0.001	0.997	0.001	0.001
0.997	0.001	0.001	0.001
>CCTGACTTCG	8-CCTGACTTCG	10.296193	-68.432520	0	T:15.0(7.50%),B:34.5(0.04%),P:1e-29	Tpos:336.9,Tstd:218.1,Bpos:282.8,Bstd:138.0,StrandBias:1.0,Multiplicity:1.00
0.100	0.700	0.100	0.100
0.100	0.700	0.100	0.100
0.100	0.100	0.100	0.700
0.100	0.100	0.700	0.100
0.700	0.100	0.100	0.100
0.100	0.700	0.100	0.100
0.100	0.100	0.100	0.700
0.100	0.100	0.100	0.700
0.100	0.700	0.100	0.100
0.100	0.100	0.700	0.100
>TCATGTCCTT	9-TCATGTCCTT	10.296193	-67.742867	0	T:22.0(11.00%),B:218.2(0.22%),P:1e-29	Tpos:279.2,Tstd:181.4,Bpos:264.3,Bstd:158.9,StrandBias:0.0,Multiplicity:1.00
0.100	0.100	0.100	0.700
0.100	0.700	0.100	0.100
0.700	0.100	0.100	0.100
0.100	0.100	0.100	0.700
0.100	0.100	0.700	0.100
0.100	0.100	0.100	0.700
0.100	0.700	0.100	0.100
0.100	0.700	0.100	0.100
0.100	0.100	0.100	0.700
0.100	0.100	0.100	0.700
>CCCTATTCCC	10-CCCTATTCCC	11.071026	-65.747288	0	T:32.0(16.00%),B:909.7(0.93%),P:1e-28	Tpos:235.2,Tstd:132.6,Bpos:257.9,Bstd:152.9,StrandBias:0.3,Multiplicity:1.09
0.001	0.956	0.001	0.042
0.001	0.997	0.001	0.001
0.319	0.514	0.001	0.166
0.033	0.001	0.001	0.965
0.817	0.001	0.181	0.001
0.001	0.001	0.039	0.959
0.001	0.001	0.001	0.997
0.001	0.831	0.001	0.167
0.001	0.997	0.001	0.001
0.001	0.997	0.001	0.001
>CCRTGAGAAA	11-CCRTGAGAAA	9.298730	-63.854843	0	T:44.0(22.00%),B:2413.0(2.48%),P:1e-27	Tpos:286.7,Tstd:232.1,Bpos:261.9,Bstd:156.3,StrandBias:1.0,Multiplicity:1.03
0.001	0.837	0.078	0.084
0.173	0.547	0.001	0.279
0.516	0.028	0.455	0.001
0.127	0.001	0.001	0.871
0.098	0.001	0.900	0.001
0.816	0.001	0.116	0.067
0.093	0.001	0.905	0.001
0.882	0.001	0.001	0.116
0.843	0.001	0.077	0.079
0.997	0.001	0.001	0.001
>TCCGGAGATA	12-TCCGGAGATA	10.039388	-60.632973	0	T:23.0(11.50%),B:358.4(0.37%),P:1e-26	Tpos:301.3,Tstd:239.9,Bpos:257.2,Bstd:148.0,StrandBias:0.4,Multiplicity:1.00
0.001	0.001	0.001	0.997
0.001	0.936	0.001	0.062
0.026	0.946	0.001	0.027
0.413	0.001	0.564	0.022
0.001	0.001	0.997	0.001
0.997	0.001	0.001	0.001
0.001	0.001	0.997	0.001
0.945	0.001	0.001	0.053
0.001	0.001	0.047	0.951
0.997	0.001	0.001	0.001
>CTCCTAGCAC	13-CTCCTAGCAC	10.685346	-58.680414	0	T:31.0(15.50%),B:1044.2(1.07%),P:1e-25	Tpos:277.0,Tstd:183.9,Bpos:266.0,Bstd:152.3,StrandBias:0.3,Multiplicity:1.35
0.001	0.647	0.085	0.267
0.001	0.001	0.034	0.964
0.035	0.810	0.154	0.001
0.001	0.997	0.001	0.001
0.001	0.001	0.089	0.909
0.647	0.085	0.267	0.001
0.001	0.056	0.942	0.001
0.001	0.934	0.064	0.001
0.942	0.001	0.056	0.001
0.001	0.997	0.001	0.001
>TGACACCTTT	14-TGACACCTTT	6.854822	-55.780074	0	T:139.0(69.50%),B:32841.4(33.70%),P:1e-24	Tpos:301.5,Tstd:213.9,Bpos:258.8,Bstd:159.9,StrandBias:-0.1,Multiplicity:1.64
0.127	0.129	0.001	0.743
0.001	0.329	0.592	0.078
0.661	0.121	0.001	0.217
0.001	0.997	0.001	0.001
0.978	0.001	0.001	0.020
0.017	0.837	0.043	0.103
0.001	0.886	0.001	0.112
0.038	0.001	0.001	0.960
0.001	0.267	0.177	0.555
0.204	0.206	0.069	0.521
>GAGAAAGTGA	15-GAGAAAGTGA	7.350519	-53.402355	0	T:26.0(13.00%),B:739.6(0.76%),P:1e-23	Tpos:295.3,Tstd:209.4,Bpos:248.4,Bstd:164.1,StrandBias:-0.3,Multiplicity:1.46
0.001	0.001	0.997	0.001
0.997	0.001	0.001	0.001
0.001	0.001	0.997	0.001
0.997	0.001	0.001	0.001
0.959	0.001	0.001	0.039
0.959	0.001	0.001	0.039
0.001	0.001	0.997	0.001
0.001	0.001	0.001	0.997
0.001	0.001	0.997	0.001
0.997	0.001	0.001	0.001
>GTTATAACCM	16-GTTATAACCM	9.483150	-52.419614	0	T:26.0(13.00%),B:769.7(0.79%),P:1e-22	Tpos:277.4,Tstd:177.5,Bpos:255.2,Bstd:154.8,StrandBias:-0.6,Multiplicity:1.04
0.090	0.181	0.728	0.001
0.001	0.167	0.001	0.831
0.001	0.076	0.163	0.760
0.815	0.183	0.001	0.001
0.001	0.005	0.001	0.993
0.715	0.283	0.001	0.001
0.734	0.001	0.178	0.087
0.159	0.648	0.192	0.001
0.001	0.997	0.001	0.001
0.463	0.422	0.109	0.006
>CAGGCGTAAC	17-CAGGCGTAAC	10.296193	-49.981552	0	T:9.0(4.50%),B:8.3(0.01%),P:1e-21	Tpos:180.1,Tstd:123.7,Bpos:253.9,Bstd:85.8,StrandBias:1.8,Multiplicity:1.00
0.100	0.700	0.100	0.100
0.700	0.100	0.100	0.100
0.100	0.100	0.700	0.100
0.100	0.100	0.700	0.100
0.100	0.700	0.100	0.100
0.100	0.100	0.700	0.100
0.100	0.100	0.100	0.700
0.700	0.100	0.100	0.100
0.700	0.100	0.100	0.100
0.100	0.700	0.100	0.100
>RBGGGMACTC	18-RBGGGMACTC	6.607742	-47.792050	0	T:21.0(10.50%),B:476.5(0.49%),P:1e-20	Tpos:267.4,Tstd:235.5,Bpos:260.4,Bstd:154.0,StrandBias:0.1,Multiplicity:1.19
0.345	0.115	0.427	0.112
0.122	0.323	0.206	0.348
0.001	0.101	0.564	0.334
0.013	0.249	0.544	0.194
0.154	0.129	0.442	0.275
0.389	0.416	0.190	0.006
0.613	0.159	0.089	0.139
0.253	0.432	0.159	0.157
0.140	0.134	0.001	0.725
0.320	0.581	0.071	0.028
>ATGTCAGCCG	19-ATGTCAGCCG	10.840228	-46.975217	0	T:18.0(9.00%),B:291.7(0.30%),P:1e-20	Tpos:354.7,Tstd:271.0,Bpos:255.0,Bstd:153.0,StrandBias:1.0,Multiplicity:1.00
0.997	0.001	0.001	0.001
0.001	0.001	0.216	0.782
0.001	0.124	0.874	0.001
0.001	0.001	0.001	0.997
0.124	0.874	0.001	0.001
0.782	0.001	0.216	0.001
0.001	0.001	0.733	0.265
0.001	0.684	0.001	0.314
0.418	0.580	0.001	0.001
0.001	0.001	0.997	0.001
>TTGTTCTTTG	20-TTGTTCTTTG	10.296193	-45.371214	0	T:18.0(9.00%),B:319.2(0.33%),P:1e-19	Tpos:366.1,Tstd:277.9,Bpos:262.8,Bstd:166.2,StrandBias:0.0,Multiplicity:1.00
0.100	0.100	0.100	0.700
0.100	0.100	0.100	0.700
0.100	0.100	0.700	0.100
0.100	0.100	0.100	0.700
0.100	0.100	0.100	0.700
0.100	0.700	0.100	0.100
0.100	0.100	0.100	0.700
0.100	0.100	0.100	0.700
0.100	0.100	0.100	0.700
0.100	0.100	0.700	0.100
>TCCCTCTTCC	21-TCCCTCTTCC	9.692743	-40.551341	0	T:36.0(18.00%),B:2819.9(2.89%),P:1e-17	Tpos:294.1,Tstd:190.3,Bpos:252.1,Bstd:155.2,StrandBias:0.7,Multiplicity:1.36
0.020	0.238	0.001	0.741
0.388	0.594	0.001	0.017
0.060	0.533	0.179	0.228
0.222	0.732	0.001	0.045
0.003	0.002	0.001	0.994
0.328	0.611	0.060	0.001
0.001	0.163	0.049	0.787
0.001	0.079	0.144	0.776
0.001	0.869	0.129	0.001
0.129	0.869	0.001	0.001
>GCCCACTTCT	22-GCCCACTTCT	11.646646	-35.016436	0	T:14.0(7.00%),B:258.4(0.27%),P:1e-15	Tpos:431.8,Tstd:262.7,Bpos:265.5,Bstd:157.2,StrandBias:1.9,Multiplicity:1.00
0.001	0.001	0.997	0.001
0.001	0.997	0.001	0.001
0.001	0.997	0.001	0.001
0.001	0.997	0.001	0.001
0.886	0.001	0.112	0.001
0.001	0.997	0.001	0.001
0.001	0.001	0.001	0.997
0.001	0.001	0.001	0.997
0.001	0.997	0.001	0.001
0.001	0.001	0.001	0.997
>GTATGCTTTA	23-GTATGCTTTA	10.296193	-27.347178	0	T:8.0(4.00%),B:62.3(0.06%),P:1e-11	Tpos:311.4,Tstd:151.3,Bpos:288.3,Bstd:134.1,StrandBias:0.7,Multiplicity:1.00
0.100	0.100	0.700	0.100
0.100	0.100	0.100	0.700
0.700	0.100	0.100	0.100
0.100	0.100	0.100	0.700
0.100	0.100	0.700	0.100
0.100	0.700	0.100	0.100
0.100	0.100	0.100	0.700
0.100	0.100	0.100	0.700
0.100	0.100	0.100	0.700
0.700	0.100	0.100	0.100
>AGTGACACAG	24-AGTGACACAG	11.188391	-3.023526	0	T:3.0(1.50%),B:395.0(0.41%),P:1e-1	Tpos:385.5,Tstd:225.5,Bpos:255.5,Bstd:170.2,StrandBias:4.3,Multiplicity:7.00
0.997	0.001	0.001	0.001
0.036	0.001	0.962	0.001
0.001	0.001	0.001	0.997
0.001	0.001	0.997	0.001
0.997	0.001	0.001	0.001
0.041	0.957	0.001	0.001
0.997	0.001	0.001	0.001
0.037	0.961	0.001	0.001
0.915	0.001	0.083	0.001
0.045	0.001	0.953	0.001
>AAAGGAAAGG	25-AAAGGAAAGG	10.296193	-1.580353	0	T:3.0(1.50%),B:760.4(0.78%),P:1e0	Tpos:191.1,Tstd:59.9,Bpos:252.1,Bstd:157.6,StrandBias:10.0,Multiplicity:7.33
0.700	0.100	0.100	0.100
0.700	0.100	0.100	0.100
0.700	0.100	0.100	0.100
0.100	0.100	0.700	0.100
0.100	0.100	0.700	0.100
0.700	0.100	0.100	0.100
0.700	0.100	0.100	0.100
0.700	0.100	0.100	0.100
0.100	0.100	0.700	0.100
0.100	0.100	0.700	0.100
