>TGAGGTGTGA	1-TGAGGTGTGA	7.298197	-129.616663	0	T:124.0(62.00%),B:13113.9(13.46%),P:1e-56	Tpos:336.8,Tstd:198.7,Bpos:254.7,Bstd:165.3,StrandBias:-1.3,Multiplicity:2.92
0.229	0.070	0.129	0.572
0.212	0.072	0.616	0.100
0.582	0.014	0.382	0.022
0.034	0.012	0.926	0.028
0.014	0.019	0.960	0.007
0.014	0.041	0.013	0.932
0.079	0.014	0.887	0.020
0.030	0.040	0.006	0.924
0.076	0.106	0.712	0.106
0.896	0.006	0.079	0.019
>CCAAATGGCC	2-CCAAATGGCC	10.296193	-125.006550	0	T:32.0(16.00%),B:137.5(0.14%),P:1e-54	Tpos:278.3,Tstd:207.2,Bpos:233.5,Bstd:138.4,StrandBias:0.5,Multiplicity:1.00
0.100	0.700	0.100	0.100
0.100	0.700	0.100	0.100
0.700	0.100	0.100	0.100
0.700	0.100	0.100	0.100
0.700	0.100	0.100	0.100
0.100	0.100	0.100	0.700
0.100	0.100	0.700	0.100
0.100	0.100	0.700	0.100
0.100	0.700	0.100	0.100
0.100	0.700	0.100	0.100
>GAATTATAGT	3-GAATTATAGT	10.296193	-108.915284	0	T:25.0(12.50%),B:68.1(0.07%),P:1e-47	Tpos:268.1,Tstd:160.9,Bpos:243.0,Bstd:139.5,StrandBias:0.6,Multiplicity:1.00
0.100	0.100	0.700	0.100
0.700	0.100	0.100	0.100
0.700	0.100	0.100	0.100
0.100	0.100	0.100	0.700
0.100	0.100	0.100	0.700
0.700	0.100	0.100	0.100
0.100	0.100	0.100	0.700
0.700	0.100	0.100	0.100
0.100	0.100	0.700	0.100
0.100	0.100	0.100	0.700
>GGGTGTAAAA	4-GGGTGTAAAA	9.395167	-83.581098	0	T:39.0(19.50%),B:1016.9(1.04%),P:1e-36	Tpos:290.3,Tstd:160.7,Bpos:256.1,Bstd:156.6,StrandBias:0.6,Multiplicity:1.08
0.001	0.001	0.997	0.001
0.001	0.001	0.997	0.001
0.001	0.225	0.773	0.001
0.001	0.001	0.001	0.997
0.001	0.001	0.997	0.001
0.001	0.001	0.001	0.997
0.735	0.066	0.001	0.198
0.997	0.001	0.001	0.001
0.997	0.001	0.001	0.001
0.735	0.001	0.263	0.001
>ATCTCYYCCT	5-ATCTCYYCCT	10.108294	-80.946056	0	T:29.0(14.50%),B:384.1(0.39%),P:1e-35	Tpos:285.7,Tstd:202.0,Bpos:269.3,Bstd:144.8,StrandBias:0.7,Multiplicity:1.04
0.747	0.118	0.110	0.025
0.091	0.105	0.109	0.695
0.087	0.726	0.103	0.084
0.257	0.052	0.149	0.542
0.021	0.867	0.044	0.068
0.062	0.361	0.105	0.472
0.034	0.389	0.047	0.530
0.049	0.787	0.085	0.079
0.017	0.787	0.131	0.065
0.038	0.022	0.087	0.853
>AAGGAGGATC	6-AAGGAGGATC	10.296193	-78.102821	0	T:21.0(10.50%),B:109.2(0.11%),P:1e-33	Tpos:286.7,Tstd:268.7,Bpos:254.2,Bstd:140.2,StrandBias:0.0,Multiplicity:1.00
0.700	0.100	0.100	0.100
0.700	0.100	0.100	0.100
0.100	0.100	0.700	0.100
0.100	0.100	0.700	0.100
0.700	0.100	0.100	0.100
0.100	0.100	0.700	0.100
0.100	0.100	0.700	0.100
0.700	0.100	0.100	0.100
0.100	0.100	0.100	0.700
0.100	0.700	0.100	0.100
>GTCTCTGACA	7-GTCTCTGACA	10.238541	-68.650375	0	T:26.0(13.00%),B:402.4(0.41%),P:1e-29	Tpos:269.6,Tstd:219.4,Bpos:261.6,Bstd:157.5,StrandBias:-1.1,Multiplicity:1.00
0.001	0.001	0.997	0.001
0.001	0.001	0.001	0.997
0.001	0.997	0.001	0.001
0.001	0.001	0.001	0.997
0.001	0.919	0.001	0.079
0.001	0.072	0.001	0.926
0.032	0.001	0.966	0.001
0.997	0.001	0.001	0.001
0.001	0.997	0.001	0.001
0.997	0.001	0.001	0.001
>CCTGACTTCG	8-CCTGACTTCG	10.296193	-68.432520	0	T:15.0(7.50%),B:34.5(0.04%),P:1e-29	Tpos:336.9,Tstd:218.1,Bpos:282.8,Bstd:138.0,StrandBias:1.0,Multiplicity:1.00
0.100	0.700	0.100	0.100
0.100	0.700	0.100	0.100
0.100	0.100	0.100	0.700
0.100	0.100	0.700	0.100
0.700	0.100	0.100	0.100
0.100	0.700	0.100	0.100
0.100	0.100	0.100	0.700
0.100	0.100	0.100	0.700
0.100	0.700	0.100	0.100
0.100	0.100	0.700	0.100
>TCATGTCCTT	9-TCATGTCCTT	10.296193	-67.742867	0	T:22.0(11.00%),B:218.2(0.22%),P:1e-29	Tpos:279.2,Tstd:181.4,Bpos:264.3,Bstd:158.9,StrandBias:0.0,Multiplicity:1.00
0.100	0.100	0.100	0.700
0.100	0.700	0.100	0.100
0.700	0.100	0.100	0.100
0.100	0.100	0.100	0.700
0.100	0.100	0.700	0.100
0.100	0.100	0.100	0.700
0.100	0.700	0.100	0.100
0.100	0.700	0.100	0.100
0.100	0.100	0.100	0.700
0.100	0.100	0.100	0.700
>CCCTATTCCC	10-CCCTATTCCC	11.071026	-65.747288	0	T:32.0(16.00%),B:909.7(0.93%),P:1e-28	Tpos:235.2,Tstd:132.6,Bpos:257.9,Bstd:152.9,StrandBias:0.3,Multiplicity:1.09
0.001	0.956	0.001	0.042
0.001	0.997	0.001	0.001
0.319	0.514	0.001	0.166
0.033	0.001	0.001	0.965
0.817	0.001	0.181	0.001
0.001	0.001	0.039	0.959
0.001	0.001	0.001	0.997
0.001	0.831	0.001	0.167
0.001	0.997	0.001	0.001
0.001	0.997	0.001	0.001
>CCRTGAGAAA	11-CCRTGAGAAA	9.298730	-63.854843	0	T:44.0(22.00%),B:2413.0(2.48%),P:1e-27	Tpos:286.7,Tstd:232.1,Bpos:261.9,Bstd:156.3,StrandBias:1.0,Multiplicity:1.03
0.001	0.837	0.078	0.084
0.173	0.547	0.001	0.279
0.516	0.028	0.455	0.001
0.127	0.001	0.001	0.871
0.098	0.001	0.900	0.001
0.816	0.001	0.116	0.067
0.093	0.001	0.905	0.001
0.882	0.001	0.001	0.116
0.843	0.001	0.077	0.079
0.997	0.001	0.001	0.001
>TCCGGAGATA	12-TCCGGAGATA	10.039388	-60.632973	0	T:23.0(11.50%),B:358.4(0.37%),P:1e-26	Tpos:301.3,Tstd:239.9,Bpos:257.2,Bstd:148.0,StrandBias:0.4,Multiplicity:1.00
0.001	0.001	0.001	0.997
0.001	0.936	0.001	0.062
0.026	0.946	0.001	0.027
0.413	0.001	0.564	0.022
0.001	0.001	0.997	0.001
0.997	0.001	0.001	0.001
0.001	0.001	0.997	0.001
0.945	0.001	0.001	0.053
0.001	0.001	0.047	0.951
0.997	0.001	0.001	0.001
>CTCCTAGCAC	13-CTCCTAGCAC	10.685346	-58.680414	0	T:31.0(15.50%),B:1044.2(1.07%),P:1e-25	Tpos:277.0,Tstd:183.9,Bpos:266.0,Bstd:152.3,StrandBias:0.3,Multiplicity:1.35
0.001	0.647	0.085	0.267
0.001	0.001	0.034	0.964
0.035	0.810	0.154	0.001
0.001	0.997	0.001	0.001
0.001	0.001	0.089	0.909
0.647	0.085	0.267	0.001
0.001	0.056	0.942	0.001
0.001	0.934	0.064	0.001
0.942	0.001	0.056	0.001
0.001	0.997	0.001	0.001
>TGACACCTTT	14-TGACACCTTT	6.854822	-55.780074	0	T:139.0(69.50%),B:32841.4(33.70%),P:1e-24	Tpos:301.5,Tstd:213.9,Bpos:258.8,Bstd:159.9,StrandBias:-0.1,Multiplicity:1.64
0.127	0.129	0.001	0.743
0.001	0.329	0.592	0.078
0.661	0.121	0.001	0.217
0.001	0.997	0.001	0.001
0.978	0.001	0.001	0.020
0.017	0.837	0.043	0.103
0.001	0.886	0.001	0.112
0.038	0.001	0.001	0.960
0.001	0.267	0.177	0.555
0.204	0.206	0.069	0.521
>GAGAAAGTGA	15-GAGAAAGTGA	7.350519	-53.402355	0	T:26.0(13.00%),B:739.6(0.76%),P:1e-23	Tpos:295.3,Tstd:209.4,Bpos:248.4,Bstd:164.1,StrandBias:-0.3,Multiplicity:1.46
0.001	0.001	0.997	0.001
0.997	0.001	0.001	0.001
0.001	0.001	0.997	0.001
0.997	0.001	0.001	0.001
0.959	0.001	0.001	0.039
0.959	0.001	0.001	0.039
0.001	0.001	0.997	0.001
0.001	0.001	0.001	0.997
0.001	0.001	0.997	0.001
0.997	0.001	0.001	0.001
>GTTATAACCM	16-GTTATAACCM	9.483150	-52.419614	0	T:26.0(13.00%),B:769.7(0.79%),P:1e-22	Tpos:277.4,Tstd:177.5,Bpos:255.2,Bstd:154.8,StrandBias:-0.6,Multiplicity:1.04
0.090	0.181	0.728	0.001
0.001	0.167	0.001	0.831
0.001	0.076	0.163	0.760
0.815	0.183	0.001	0.001
0.001	0.005	0.001	0.993
0.715	0.283	0.001	0.001
0.734	0.001	0.178	0.087
0.159	0.648	0.192	0.001
0.001	0.997	0.001	0.001
0.463	0.422	0.109	0.006
>CAGGCGTAAC	17-CAGGCGTAAC	10.296193	-49.981552	0	T:9.0(4.50%),B:8.3(0.01%),P:1e-21	Tpos:180.1,Tstd:123.7,Bpos:253.9,Bstd:85.8,StrandBias:1.8,Multiplicity:1.00
0.100	0.700	0.100	0.100
0.700	0.100	0.100	0.100
0.100	0.100	0.700	0.100
0.100	0.100	0.700	0.100
0.100	0.700	0.100	0.100
0.100	0.100	0.700	0.100
0.100	0.100	0.100	0.700
0.700	0.100	0.100	0.100
0.700	0.100	0.100	0.100
0.100	0.700	0.100	0.100
>RBGGGMACTC	18-RBGGGMACTC	6.607742	-47.792050	0	T:21.0(10.50%),B:476.5(0.49%),P:1e-20	Tpos:267.4,Tstd:235.5,Bpos:260.4,Bstd:154.0,StrandBias:0.1,Multiplicity:1.19
0.345	0.115	0.427	0.112
0.122	0.323	0.206	0.348
0.001	0.101	0.564	0.334
0.013	0.249	0.544	0.194
0.154	0.129	0.442	0.275
0.389	0.416	0.190	0.006
0.613	0.159	0.089	0.139
0.253	0.432	0.159	0.157
0.140	0.134	0.001	0.725
0.320	0.581	0.071	0.028
>ATGTCAGCCG	19-ATGTCAGCCG	10.840228	-46.975217	0	T:18.0(9.00%),B:291.7(0.30%),P:1e-20	Tpos:354.7,Tstd:271.0,Bpos:255.0,Bstd:153.0,StrandBias:1.0,Multiplicity:1.00
0.997	0.001	0.001	0.001
0.001	0.001	0.216	0.782
0.001	0.124	0.874	0.001
0.001	0.001	0.001	0.997
0.124	0.874	0.001	0.001
0.782	0.001	0.216	0.001
0.001	0.001	0.733	0.265
0.001	0.684	0.001	0.314
0.418	0.580	0.001	0.001
0.001	0.001	0.997	0.001
>TTGTTCTTTG	20-TTGTTCTTTG	10.296193	-45.371214	0	T:18.0(9.00%),B:319.2(0.33%),P:1e-19	Tpos:366.1,Tstd:277.9,Bpos:262.8,Bstd:166.2,StrandBias:0.0,Multiplicity:1.00
0.100	0.100	0.100	0.700
0.100	0.100	0.100	0.700
0.100	0.100	0.700	0.100
0.100	0.100	0.100	0.700
0.100	0.100	0.100	0.700
0.100	0.700	0.100	0.100
0.100	0.100	0.100	0.700
0.100	0.100	0.100	0.700
0.100	0.100	0.100	0.700
0.100	0.100	0.700	0.100
>TCCCTCTTCC	21-TCCCTCTTCC	9.692743	-40.551341	0	T:36.0(18.00%),B:2819.9(2.89%),P:1e-17	Tpos:294.1,Tstd:190.3,Bpos:252.1,Bstd:155.2,StrandBias:0.7,Multiplicity:1.36
0.020	0.238	0.001	0.741
0.388	0.594	0.001	0.017
0.060	0.533	0.179	0.228
0.222	0.732	0.001	0.045
0.003	0.002	0.001	0.994
0.328	0.611	0.060	0.001
0.001	0.163	0.049	0.787
0.001	0.079	0.144	0.776
0.001	0.869	0.129	0.001
0.129	0.869	0.001	0.001
>GCCCACTTCT	22-GCCCACTTCT	11.646646	-35.016436	0	T:14.0(7.00%),B:258.4(0.27%),P:1e-15	Tpos:431.8,Tstd:262.7,Bpos:265.5,Bstd:157.2,StrandBias:1.9,Multiplicity:1.00
0.001	0.001	0.997	0.001
0.001	0.997	0.001	0.001
0.001	0.997	0.001	0.001
0.001	0.997	0.001	0.001
0.886	0.001	0.112	0.001
0.001	0.997	0.001	0.001
0.001	0.001	0.001	0.997
0.001	0.001	0.001	0.997
0.001	0.997	0.001	0.001
0.001	0.001	0.001	0.997
>GTATGCTTTA	23-GTATGCTTTA	10.296193	-27.347178	0	T:8.0(4.00%),B:62.3(0.06%),P:1e-11	Tpos:311.4,Tstd:151.3,Bpos:288.3,Bstd:134.1,StrandBias:0.7,Multiplicity:1.00
0.100	0.100	0.700	0.100
0.100	0.100	0.100	0.700
0.700	0.100	0.100	0.100
0.100	0.100	0.100	0.700
0.100	0.100	0.700	0.100
0.100	0.700	0.100	0.100
0.100	0.100	0.100	0.700
0.100	0.100	0.100	0.700
0.100	0.100	0.100	0.700
0.700	0.100	0.100	0.100
>AGTGACACAG	24-AGTGACACAG	11.188391	-3.023526	0	T:3.0(1.50%),B:395.0(0.41%),P:1e-1	Tpos:385.5,Tstd:225.5,Bpos:255.5,Bstd:170.2,StrandBias:4.3,Multiplicity:7.00
0.997	0.001	0.001	0.001
0.036	0.001	0.962	0.001
0.001	0.001	0.001	0.997
0.001	0.001	0.997	0.001
0.997	0.001	0.001	0.001
0.041	0.957	0.001	0.001
0.997	0.001	0.001	0.001
0.037	0.961	0.001	0.001
0.915	0.001	0.083	0.001
0.045	0.001	0.953	0.001
>AAAGGAAAGG	25-AAAGGAAAGG	10.296193	-1.580353	0	T:3.0(1.50%),B:760.4(0.78%),P:1e0	Tpos:191.1,Tstd:59.9,Bpos:252.1,Bstd:157.6,StrandBias:10.0,Multiplicity:7.33
0.700	0.100	0.100	0.100
0.700	0.100	0.100	0.100
0.700	0.100	0.100	0.100
0.100	0.100	0.700	0.100
0.100	0.100	0.700	0.100
0.700	0.100	0.100	0.100
0.700	0.100	0.100	0.100
0.700	0.100	0.100	0.100
0.100	0.100	0.700	0.100
0.100	0.100	0.700	0.100
>GCCATTTGGCCT	1-GCCATTTGGCCT	12.569467	-143.576124	0	T:31.0(15.50%),B:64.2(0.07%),P:1e-62	Tpos:258.4,Tstd:192.1,Bpos:200.0,Bstd:130.8,StrandBias:-0.2,Multiplicity:1.00
0.001	0.001	0.997	0.001
0.001	0.997	0.001	0.001
0.001	0.997	0.001	0.001
0.997	0.001	0.001	0.001
0.165	0.001	0.035	0.799
0.241	0.001	0.001	0.757
0.001	0.001	0.001	0.997
0.001	0.001	0.997	0.001
0.001	0.035	0.963	0.001
0.001	0.877	0.001	0.121
0.036	0.842	0.041	0.081
0.040	0.035	0.001	0.924
>AAAGCTGAATTA	2-AAAGCTGAATTA	12.355432	-133.856798	0	T:25.0(12.50%),B:25.6(0.03%),P:1e-58	Tpos:286.4,Tstd:198.7,Bpos:287.4,Bstd:135.4,StrandBias:0.3,Multiplicity:1.00
0.700	0.100	0.100	0.100
0.700	0.100	0.100	0.100
0.700	0.100	0.100	0.100
0.100	0.100	0.700	0.100
0.100	0.700	0.100	0.100
0.100	0.100	0.100	0.700
0.100	0.100	0.700	0.100
0.700	0.100	0.100	0.100
0.700	0.100	0.100	0.100
0.100	0.100	0.100	0.700
0.100	0.100	0.100	0.700
0.700	0.100	0.100	0.100
>ACAGCCTTRGGT	3-ACAGCCTTRGGT	14.829663	-120.595111	0	T:28.0(14.00%),B:80.6(0.08%),P:1e-52	Tpos:299.0,Tstd:195.2,Bpos:248.1,Bstd:159.1,StrandBias:-0.9,Multiplicity:1.41
0.997	0.001	0.001	0.001
0.001	0.997	0.001	0.001
0.997	0.001	0.001	0.001
0.001	0.001	0.997	0.001
0.001	0.997	0.001	0.001
0.001	0.997	0.001	0.001
0.001	0.001	0.001	0.997
0.001	0.378	0.001	0.620
0.448	0.001	0.550	0.001
0.001	0.001	0.997	0.001
0.001	0.001	0.997	0.001
0.001	0.001	0.001	0.997
>GAGATTGTGAAG	4-GAGATTGTGAAG	12.355432	-118.233621	0	T:21.0(10.50%),B:16.7(0.02%),P:1e-51	Tpos:306.4,Tstd:209.4,Bpos:288.7,Bstd:114.1,StrandBias:-0.4,Multiplicity:1.00
0.100	0.100	0.700	0.100
0.700	0.100	0.100	0.100
0.100	0.100	0.700	0.100
0.700	0.100	0.100	0.100
0.100	0.100	0.100	0.700
0.100	0.100	0.100	0.700
0.100	0.100	0.700	0.100
0.100	0.100	0.100	0.700
0.100	0.100	0.700	0.100
0.700	0.100	0.100	0.100
0.700	0.100	0.100	0.100
0.100	0.100	0.700	0.100
>ACCATCCCGTGA	5-ACCATCCCGTGA	12.354784	-117.074643	0	T:25.0(12.50%),B:49.9(0.05%),P:1e-50	Tpos:258.0,Tstd:216.3,Bpos:239.0,Bstd:142.5,StrandBias:1.1,Multiplicity:1.00
0.997	0.001	0.001	0.001
0.001	0.997	0.001	0.001
0.001	0.997	0.001	0.001
0.997	0.001	0.001	0.001
0.001	0.001	0.001	0.997
0.311	0.687	0.001	0.001
0.001	0.997	0.001	0.001
0.001	0.942	0.001	0.056
0.182	0.001	0.816	0.001
0.001	0.001	0.001	0.997
0.001	0.001	0.997	0.001
0.997	0.001	0.001	0.001
>AAGGAGGATCKA	6-AAGGAGGATCKA	13.453100	-115.763685	0	T:21.0(10.50%),B:18.3(0.02%),P:1e-50	Tpos:292.1,Tstd:250.6,Bpos:261.3,Bstd:134.9,StrandBias:0.4,Multiplicity:1.00
0.997	0.001	0.001	0.001
0.997	0.001	0.001	0.001
0.001	0.001	0.997	0.001
0.001	0.001	0.997	0.001
0.997	0.001	0.001	0.001
0.001	0.001	0.997	0.001
0.001	0.001	0.997	0.001
0.997	0.001	0.001	0.001
0.001	0.001	0.001	0.997
0.001	0.950	0.001	0.048
0.045	0.001	0.490	0.465
0.997	0.001	0.001	0.001
>TTCCCTATCTCT	7-TTCCCTATCTCT	13.455927	-115.605044	0	T:23.0(11.50%),B:32.7(0.03%),P:1e-50	Tpos:309.2,Tstd:207.8,Bpos:275.7,Bstd:138.3,StrandBias:0.1,Multiplicity:1.00
0.001	0.001	0.001	0.997
0.001	0.001	0.001	0.997
0.001	0.997	0.001	0.001
0.001	0.997	0.001	0.001
0.001	0.997	0.001	0.001
0.001	0.001	0.001	0.997
0.997	0.001	0.001	0.001
0.001	0.001	0.001	0.997
0.001	0.997	0.001	0.001
0.001	0.001	0.001	0.997
0.001	0.955	0.001	0.043
0.001	0.001	0.001	0.997
>CCTCCCTATTCC	8-CCTCCCTATTCC	13.267221	-108.528302	0	T:27.0(13.50%),B:103.1(0.11%),P:1e-47	Tpos:281.8,Tstd:166.9,Bpos:254.5,Bstd:159.9,StrandBias:0.8,Multiplicity:1.11
0.001	0.997	0.001	0.001
0.001	0.997	0.001	0.001
0.001	0.001	0.001	0.997
0.001	0.997	0.001	0.001
0.001	0.997	0.001	0.001
0.001	0.885	0.001	0.113
0.001	0.001	0.001	0.997
0.997	0.001	0.001	0.001
0.001	0.001	0.001	0.997
0.001	0.066	0.001	0.932
0.001	0.930	0.001	0.068
0.001	0.952	0.001	0.046
>TTCCGGAGATAA	9-TTCCGGAGATAA	10.409522	-102.556330	0	T:26.0(13.00%),B:107.1(0.11%),P:1e-44	Tpos:275.9,Tstd:230.9,Bpos:248.0,Bstd:144.2,StrandBias:0.4,Multiplicity:1.00
0.100	0.100	0.100	0.700
0.100	0.100	0.100	0.700
0.100	0.700	0.100	0.100
0.100	0.700	0.100	0.100
0.100	0.100	0.700	0.100
0.100	0.100	0.700	0.100
0.700	0.100	0.100	0.100
0.100	0.100	0.700	0.100
0.700	0.100	0.100	0.100
0.100	0.100	0.100	0.700
0.700	0.100	0.100	0.100
0.700	0.100	0.100	0.100
>SATGTCMTTGGA	10-SATGTCMTTGGA	12.741719	-101.222147	0	T:20.0(10.00%),B:27.5(0.03%),P:1e-43	Tpos:274.8,Tstd:185.6,Bpos:257.8,Bstd:145.9,StrandBias:0.0,Multiplicity:1.00
0.072	0.461	0.378	0.090
0.870	0.001	0.001	0.128
0.037	0.085	0.042	0.836
0.120	0.076	0.803	0.001
0.040	0.035	0.035	0.890
0.121	0.748	0.094	0.037
0.392	0.372	0.037	0.198
0.001	0.050	0.001	0.948
0.078	0.001	0.375	0.546
0.134	0.001	0.740	0.125
0.077	0.002	0.829	0.092
0.962	0.001	0.036	0.001
>GCYRGTTRWCAC	11-GCYRGTTRWCAC	14.109541	-97.049775	0	T:16.0(8.00%),B:8.5(0.01%),P:1e-42	Tpos:244.1,Tstd:116.8,Bpos:319.5,Bstd:155.8,StrandBias:0.7,Multiplicity:1.00
0.001	0.001	0.997	0.001
0.001	0.997	0.001	0.001
0.001	0.463	0.001	0.535
0.463	0.001	0.535	0.001
0.001	0.001	0.997	0.001
0.001	0.001	0.001	0.997
0.001	0.001	0.001	0.997
0.535	0.001	0.463	0.001
0.463	0.001	0.001	0.535
0.001	0.997	0.001	0.001
0.997	0.001	0.001	0.001
0.001	0.997	0.001	0.001
>TGACTTCGGCCC	12-TGACTTCGGCCC	14.089176	-90.090023	0	T:15.0(7.50%),B:8.2(0.01%),P:1e-39	Tpos:337.9,Tstd:219.9,Bpos:252.8,Bstd:129.3,StrandBias:1.0,Multiplicity:1.00
0.001	0.001	0.001	0.997
0.001	0.001	0.997	0.001
0.997	0.001	0.001	0.001
0.001	0.997	0.001	0.001
0.001	0.001	0.001	0.997
0.001	0.001	0.001	0.997
0.001	0.997	0.001	0.001
0.001	0.001	0.997	0.001
0.001	0.001	0.997	0.001
0.081	0.837	0.001	0.081
0.001	0.997	0.001	0.001
0.001	0.997	0.001	0.001
>GCGGGTACTTTG	13-GCGGGTACTTTG	11.489353	-79.707055	0	T:15.0(7.50%),B:16.9(0.02%),P:1e-34	Tpos:241.3,Tstd:240.9,Bpos:213.9,Bstd:135.8,StrandBias:0.2,Multiplicity:1.00
0.001	0.001	0.997	0.001
0.001	0.990	0.001	0.008
0.001	0.012	0.986	0.001
0.001	0.001	0.997	0.001
0.001	0.001	0.997	0.001
0.001	0.135	0.001	0.863
0.997	0.001	0.001	0.001
0.001	0.997	0.001	0.001
0.001	0.001	0.001	0.997
0.001	0.122	0.001	0.876
0.001	0.001	0.001	0.997
0.001	0.001	0.997	0.001
>TGAACTCCCATG	14-TGAACTCCCATG	11.228991	-73.555814	0	T:18.0(9.00%),B:65.1(0.07%),P:1e-31	Tpos:297.8,Tstd:227.9,Bpos:238.5,Bstd:162.6,StrandBias:0.3,Multiplicity:1.00
0.001	0.001	0.001	0.997
0.001	0.001	0.997	0.001
0.997	0.001	0.001	0.001
0.930	0.001	0.068	0.001
0.001	0.930	0.001	0.068
0.001	0.001	0.001	0.997
0.001	0.997	0.001	0.001
0.001	0.997	0.001	0.001
0.001	0.997	0.001	0.001
0.997	0.001	0.001	0.001
0.001	0.001	0.001	0.997
0.001	0.001	0.997	0.001
>CTCAGGCGTAAC	15-CTCAGGCGTAAC	9.218998	-73.546821	0	T:19.0(9.50%),B:85.2(0.09%),P:1e-31	Tpos:314.4,Tstd:247.8,Bpos:257.2,Bstd:155.5,StrandBias:0.7,Multiplicity:1.00
0.001	0.997	0.001	0.001
0.001	0.001	0.001	0.997
0.001	0.997	0.001	0.001
0.997	0.001	0.001	0.001
0.001	0.001	0.997	0.001
0.001	0.001	0.997	0.001
0.001	0.922	0.001	0.076
0.255	0.001	0.743	0.001
0.001	0.001	0.001	0.997
0.899	0.001	0.099	0.001
0.997	0.001	0.001	0.001
0.001	0.997	0.001	0.001
>ATGTCAGCAGAT	16-ATGTCAGCAGAT	13.698863	-72.172783	0	T:16.0(8.00%),B:38.7(0.04%),P:1e-31	Tpos:363.7,Tstd:283.7,Bpos:278.0,Bstd:157.5,StrandBias:0.7,Multiplicity:1.00
0.997	0.001	0.001	0.001
0.001	0.001	0.001	0.997
0.001	0.001	0.997	0.001
0.001	0.001	0.001	0.997
0.001	0.997	0.001	0.001
0.997	0.001	0.001	0.001
0.001	0.001	0.997	0.001
0.087	0.911	0.001	0.001
0.997	0.001	0.001	0.001
0.001	0.001	0.997	0.001
0.938	0.001	0.001	0.060
0.001	0.001	0.001	0.997
>TCACACCTYAGV	17-TCACACCTYAGV	8.488305	-71.029493	0	T:68.0(34.00%),B:6143.0(6.30%),P:1e-30	Tpos:334.2,Tstd:193.7,Bpos:259.9,Bstd:168.0,StrandBias:1.1,Multiplicity:3.35
0.026	0.223	0.001	0.750
0.212	0.715	0.001	0.072
0.932	0.046	0.001	0.021
0.001	0.935	0.001	0.063
0.960	0.014	0.001	0.025
0.034	0.866	0.099	0.001
0.056	0.817	0.001	0.126
0.135	0.355	0.001	0.509
0.091	0.466	0.084	0.359
0.608	0.222	0.001	0.169
0.161	0.250	0.417	0.172
0.307	0.348	0.309	0.035
>CTTTGTTCTTTG	18-CTTTGTTCTTTG	13.851099	-62.683564	0	T:16.0(8.00%),B:69.4(0.07%),P:1e-27	Tpos:385.4,Tstd:287.2,Bpos:249.3,Bstd:155.1,StrandBias:0.7,Multiplicity:1.00
0.001	0.997	0.001	0.001
0.001	0.001	0.001	0.997
0.001	0.001	0.001	0.997
0.001	0.001	0.001	0.997
0.001	0.001	0.997	0.001
0.001	0.001	0.001	0.997
0.068	0.001	0.001	0.930
0.001	0.997	0.001	0.001
0.001	0.001	0.001	0.997
0.001	0.001	0.001	0.997
0.001	0.001	0.062	0.936
0.001	0.001	0.997	0.001
>AATTCYCCCTCG	19-AATTCYCCCTCG	12.392623	-53.766509	0	T:15.0(7.50%),B:91.0(0.09%),P:1e-23	Tpos:337.1,Tstd:251.8,Bpos:230.1,Bstd:146.0,StrandBias:0.8,Multiplicity:1.00
0.997	0.001	0.001	0.001
0.997	0.001	0.001	0.001
0.001	0.227	0.001	0.771
0.001	0.001	0.001	0.997
0.001	0.997	0.001	0.001
0.001	0.477	0.001	0.521
0.001	0.771	0.001	0.227
0.227	0.771	0.001	0.001
0.001	0.997	0.001	0.001
0.001	0.001	0.227	0.771
0.001	0.618	0.153	0.228
0.140	0.004	0.855	0.001
>GTATGCTTTAAA	20-GTATGCTTTAAA	14.757321	-43.213482	0	T:9.0(4.50%),B:17.2(0.02%),P:1e-18	Tpos:309.4,Tstd:143.6,Bpos:291.7,Bstd:143.1,StrandBias:1.0,Multiplicity:1.00
0.001	0.001	0.997	0.001
0.001	0.001	0.001	0.997
0.997	0.001	0.001	0.001
0.001	0.001	0.001	0.997
0.001	0.001	0.997	0.001
0.001	0.997	0.001	0.001
0.001	0.001	0.001	0.997
0.001	0.001	0.001	0.997
0.001	0.001	0.001	0.997
0.840	0.001	0.158	0.001
0.997	0.001	0.001	0.001
0.997	0.001	0.001	0.001
>GTTGTCACTCCC	21-GTTGTCACTCCC	12.355432	-33.046617	0	T:6.0(3.00%),B:6.9(0.01%),P:1e-14	Tpos:177.0,Tstd:55.0,Bpos:239.8,Bstd:180.0,StrandBias:-0.6,Multiplicity:1.00
0.100	0.100	0.700	0.100
0.100	0.100	0.100	0.700
0.100	0.100	0.100	0.700
0.100	0.100	0.700	0.100
0.100	0.100	0.100	0.700
0.100	0.700	0.100	0.100
0.700	0.100	0.100	0.100
0.100	0.700	0.100	0.100
0.100	0.100	0.100	0.700
0.100	0.700	0.100	0.100
0.100	0.700	0.100	0.100
0.100	0.700	0.100	0.100
>TTATCTCTTCCT	22-TTATCTCTTCCT	14.898733	-30.241396	0	T:8.0(4.00%),B:43.7(0.04%),P:1e-13	Tpos:216.6,Tstd:41.4,Bpos:269.0,Bstd:160.1,StrandBias:1.6,Multiplicity:1.00
0.001	0.001	0.001	0.997
0.001	0.001	0.001	0.997
0.997	0.001	0.001	0.001
0.001	0.001	0.001	0.997
0.001	0.997	0.001	0.001
0.001	0.001	0.182	0.816
0.001	0.997	0.001	0.001
0.001	0.001	0.001	0.997
0.001	0.001	0.001	0.997
0.001	0.997	0.001	0.001
0.001	0.997	0.001	0.001
0.001	0.001	0.001	0.997
>TGAGGTGTGAGC	23-TGAGGTGTGAGC	5.849846	-29.106596	0	T:153.0(76.50%),B:50041.5(51.36%),P:1e-12	Tpos:293.2,Tstd:202.4,Bpos:258.1,Bstd:159.8,StrandBias:-0.1,Multiplicity:1.58
0.179	0.076	0.154	0.591
0.145	0.138	0.645	0.072
0.735	0.063	0.107	0.095
0.175	0.062	0.671	0.092
0.095	0.118	0.697	0.090
0.103	0.040	0.108	0.749
0.075	0.112	0.750	0.063
0.159	0.079	0.144	0.618
0.121	0.183	0.584	0.112
0.698	0.028	0.153	0.121
0.194	0.100	0.646	0.060
0.102	0.618	0.143	0.137
>TCACACCCCACA	24-TCACACCCCACA	6.517702	-7.200408	0	T:122.0(61.00%),B:48288.5(49.56%),P:1e-3	Tpos:326.6,Tstd:229.1,Bpos:255.9,Bstd:166.2,StrandBias:-0.2,Multiplicity:1.84
0.100	0.100	0.100	0.700
0.100	0.700	0.100	0.100
0.700	0.100	0.100	0.100
0.100	0.700	0.100	0.100
0.700	0.100	0.100	0.100
0.100	0.700	0.100	0.100
0.100	0.700	0.100	0.100
0.100	0.700	0.100	0.100
0.100	0.700	0.100	0.100
0.700	0.100	0.100	0.100
0.100	0.700	0.100	0.100
0.700	0.100	0.100	0.100
>TGMTRTWARCCT	25-TGMTRTWARCCT	13.599302	-4.814303	0	T:2.0(1.00%),B:65.3(0.07%),P:1e-2	Tpos:475.9,Tstd:207.2,Bpos:269.7,Bstd:152.1,StrandBias:4.0,Multiplicity:8.50
0.001	0.001	0.001	0.997
0.001	0.001	0.997	0.001
0.434	0.564	0.001	0.001
0.001	0.001	0.001	0.997
0.487	0.001	0.511	0.001
0.001	0.001	0.001	0.997
0.564	0.001	0.001	0.434
0.997	0.001	0.001	0.001
0.487	0.001	0.511	0.001
0.001	0.997	0.001	0.001
0.001	0.997	0.001	0.001
0.001	0.001	0.001	0.997
>TCACACCT	1-TCACACCT	4.167640	-165.098691	0	T:142.0(71.00%),B:14179.8(14.55%),P:1e-71	Tpos:321.8,Tstd:199.9,Bpos:256.5,Bstd:164.0,StrandBias:0.9,Multiplicity:2.35
0.001	0.001	0.001	0.997
0.039	0.832	0.086	0.043
0.996	0.001	0.002	0.001
0.001	0.997	0.001	0.001
0.997	0.001	0.001	0.001
0.001	0.997	0.001	0.001
0.001	0.997	0.001	0.001
0.001	0.393	0.005	0.601
>CCAAATGG	2-CCAAATGG	11.054209	-77.971980	0	T:46.0(23.00%),B:1943.7(1.99%),P:1e-33	Tpos:249.9,Tstd:186.1,Bpos:258.4,Bstd:147.2,StrandBias:0.5,Multiplicity:1.04
0.001	0.997	0.001	0.001
0.001	0.997	0.001	0.001
0.997	0.001	0.001	0.001
0.997	0.001	0.001	0.001
0.997	0.001	0.001	0.001
0.001	0.013	0.001	0.985
0.001	0.001	0.997	0.001
0.001	0.001	0.997	0.001
>CGACACCT	3-CGACACCT	5.325939	-77.869039	0	T:172.0(86.00%),B:43148.5(44.28%),P:1e-33	Tpos:313.2,Tstd:211.3,Bpos:257.0,Bstd:160.9,StrandBias:0.2,Multiplicity:1.70
0.050	0.639	0.002	0.309
0.066	0.059	0.810	0.065
0.730	0.072	0.099	0.099
0.074	0.758	0.133	0.035
0.759	0.143	0.061	0.037
0.060	0.779	0.048	0.113
0.124	0.744	0.020	0.112
0.105	0.059	0.043	0.793
>TGACGCCT	4-TGACGCCT	5.770538	-75.405689	0	T:71.0(35.50%),B:6327.2(6.49%),P:1e-32	Tpos:278.7,Tstd:188.7,Bpos:259.2,Bstd:155.9,StrandBias:-0.3,Multiplicity:1.35
0.001	0.001	0.001	0.997
0.009	0.001	0.878	0.112
0.856	0.001	0.123	0.020
0.001	0.997	0.001	0.001
0.046	0.001	0.952	0.001
0.001	0.997	0.001	0.001
0.001	0.997	0.001	0.001
0.001	0.001	0.001	0.997
>GAATTATA	5-GAATTATA	8.236954	-56.761947	0	T:28.0(14.00%),B:818.5(0.84%),P:1e-24	Tpos:295.9,Tstd:202.9,Bpos:256.3,Bstd:151.8,StrandBias:0.2,Multiplicity:1.14
0.100	0.100	0.700	0.100
0.700	0.100	0.100	0.100
0.700	0.100	0.100	0.100
0.100	0.100	0.100	0.700
0.100	0.100	0.100	0.700
0.700	0.100	0.100	0.100
0.100	0.100	0.100	0.700
0.700	0.100	0.100	0.100
>TTTACAGC	6-TTTACAGC	10.656833	-49.601571	0	T:32.0(16.00%),B:1558.3(1.60%),P:1e-21	Tpos:269.0,Tstd:182.6,Bpos:256.7,Bstd:152.4,StrandBias:-0.1,Multiplicity:1.03
0.001	0.001	0.001	0.997
0.001	0.001	0.001	0.997
0.057	0.001	0.280	0.662
0.997	0.001	0.001	0.001
0.001	0.997	0.001	0.001
0.997	0.001	0.001	0.001
0.001	0.001	0.997	0.001
0.001	0.997	0.001	0.001
>GTGCGAAC	7-GTGCGAAC	7.003667	-48.361200	0	T:71.0(35.50%),B:9957.7(10.22%),P:1e-21	Tpos:266.5,Tstd:174.5,Bpos:256.5,Bstd:162.1,StrandBias:0.4,Multiplicity:1.36
0.001	0.001	0.997	0.001
0.001	0.001	0.001	0.997
0.001	0.001	0.997	0.001
0.367	0.631	0.001	0.001
0.001	0.057	0.814	0.128
0.997	0.001	0.001	0.001
0.997	0.001	0.001	0.001
0.183	0.815	0.001	0.001
>TAGCACGA	8-TAGCACGA	8.236954	-47.366080	0	T:16.0(8.00%),B:182.4(0.19%),P:1e-20	Tpos:302.2,Tstd:193.1,Bpos:261.0,Bstd:146.4,StrandBias:0.0,Multiplicity:1.00
0.100	0.100	0.100	0.700
0.700	0.100	0.100	0.100
0.100	0.100	0.700	0.100
0.100	0.700	0.100	0.100
0.700	0.100	0.100	0.100
0.100	0.700	0.100	0.100
0.100	0.100	0.700	0.100
0.700	0.100	0.100	0.100
>TCCCTATY	9-TCCCTATY	10.353930	-40.507831	0	T:34.0(17.00%),B:2469.0(2.53%),P:1e-17	Tpos:296.4,Tstd:188.0,Bpos:259.1,Bstd:152.1,StrandBias:0.2,Multiplicity:1.65
0.001	0.001	0.001	0.997
0.001	0.997	0.001	0.001
0.001	0.997	0.001	0.001
0.001	0.997	0.001	0.001
0.001	0.001	0.001	0.997
0.997	0.001	0.001	0.001
0.001	0.001	0.001	0.997
0.001	0.489	0.001	0.509
>CGTGTTAG	10-CGTGTTAG	6.449495	-39.586104	0	T:71.0(35.50%),B:11671.7(11.98%),P:1e-17	Tpos:356.1,Tstd:253.0,Bpos:257.5,Bstd:162.0,StrandBias:0.7,Multiplicity:1.48
0.149	0.547	0.096	0.208
0.131	0.098	0.653	0.118
0.082	0.050	0.023	0.845
0.037	0.064	0.845	0.054
0.088	0.094	0.020	0.798
0.043	0.123	0.077	0.757
0.854	0.023	0.051	0.072
0.097	0.100	0.721	0.082
>CAATCTCC	11-CAATCTCC	8.236954	-39.009339	0	T:27.0(13.50%),B:1476.5(1.52%),P:1e-16	Tpos:288.4,Tstd:185.2,Bpos:257.6,Bstd:149.8,StrandBias:0.5,Multiplicity:1.00
0.100	0.700	0.100	0.100
0.700	0.100	0.100	0.100
0.700	0.100	0.100	0.100
0.100	0.100	0.100	0.700
0.100	0.700	0.100	0.100
0.100	0.100	0.100	0.700
0.100	0.700	0.100	0.100
0.100	0.700	0.100	0.100
>GACGTCGG	12-GACGTCGG	8.394237	-35.043721	0	T:18.0(9.00%),B:581.8(0.60%),P:1e-15	Tpos:319.1,Tstd:207.6,Bpos:254.4,Bstd:150.3,StrandBias:1.0,Multiplicity:1.00
0.001	0.001	0.997	0.001
0.997	0.001	0.001	0.001
0.001	0.997	0.001	0.001
0.001	0.001	0.690	0.308
0.001	0.315	0.158	0.526
0.001	0.997	0.001	0.001
0.001	0.374	0.624	0.001
0.001	0.158	0.840	0.001
>AGCGTGTC	13-AGCGTGTC	8.762959	-34.506231	0	T:40.0(20.00%),B:4289.3(4.40%),P:1e-14	Tpos:295.9,Tstd:240.1,Bpos:255.2,Bstd:159.4,StrandBias:-0.1,Multiplicity:1.00
0.997	0.001	0.001	0.001
0.001	0.001	0.997	0.001
0.356	0.642	0.001	0.001
0.001	0.001	0.997	0.001
0.001	0.001	0.001	0.997
0.001	0.001	0.997	0.001
0.001	0.279	0.001	0.719
0.001	0.997	0.001	0.001
>CTTKGAWG	14-CTTKGAWG	7.687167	-34.094667	0	T:74.0(37.00%),B:13934.0(14.30%),P:1e-14	Tpos:286.6,Tstd:191.5,Bpos:255.2,Bstd:157.5,StrandBias:0.1,Multiplicity:1.10
0.253	0.675	0.001	0.071
0.001	0.001	0.110	0.888
0.001	0.122	0.001	0.876
0.168	0.001	0.469	0.362
0.001	0.001	0.997	0.001
0.960	0.001	0.001	0.038
0.495	0.071	0.001	0.432
0.048	0.096	0.796	0.060
>GTCCCCTC	15-GTCCCCTC	8.236954	-33.900795	0	T:31.0(15.50%),B:2519.0(2.59%),P:1e-14	Tpos:259.4,Tstd:189.7,Bpos:257.8,Bstd:158.0,StrandBias:0.5,Multiplicity:1.00
0.100	0.100	0.700	0.100
0.100	0.100	0.100	0.700
0.100	0.700	0.100	0.100
0.100	0.700	0.100	0.100
0.100	0.700	0.100	0.100
0.100	0.700	0.100	0.100
0.100	0.100	0.100	0.700
0.100	0.700	0.100	0.100
>GAGATAAG	16-GAGATAAG	7.920362	-30.436960	0	T:33.0(16.50%),B:3282.7(3.37%),P:1e-13	Tpos:251.8,Tstd:199.6,Bpos:252.8,Bstd:157.0,StrandBias:0.2,Multiplicity:1.15
0.107	0.001	0.891	0.001
0.950	0.048	0.001	0.001
0.001	0.001	0.997	0.001
0.997	0.001	0.001	0.001
0.001	0.001	0.001	0.997
0.997	0.001	0.001	0.001
0.997	0.001	0.001	0.001
0.001	0.001	0.997	0.001
>CTCATGTC	17-CTCATGTC	8.236954	-30.153690	0	T:27.0(13.50%),B:2138.9(2.20%),P:1e-13	Tpos:299.4,Tstd:216.0,Bpos:249.2,Bstd:155.7,StrandBias:0.2,Multiplicity:1.26
0.100	0.700	0.100	0.100
0.100	0.100	0.100	0.700
0.100	0.700	0.100	0.100
0.700	0.100	0.100	0.100
0.100	0.100	0.100	0.700
0.100	0.100	0.700	0.100
0.100	0.100	0.100	0.700
0.100	0.700	0.100	0.100
>AAGGCTGT	18-AAGGCTGT	7.528863	-28.577575	0	T:34.0(17.00%),B:3736.4(3.83%),P:1e-12	Tpos:317.8,Tstd:216.0,Bpos:253.4,Bstd:160.7,StrandBias:0.5,Multiplicity:1.00
0.997	0.001	0.001	0.001
0.969	0.029	0.001	0.001
0.001	0.001	0.997	0.001
0.001	0.001	0.997	0.001
0.001	0.997	0.001	0.001
0.001	0.001	0.001	0.997
0.001	0.001	0.997	0.001
0.001	0.001	0.001	0.997
>CGTCCTGA	19-CGTCCTGA	8.514477	-28.279072	0	T:46.0(23.00%),B:6780.9(6.96%),P:1e-12	Tpos:310.1,Tstd:233.0,Bpos:256.3,Bstd:159.2,StrandBias:0.1,Multiplicity:1.14
0.001	0.997	0.001	0.001
0.001	0.001	0.758	0.240
0.211	0.157	0.001	0.631
0.001	0.997	0.001	0.001
0.275	0.723	0.001	0.001
0.001	0.001	0.001	0.997
0.001	0.103	0.895	0.001
0.997	0.001	0.001	0.001
>CTTTGTTC	20-CTTTGTTC	9.269789	-28.043934	0	T:38.0(19.00%),B:4751.3(4.88%),P:1e-12	Tpos:373.4,Tstd:254.6,Bpos:254.3,Bstd:156.6,StrandBias:0.3,Multiplicity:1.11
0.001	0.997	0.001	0.001
0.001	0.001	0.001	0.997
0.001	0.001	0.001	0.997
0.001	0.001	0.001	0.997
0.001	0.001	0.997	0.001
0.001	0.001	0.082	0.916
0.001	0.001	0.001	0.997
0.180	0.818	0.001	0.001
>NGTGTGAN	21-NGTGTGAN	5.118986	-24.668102	0	T:51.0(25.50%),B:9025.8(9.26%),P:1e-10	Tpos:294.5,Tstd:206.7,Bpos:260.8,Bstd:172.0,StrandBias:0.7,Multiplicity:1.55
0.317	0.196	0.254	0.233
0.114	0.165	0.662	0.059
0.067	0.136	0.242	0.555
0.202	0.183	0.534	0.081
0.117	0.174	0.168	0.541
0.102	0.194	0.531	0.173
0.646	0.093	0.162	0.099
0.221	0.217	0.269	0.293
>TGCCGACT	22-TGCCGACT	8.179661	-24.528673	0	T:34.0(17.00%),B:4338.9(4.45%),P:1e-10	Tpos:294.1,Tstd:187.3,Bpos:256.2,Bstd:155.6,StrandBias:-0.2,Multiplicity:1.06
0.001	0.063	0.001	0.935
0.001	0.001	0.997	0.001
0.226	0.467	0.001	0.306
0.001	0.997	0.001	0.001
0.001	0.212	0.786	0.001
0.997	0.001	0.001	0.001
0.001	0.997	0.001	0.001
0.001	0.245	0.001	0.753
>GAGMCCAT	23-GAGMCCAT	8.653075	-23.549778	0	T:32.0(16.00%),B:4009.0(4.11%),P:1e-10	Tpos:283.9,Tstd:231.5,Bpos:261.2,Bstd:156.1,StrandBias:1.3,Multiplicity:1.06
0.001	0.001	0.997	0.001
0.618	0.380	0.001	0.001
0.001	0.143	0.855	0.001
0.455	0.543	0.001	0.001
0.001	0.997	0.001	0.001
0.001	0.698	0.300	0.001
0.848	0.001	0.001	0.150
0.001	0.001	0.156	0.842
>TGARGKGC	24-TGARGKGC	9.645964	-22.772964	0	T:38.0(19.00%),B:5692.7(5.84%),P:1e-9	Tpos:328.1,Tstd:249.7,Bpos:254.0,Bstd:162.6,StrandBias:0.2,Multiplicity:1.30
0.001	0.001	0.001	0.997
0.001	0.001	0.997	0.001
0.997	0.001	0.001	0.001
0.521	0.001	0.477	0.001
0.001	0.001	0.997	0.001
0.001	0.001	0.461	0.537
0.001	0.001	0.997	0.001
0.001	0.997	0.001	0.001
>GGARSATC	25-GGARSATC	8.434877	-21.554690	0	T:36.0(18.00%),B:5395.2(5.54%),P:1e-9	Tpos:282.0,Tstd:234.0,Bpos:256.7,Bstd:153.8,StrandBias:0.1,Multiplicity:1.26
0.048	0.001	0.846	0.105
0.001	0.099	0.792	0.108
0.742	0.168	0.089	0.001
0.382	0.100	0.486	0.032
0.138	0.460	0.326	0.075
0.968	0.030	0.001	0.001
0.001	0.001	0.030	0.968
0.046	0.952	0.001	0.001
