>TCACACCT	1-TCACACCT	4.167640	-165.098691	0	T:142.0(71.00%),B:14179.8(14.55%),P:1e-71	Tpos:321.8,Tstd:199.9,Bpos:256.5,Bstd:164.0,StrandBias:0.9,Multiplicity:2.35
0.001	0.001	0.001	0.997
0.039	0.832	0.086	0.043
0.996	0.001	0.002	0.001
0.001	0.997	0.001	0.001
0.997	0.001	0.001	0.001
0.001	0.997	0.001	0.001
0.001	0.997	0.001	0.001
0.001	0.393	0.005	0.601
>CCAAATGG	2-CCAAATGG	11.054209	-77.971980	0	T:46.0(23.00%),B:1943.7(1.99%),P:1e-33	Tpos:249.9,Tstd:186.1,Bpos:258.4,Bstd:147.2,StrandBias:0.5,Multiplicity:1.04
0.001	0.997	0.001	0.001
0.001	0.997	0.001	0.001
0.997	0.001	0.001	0.001
0.997	0.001	0.001	0.001
0.997	0.001	0.001	0.001
0.001	0.013	0.001	0.985
0.001	0.001	0.997	0.001
0.001	0.001	0.997	0.001
>CGACACCT	3-CGACACCT	5.325939	-77.869039	0	T:172.0(86.00%),B:43148.5(44.28%),P:1e-33	Tpos:313.2,Tstd:211.3,Bpos:257.0,Bstd:160.9,StrandBias:0.2,Multiplicity:1.70
0.050	0.639	0.002	0.309
0.066	0.059	0.810	0.065
0.730	0.072	0.099	0.099
0.074	0.758	0.133	0.035
0.759	0.143	0.061	0.037
0.060	0.779	0.048	0.113
0.124	0.744	0.020	0.112
0.105	0.059	0.043	0.793
>TGACGCCT	4-TGACGCCT	5.770538	-75.405689	0	T:71.0(35.50%),B:6327.2(6.49%),P:1e-32	Tpos:278.7,Tstd:188.7,Bpos:259.2,Bstd:155.9,StrandBias:-0.3,Multiplicity:1.35
0.001	0.001	0.001	0.997
0.009	0.001	0.878	0.112
0.856	0.001	0.123	0.020
0.001	0.997	0.001	0.001
0.046	0.001	0.952	0.001
0.001	0.997	0.001	0.001
0.001	0.997	0.001	0.001
0.001	0.001	0.001	0.997
>GAATTATA	5-GAATTATA	8.236954	-56.761947	0	T:28.0(14.00%),B:818.5(0.84%),P:1e-24	Tpos:295.9,Tstd:202.9,Bpos:256.3,Bstd:151.8,StrandBias:0.2,Multiplicity:1.14
0.100	0.100	0.700	0.100
0.700	0.100	0.100	0.100
0.700	0.100	0.100	0.100
0.100	0.100	0.100	0.700
0.100	0.100	0.100	0.700
0.700	0.100	0.100	0.100
0.100	0.100	0.100	0.700
0.700	0.100	0.100	0.100
>TTTACAGC	6-TTTACAGC	10.656833	-49.601571	0	T:32.0(16.00%),B:1558.3(1.60%),P:1e-21	Tpos:269.0,Tstd:182.6,Bpos:256.7,Bstd:152.4,StrandBias:-0.1,Multiplicity:1.03
0.001	0.001	0.001	0.997
0.001	0.001	0.001	0.997
0.057	0.001	0.280	0.662
0.997	0.001	0.001	0.001
0.001	0.997	0.001	0.001
0.997	0.001	0.001	0.001
0.001	0.001	0.997	0.001
0.001	0.997	0.001	0.001
>GTGCGAAC	7-GTGCGAAC	7.003667	-48.361200	0	T:71.0(35.50%),B:9957.7(10.22%),P:1e-21	Tpos:266.5,Tstd:174.5,Bpos:256.5,Bstd:162.1,StrandBias:0.4,Multiplicity:1.36
0.001	0.001	0.997	0.001
0.001	0.001	0.001	0.997
0.001	0.001	0.997	0.001
0.367	0.631	0.001	0.001
0.001	0.057	0.814	0.128
0.997	0.001	0.001	0.001
0.997	0.001	0.001	0.001
0.183	0.815	0.001	0.001
>TAGCACGA	8-TAGCACGA	8.236954	-47.366080	0	T:16.0(8.00%),B:182.4(0.19%),P:1e-20	Tpos:302.2,Tstd:193.1,Bpos:261.0,Bstd:146.4,StrandBias:0.0,Multiplicity:1.00
0.100	0.100	0.100	0.700
0.700	0.100	0.100	0.100
0.100	0.100	0.700	0.100
0.100	0.700	0.100	0.100
0.700	0.100	0.100	0.100
0.100	0.700	0.100	0.100
0.100	0.100	0.700	0.100
0.700	0.100	0.100	0.100
>TCCCTATY	9-TCCCTATY	10.353930	-40.507831	0	T:34.0(17.00%),B:2469.0(2.53%),P:1e-17	Tpos:296.4,Tstd:188.0,Bpos:259.1,Bstd:152.1,StrandBias:0.2,Multiplicity:1.65
0.001	0.001	0.001	0.997
0.001	0.997	0.001	0.001
0.001	0.997	0.001	0.001
0.001	0.997	0.001	0.001
0.001	0.001	0.001	0.997
0.997	0.001	0.001	0.001
0.001	0.001	0.001	0.997
0.001	0.489	0.001	0.509
>CGTGTTAG	10-CGTGTTAG	6.449495	-39.586104	0	T:71.0(35.50%),B:11671.7(11.98%),P:1e-17	Tpos:356.1,Tstd:253.0,Bpos:257.5,Bstd:162.0,StrandBias:0.7,Multiplicity:1.48
0.149	0.547	0.096	0.208
0.131	0.098	0.653	0.118
0.082	0.050	0.023	0.845
0.037	0.064	0.845	0.054
0.088	0.094	0.020	0.798
0.043	0.123	0.077	0.757
0.854	0.023	0.051	0.072
0.097	0.100	0.721	0.082
>CAATCTCC	11-CAATCTCC	8.236954	-39.009339	0	T:27.0(13.50%),B:1476.5(1.52%),P:1e-16	Tpos:288.4,Tstd:185.2,Bpos:257.6,Bstd:149.8,StrandBias:0.5,Multiplicity:1.00
0.100	0.700	0.100	0.100
0.700	0.100	0.100	0.100
0.700	0.100	0.100	0.100
0.100	0.100	0.100	0.700
0.100	0.700	0.100	0.100
0.100	0.100	0.100	0.700
0.100	0.700	0.100	0.100
0.100	0.700	0.100	0.100
>GACGTCGG	12-GACGTCGG	8.394237	-35.043721	0	T:18.0(9.00%),B:581.8(0.60%),P:1e-15	Tpos:319.1,Tstd:207.6,Bpos:254.4,Bstd:150.3,StrandBias:1.0,Multiplicity:1.00
0.001	0.001	0.997	0.001
0.997	0.001	0.001	0.001
0.001	0.997	0.001	0.001
0.001	0.001	0.690	0.308
0.001	0.315	0.158	0.526
0.001	0.997	0.001	0.001
0.001	0.374	0.624	0.001
0.001	0.158	0.840	0.001
>AGCGTGTC	13-AGCGTGTC	8.762959	-34.506231	0	T:40.0(20.00%),B:4289.3(4.40%),P:1e-14	Tpos:295.9,Tstd:240.1,Bpos:255.2,Bstd:159.4,StrandBias:-0.1,Multiplicity:1.00
0.997	0.001	0.001	0.001
0.001	0.001	0.997	0.001
0.356	0.642	0.001	0.001
0.001	0.001	0.997	0.001
0.001	0.001	0.001	0.997
0.001	0.001	0.997	0.001
0.001	0.279	0.001	0.719
0.001	0.997	0.001	0.001
>CTTKGAWG	14-CTTKGAWG	7.687167	-34.094667	0	T:74.0(37.00%),B:13934.0(14.30%),P:1e-14	Tpos:286.6,Tstd:191.5,Bpos:255.2,Bstd:157.5,StrandBias:0.1,Multiplicity:1.10
0.253	0.675	0.001	0.071
0.001	0.001	0.110	0.888
0.001	0.122	0.001	0.876
0.168	0.001	0.469	0.362
0.001	0.001	0.997	0.001
0.960	0.001	0.001	0.038
0.495	0.071	0.001	0.432
0.048	0.096	0.796	0.060
>GTCCCCTC	15-GTCCCCTC	8.236954	-33.900795	0	T:31.0(15.50%),B:2519.0(2.59%),P:1e-14	Tpos:259.4,Tstd:189.7,Bpos:257.8,Bstd:158.0,StrandBias:0.5,Multiplicity:1.00
0.100	0.100	0.700	0.100
0.100	0.100	0.100	0.700
0.100	0.700	0.100	0.100
0.100	0.700	0.100	0.100
0.100	0.700	0.100	0.100
0.100	0.700	0.100	0.100
0.100	0.100	0.100	0.700
0.100	0.700	0.100	0.100
>GAGATAAG	16-GAGATAAG	7.920362	-30.436960	0	T:33.0(16.50%),B:3282.7(3.37%),P:1e-13	Tpos:251.8,Tstd:199.6,Bpos:252.8,Bstd:157.0,StrandBias:0.2,Multiplicity:1.15
0.107	0.001	0.891	0.001
0.950	0.048	0.001	0.001
0.001	0.001	0.997	0.001
0.997	0.001	0.001	0.001
0.001	0.001	0.001	0.997
0.997	0.001	0.001	0.001
0.997	0.001	0.001	0.001
0.001	0.001	0.997	0.001
>CTCATGTC	17-CTCATGTC	8.236954	-30.153690	0	T:27.0(13.50%),B:2138.9(2.20%),P:1e-13	Tpos:299.4,Tstd:216.0,Bpos:249.2,Bstd:155.7,StrandBias:0.2,Multiplicity:1.26
0.100	0.700	0.100	0.100
0.100	0.100	0.100	0.700
0.100	0.700	0.100	0.100
0.700	0.100	0.100	0.100
0.100	0.100	0.100	0.700
0.100	0.100	0.700	0.100
0.100	0.100	0.100	0.700
0.100	0.700	0.100	0.100
>AAGGCTGT	18-AAGGCTGT	7.528863	-28.577575	0	T:34.0(17.00%),B:3736.4(3.83%),P:1e-12	Tpos:317.8,Tstd:216.0,Bpos:253.4,Bstd:160.7,StrandBias:0.5,Multiplicity:1.00
0.997	0.001	0.001	0.001
0.969	0.029	0.001	0.001
0.001	0.001	0.997	0.001
0.001	0.001	0.997	0.001
0.001	0.997	0.001	0.001
0.001	0.001	0.001	0.997
0.001	0.001	0.997	0.001
0.001	0.001	0.001	0.997
>CGTCCTGA	19-CGTCCTGA	8.514477	-28.279072	0	T:46.0(23.00%),B:6780.9(6.96%),P:1e-12	Tpos:310.1,Tstd:233.0,Bpos:256.3,Bstd:159.2,StrandBias:0.1,Multiplicity:1.14
0.001	0.997	0.001	0.001
0.001	0.001	0.758	0.240
0.211	0.157	0.001	0.631
0.001	0.997	0.001	0.001
0.275	0.723	0.001	0.001
0.001	0.001	0.001	0.997
0.001	0.103	0.895	0.001
0.997	0.001	0.001	0.001
>CTTTGTTC	20-CTTTGTTC	9.269789	-28.043934	0	T:38.0(19.00%),B:4751.3(4.88%),P:1e-12	Tpos:373.4,Tstd:254.6,Bpos:254.3,Bstd:156.6,StrandBias:0.3,Multiplicity:1.11
0.001	0.997	0.001	0.001
0.001	0.001	0.001	0.997
0.001	0.001	0.001	0.997
0.001	0.001	0.001	0.997
0.001	0.001	0.997	0.001
0.001	0.001	0.082	0.916
0.001	0.001	0.001	0.997
0.180	0.818	0.001	0.001
>NGTGTGAN	21-NGTGTGAN	5.118986	-24.668102	0	T:51.0(25.50%),B:9025.8(9.26%),P:1e-10	Tpos:294.5,Tstd:206.7,Bpos:260.8,Bstd:172.0,StrandBias:0.7,Multiplicity:1.55
0.317	0.196	0.254	0.233
0.114	0.165	0.662	0.059
0.067	0.136	0.242	0.555
0.202	0.183	0.534	0.081
0.117	0.174	0.168	0.541
0.102	0.194	0.531	0.173
0.646	0.093	0.162	0.099
0.221	0.217	0.269	0.293
>TGCCGACT	22-TGCCGACT	8.179661	-24.528673	0	T:34.0(17.00%),B:4338.9(4.45%),P:1e-10	Tpos:294.1,Tstd:187.3,Bpos:256.2,Bstd:155.6,StrandBias:-0.2,Multiplicity:1.06
0.001	0.063	0.001	0.935
0.001	0.001	0.997	0.001
0.226	0.467	0.001	0.306
0.001	0.997	0.001	0.001
0.001	0.212	0.786	0.001
0.997	0.001	0.001	0.001
0.001	0.997	0.001	0.001
0.001	0.245	0.001	0.753
>GAGMCCAT	23-GAGMCCAT	8.653075	-23.549778	0	T:32.0(16.00%),B:4009.0(4.11%),P:1e-10	Tpos:283.9,Tstd:231.5,Bpos:261.2,Bstd:156.1,StrandBias:1.3,Multiplicity:1.06
0.001	0.001	0.997	0.001
0.618	0.380	0.001	0.001
0.001	0.143	0.855	0.001
0.455	0.543	0.001	0.001
0.001	0.997	0.001	0.001
0.001	0.698	0.300	0.001
0.848	0.001	0.001	0.150
0.001	0.001	0.156	0.842
>TGARGKGC	24-TGARGKGC	9.645964	-22.772964	0	T:38.0(19.00%),B:5692.7(5.84%),P:1e-9	Tpos:328.1,Tstd:249.7,Bpos:254.0,Bstd:162.6,StrandBias:0.2,Multiplicity:1.30
0.001	0.001	0.001	0.997
0.001	0.001	0.997	0.001
0.997	0.001	0.001	0.001
0.521	0.001	0.477	0.001
0.001	0.001	0.997	0.001
0.001	0.001	0.461	0.537
0.001	0.001	0.997	0.001
0.001	0.997	0.001	0.001
>GGARSATC	25-GGARSATC	8.434877	-21.554690	0	T:36.0(18.00%),B:5395.2(5.54%),P:1e-9	Tpos:282.0,Tstd:234.0,Bpos:256.7,Bstd:153.8,StrandBias:0.1,Multiplicity:1.26
0.048	0.001	0.846	0.105
0.001	0.099	0.792	0.108
0.742	0.168	0.089	0.001
0.382	0.100	0.486	0.032
0.138	0.460	0.326	0.075
0.968	0.030	0.001	0.001
0.001	0.001	0.030	0.968
0.046	0.952	0.001	0.001
