>TTTATAAACACA	6-TGTGTTTATAAA	9.021012	-19.358473	0	T:32.0(17.30%),B:5282.8(5.31%),P:1e-8
0.097	0.141	0.001	0.761
0.139	0.055	0.039	0.767
0.041	0.020	0.116	0.823
0.830	0.111	0.058	0.001
0.078	0.001	0.042	0.879
0.702	0.096	0.106	0.096
0.899	0.001	0.061	0.039
0.835	0.001	0.106	0.058
0.047	0.917	0.001	0.035
0.742	0.001	0.191	0.066
0.036	0.924	0.006	0.034
0.934	0.001	0.001	0.064
