>TGTGTTTATAAA	6-TGTGTTTATAAA,BestGuess:Foxf1(Forkhead)/Lung-Foxf1-ChIP-Seq(GSE77951)/Homer(0.746)	9.021012	-19.358473	0	T:32.0(17.30%),B:5282.8(5.31%),P:1e-8
0.064	0.001	0.001	0.934
0.034	0.006	0.924	0.036
0.066	0.191	0.001	0.742
0.035	0.001	0.917	0.047
0.058	0.106	0.001	0.835
0.039	0.061	0.001	0.899
0.096	0.106	0.096	0.702
0.879	0.042	0.001	0.078
0.001	0.058	0.111	0.830
0.823	0.116	0.020	0.041
0.767	0.039	0.055	0.139
0.761	0.001	0.141	0.097
