>GAGTGATGGATG	1-GAGTGATGGATG	8.429498	-62.454779	0	T:63.0(34.05%),B:6703.6(6.73%),P:1e-27
0.052	0.223	0.656	0.069
0.659	0.090	0.116	0.135
0.073	0.083	0.616	0.228
0.149	0.014	0.111	0.726
0.051	0.038	0.846	0.065
0.892	0.039	0.024	0.045
0.056	0.003	0.115	0.826
0.054	0.049	0.758	0.139
0.077	0.106	0.771	0.046
0.823	0.092	0.044	0.041
0.125	0.091	0.077	0.707
0.045	0.116	0.724	0.115
