>CATCAATCATGG	2-CATCAATCATGG	7.136666	-52.118281	0	T:83.0(44.86%),B:14320.6(14.39%),P:1e-22
0.057	0.849	0.078	0.016
0.836	0.055	0.023	0.086
0.039	0.017	0.048	0.896
0.103	0.734	0.064	0.099
0.718	0.107	0.156	0.019
0.650	0.049	0.222	0.079
0.017	0.020	0.109	0.854
0.095	0.692	0.098	0.115
0.784	0.067	0.001	0.148
0.197	0.103	0.055	0.645
0.161	0.092	0.657	0.090
0.124	0.102	0.689	0.085
