>GTTGTAAAGCAG	3-GTTGTAAAGCAG	8.007164	-63.614897	0	T:126.0(26.47%),B:4470.6(9.06%),P:1e-27
0.098	0.074	0.779	0.049
0.001	0.159	0.001	0.839
0.112	0.096	0.093	0.699
0.191	0.090	0.650	0.069
0.059	0.126	0.070	0.745
0.896	0.001	0.001	0.102
0.767	0.033	0.001	0.199
0.752	0.001	0.149	0.098
0.126	0.052	0.515	0.307
0.264	0.463	0.122	0.151
0.936	0.001	0.001	0.062
0.283	0.098	0.549	0.070
