>GCAATAAAGCAN	1-GCAATAAAGCAN	8.414676	-116.401786	0	T:152.0(31.93%),B:3930.8(7.96%),P:1e-50
0.025	0.099	0.742	0.134
0.001	0.959	0.001	0.039
0.689	0.160	0.001	0.150
0.706	0.020	0.208	0.066
0.001	0.094	0.022	0.883
0.976	0.001	0.001	0.022
0.973	0.025	0.001	0.001
0.933	0.001	0.001	0.065
0.178	0.001	0.586	0.235
0.052	0.599	0.348	0.001
0.614	0.051	0.001	0.334
0.315	0.216	0.263	0.207
