>AGGTCATAAAAG	14-AGGTCATAAAAG	8.468670	-43.158949	0	T:75.0(15.76%),B:2354.7(4.77%),P:1e-18
0.758	0.041	0.082	0.119
0.057	0.061	0.761	0.121
0.020	0.161	0.818	0.001
0.138	0.158	0.048	0.656
0.105	0.627	0.118	0.150
0.625	0.138	0.161	0.076
0.065	0.183	0.042	0.710
0.917	0.001	0.001	0.081
0.869	0.001	0.065	0.065
0.787	0.040	0.001	0.172
0.686	0.204	0.086	0.024
0.080	0.126	0.792	0.002
