>ACTWNTCTAAGT	24-ACTTAGANWAGT	10.313565	-26.610453	0	T:26.0(5.46%),B:474.0(0.96%),P:1e-11
0.739	0.001	0.001	0.259
0.205	0.769	0.025	0.001
0.170	0.001	0.001	0.828
0.426	0.001	0.001	0.572
0.315	0.166	0.226	0.294
0.109	0.001	0.001	0.889
0.001	0.674	0.001	0.324
0.144	0.001	0.001	0.854
0.792	0.206	0.001	0.001
0.871	0.001	0.001	0.127
0.139	0.001	0.736	0.124
0.001	0.204	0.200	0.595
