>AGCAATAAACTC	2-AGCAATAAACTC	6.579499	-100.483296	0	T:264.0(55.46%),B:12493.4(25.31%),P:1e-43
0.755	0.045	0.111	0.089
0.142	0.066	0.763	0.029
0.060	0.879	0.038	0.023
0.775	0.127	0.001	0.097
0.884	0.044	0.060	0.012
0.001	0.087	0.016	0.896
0.884	0.001	0.015	0.100
0.929	0.001	0.069	0.001
0.941	0.029	0.001	0.029
0.152	0.719	0.062	0.067
0.053	0.140	0.016	0.791
0.078	0.786	0.099	0.037
