>ACTTAGANWAGT	24-ACTTAGANWAGT,BestGuess:GATA1/MA0035.4/Jaspar(0.699)	10.313565	-26.610453	0	T:26.0(5.46%),B:474.0(0.96%),P:1e-11
0.595	0.200	0.204	0.001
0.124	0.736	0.001	0.139
0.127	0.001	0.001	0.871
0.001	0.001	0.206	0.792
0.854	0.001	0.001	0.144
0.324	0.001	0.674	0.001
0.889	0.001	0.001	0.109
0.294	0.226	0.166	0.315
0.572	0.001	0.001	0.426
0.828	0.001	0.001	0.170
0.001	0.025	0.769	0.205
0.259	0.001	0.001	0.739
