>CTTTGACACCTC	12-CTTTGACACCTC	7.911243	-80.295677	0	T:72.0(36.00%),B:6181.7(6.21%),P:1e-34
0.144	0.593	0.141	0.122
0.072	0.119	0.061	0.748
0.001	0.161	0.129	0.709
0.039	0.085	0.024	0.852
0.122	0.234	0.602	0.042
0.786	0.102	0.023	0.089
0.047	0.883	0.042	0.028
0.868	0.036	0.015	0.081
0.016	0.837	0.077	0.070
0.029	0.861	0.036	0.074
0.079	0.163	0.020	0.738
0.123	0.527	0.107	0.243
