>GATGTCAKGRGA	17-TCYCMTGACATC	9.378470	-60.647566	0	T:26.0(13.00%),B:564.7(0.57%),P:1e-26
0.134	0.328	0.485	0.053
0.705	0.063	0.202	0.030
0.082	0.130	0.132	0.656
0.053	0.001	0.922	0.024
0.137	0.054	0.110	0.699
0.158	0.788	0.001	0.053
0.660	0.078	0.232	0.030
0.157	0.053	0.357	0.433
0.001	0.380	0.566	0.053
0.353	0.159	0.460	0.028
0.031	0.001	0.832	0.136
0.800	0.106	0.093	0.001
