>NAGGTGTGATTN	20-NAGGTGTGATTN	6.698955	-49.458755	0	T:60.0(30.00%),B:7061.1(7.10%),P:1e-21
0.256	0.198	0.342	0.203
0.690	0.058	0.116	0.136
0.165	0.073	0.639	0.123
0.157	0.148	0.586	0.109
0.117	0.059	0.109	0.715
0.083	0.114	0.709	0.094
0.120	0.069	0.107	0.704
0.110	0.146	0.623	0.121
0.629	0.127	0.082	0.162
0.197	0.134	0.115	0.554
0.149	0.097	0.153	0.601
0.223	0.211	0.254	0.312
