>CAGGAAGAGAAW	7-CAGGAAGAGAAW	11.035135	-105.494388	0	T:29.0(14.50%),B:166.5(0.17%),P:1e-45
0.104	0.522	0.173	0.201
0.747	0.001	0.001	0.251
0.024	0.025	0.855	0.096
0.078	0.001	0.777	0.144
0.764	0.060	0.175	0.001
0.816	0.017	0.069	0.098
0.196	0.055	0.707	0.042
0.538	0.034	0.264	0.164
0.137	0.215	0.562	0.086
0.809	0.136	0.036	0.019
0.547	0.076	0.001	0.376
0.352	0.045	0.164	0.438
