>TTCTTCGCACCT	18-TTCTTCGCACCT	10.322991	-59.530891	0	T:23.0(11.50%),B:384.5(0.39%),P:1e-25
0.168	0.149	0.041	0.642
0.042	0.039	0.080	0.839
0.077	0.712	0.145	0.066
0.030	0.081	0.001	0.888
0.001	0.053	0.106	0.840
0.134	0.589	0.171	0.106
0.225	0.133	0.488	0.155
0.038	0.841	0.071	0.050
0.808	0.070	0.060	0.062
0.020	0.802	0.112	0.066
0.038	0.721	0.001	0.240
0.082	0.014	0.071	0.833
