>GAGGTGTGAGCT	23-GAGGTGTGAGCT	7.880948	-26.487574	0	T:50.0(25.13%),B:8453.4(8.56%),P:1e-11
0.134	0.030	0.789	0.047
0.716	0.047	0.201	0.036
0.120	0.112	0.704	0.064
0.119	0.075	0.651	0.155
0.034	0.028	0.039	0.899
0.095	0.056	0.824	0.025
0.126	0.080	0.073	0.721
0.088	0.210	0.602	0.100
0.708	0.048	0.098	0.146
0.016	0.093	0.848	0.043
0.122	0.677	0.084	0.117
0.041	0.080	0.013	0.866
