>WRAGGTGTGAAA	3-WRAGGTGTGAAA	7.522831	-151.205050	0	T:135.0(67.84%),B:14010.8(14.18%),P:1e-65
0.384	0.088	0.232	0.296
0.432	0.095	0.344	0.129
0.687	0.001	0.256	0.056
0.075	0.037	0.860	0.028
0.001	0.084	0.914	0.001
0.043	0.001	0.163	0.793
0.055	0.013	0.931	0.001
0.089	0.001	0.121	0.789
0.087	0.099	0.726	0.088
0.921	0.001	0.077	0.001
0.622	0.012	0.287	0.079
0.530	0.099	0.290	0.081
