>GWAAATCACTCA	1-GWAAATCACTCA,BestGuess:WUS1(Homeobox)/colamp-WUS1-DAP-Seq(GSE60143)/Homer(0.697)	8.278990	-21.436916	0	T:15.0(51.72%),B:7613.2(7.65%),P:1e-9
0.100	0.178	0.721	0.001
0.494	0.157	0.001	0.348
0.811	0.148	0.040	0.001
0.896	0.058	0.045	0.001
0.823	0.084	0.092	0.001
0.126	0.086	0.001	0.787
0.147	0.662	0.096	0.095
0.855	0.047	0.046	0.052
0.056	0.737	0.045	0.162
0.102	0.223	0.045	0.630
0.107	0.802	0.090	0.001
0.788	0.047	0.061	0.104
