>GATTGATGNG	1-GATTGATGNG	7.158590	-81.806905	0	T:94.0(50.81%),B:12487.2(12.55%),P:1e-35	Tpos:375.7,Tstd:201.5,Bpos:366.5,Bstd:222.1,StrandBias:0.2,Multiplicity:1.28
0.026	0.068	0.854	0.052
0.923	0.001	0.001	0.075
0.047	0.255	0.167	0.531
0.137	0.001	0.155	0.707
0.140	0.130	0.687	0.043
0.997	0.001	0.001	0.001
0.021	0.028	0.043	0.908
0.053	0.184	0.576	0.187
0.282	0.182	0.287	0.249
0.259	0.187	0.430	0.124
>CATTAATCAC	2-CATTAATCAC	6.680844	-41.084547	0	T:95.0(51.35%),B:21738.2(21.84%),P:1e-17	Tpos:381.2,Tstd:220.7,Bpos:366.6,Bstd:229.8,StrandBias:0.1,Multiplicity:1.34
0.081	0.772	0.051	0.096
0.803	0.056	0.108	0.033
0.033	0.052	0.013	0.902
0.112	0.080	0.019	0.789
0.753	0.081	0.033	0.133
0.795	0.104	0.078	0.023
0.122	0.015	0.132	0.731
0.084	0.770	0.105	0.041
0.870	0.014	0.020	0.096
0.066	0.827	0.058	0.049
>TTCATTAGCA	3-TTCATTAGCA	8.701342	-33.678797	0	T:42.0(22.70%),B:5407.7(5.43%),P:1e-14	Tpos:383.3,Tstd:260.8,Bpos:369.0,Bstd:229.1,StrandBias:0.3,Multiplicity:1.05
0.116	0.200	0.178	0.506
0.055	0.001	0.001	0.943
0.203	0.678	0.071	0.048
0.958	0.040	0.001	0.001
0.001	0.001	0.001	0.997
0.001	0.001	0.045	0.953
0.872	0.001	0.001	0.126
0.243	0.038	0.681	0.038
0.001	0.943	0.055	0.001
0.623	0.170	0.001	0.206
>TTRTCAAAAC	4-TTRTCAAAAC	7.646281	-30.790172	0	T:76.0(41.08%),B:17366.7(17.45%),P:1e-13	Tpos:390.7,Tstd:247.8,Bpos:366.0,Bstd:228.1,StrandBias:-0.2,Multiplicity:1.30
0.001	0.360	0.045	0.594
0.001	0.001	0.001	0.997
0.455	0.001	0.543	0.001
0.203	0.001	0.191	0.605
0.313	0.493	0.193	0.001
0.622	0.150	0.001	0.227
0.919	0.001	0.079	0.001
0.967	0.001	0.001	0.031
0.673	0.001	0.155	0.171
0.108	0.825	0.001	0.066
>TGTTTACTCT	5-TGTTTACTCT	7.208372	-26.424990	0	T:75.0(40.54%),B:18472.0(18.56%),P:1e-11	Tpos:403.7,Tstd:268.2,Bpos:369.3,Bstd:224.1,StrandBias:0.2,Multiplicity:1.24
0.040	0.025	0.026	0.909
0.065	0.072	0.818	0.045
0.060	0.037	0.054	0.849
0.043	0.086	0.092	0.779
0.075	0.046	0.083	0.796
0.782	0.073	0.047	0.098
0.052	0.772	0.106	0.070
0.061	0.096	0.122	0.721
0.033	0.787	0.090	0.090
0.075	0.084	0.043	0.798
>TGAGAAAAAC	6-TGAGAAAAAC	9.855393	-26.267117	0	T:31.0(16.76%),B:3751.5(3.77%),P:1e-11	Tpos:427.4,Tstd:267.4,Bpos:371.0,Bstd:228.4,StrandBias:0.7,Multiplicity:1.07
0.031	0.001	0.057	0.911
0.062	0.056	0.698	0.184
0.997	0.001	0.001	0.001
0.001	0.069	0.929	0.001
0.997	0.001	0.001	0.001
0.860	0.080	0.059	0.001
0.997	0.001	0.001	0.001
0.906	0.046	0.047	0.001
0.884	0.064	0.051	0.001
0.001	0.869	0.129	0.001
>CTGGCCTGTG	7-CTGGCCTGTG	8.109867	-22.724619	0	T:56.0(30.27%),B:12405.2(12.46%),P:1e-9	Tpos:410.9,Tstd:271.5,Bpos:366.9,Bstd:228.9,StrandBias:0.1,Multiplicity:1.21
0.001	0.958	0.001	0.040
0.147	0.001	0.001	0.851
0.063	0.001	0.889	0.047
0.040	0.121	0.759	0.080
0.001	0.943	0.023	0.033
0.054	0.944	0.001	0.001
0.001	0.112	0.001	0.886
0.088	0.001	0.874	0.037
0.001	0.001	0.026	0.972
0.001	0.054	0.944	0.001
>TCGTCCATCT	8-TCGTCCATCT	10.707386	-22.399226	0	T:9.0(4.86%),B:196.2(0.20%),P:1e-9	Tpos:464.3,Tstd:233.7,Bpos:344.9,Bstd:221.6,StrandBias:0.3,Multiplicity:1.00
0.001	0.106	0.001	0.892
0.001	0.997	0.001	0.001
0.123	0.001	0.875	0.001
0.172	0.001	0.001	0.826
0.001	0.997	0.001	0.001
0.001	0.841	0.001	0.157
0.607	0.126	0.266	0.001
0.001	0.001	0.001	0.997
0.001	0.997	0.001	0.001
0.296	0.001	0.001	0.702
>CCTTTGATGT	9-CCTTTGATGT	10.170888	-21.603530	0	T:26.0(14.05%),B:3219.6(3.23%),P:1e-9	Tpos:370.9,Tstd:263.3,Bpos:363.1,Bstd:225.5,StrandBias:0.9,Multiplicity:1.00
0.001	0.857	0.072	0.070
0.071	0.927	0.001	0.001
0.001	0.001	0.001	0.997
0.001	0.064	0.001	0.934
0.001	0.001	0.080	0.918
0.001	0.001	0.932	0.066
0.929	0.001	0.069	0.001
0.066	0.001	0.070	0.863
0.001	0.156	0.785	0.058
0.001	0.085	0.001	0.913
>ACAGCGACTT	10-ACAGCGACTT	10.397370	-20.368113	0	T:13.0(7.03%),B:719.1(0.72%),P:1e-8	Tpos:385.5,Tstd:262.9,Bpos:364.2,Bstd:231.5,StrandBias:-0.2,Multiplicity:1.00
0.875	0.001	0.001	0.123
0.001	0.857	0.141	0.001
0.997	0.001	0.001	0.001
0.001	0.171	0.827	0.001
0.001	0.824	0.057	0.118
0.001	0.001	0.925	0.073
0.997	0.001	0.001	0.001
0.001	0.997	0.001	0.001
0.001	0.150	0.001	0.848
0.001	0.001	0.001	0.997
>AACACAGGCT	11-AACACAGGCT	8.910099	-18.811659	0	T:50.0(27.03%),B:11507.4(11.56%),P:1e-8	Tpos:385.7,Tstd:271.4,Bpos:365.2,Bstd:229.8,StrandBias:-0.1,Multiplicity:1.15
0.907	0.001	0.006	0.086
0.946	0.052	0.001	0.001
0.328	0.608	0.001	0.063
0.976	0.001	0.001	0.022
0.001	0.978	0.001	0.020
0.943	0.001	0.001	0.055
0.165	0.210	0.469	0.157
0.201	0.209	0.418	0.173
0.001	0.937	0.061	0.001
0.339	0.051	0.001	0.609
>AGGAACCATT	12-AGGAACCATT	8.843859	-16.972325	0	T:36.0(19.46%),B:7151.9(7.19%),P:1e-7	Tpos:363.0,Tstd:258.7,Bpos:367.1,Bstd:219.3,StrandBias:-0.2,Multiplicity:1.14
0.995	0.001	0.001	0.003
0.056	0.001	0.888	0.055
0.100	0.003	0.896	0.001
0.943	0.001	0.055	0.001
0.596	0.062	0.196	0.146
0.181	0.500	0.109	0.210
0.164	0.686	0.149	0.001
0.997	0.001	0.001	0.001
0.047	0.204	0.058	0.691
0.001	0.001	0.001	0.997
>GCTTGTTTTT	13-GCTTGTTTTT	10.802892	-16.077619	0	T:18.0(9.73%),B:2102.4(2.11%),P:1e-6	Tpos:328.8,Tstd:137.7,Bpos:365.6,Bstd:231.9,StrandBias:0.1,Multiplicity:1.17
0.001	0.001	0.997	0.001
0.001	0.726	0.186	0.087
0.001	0.001	0.001	0.997
0.001	0.001	0.001	0.997
0.125	0.034	0.840	0.001
0.001	0.001	0.001	0.997
0.001	0.219	0.001	0.779
0.001	0.001	0.077	0.921
0.001	0.034	0.234	0.731
0.001	0.001	0.001	0.997
>TCTAAGGCAG	14-TCTAAGGCAG	9.305059	-13.863735	0	T:23.0(12.43%),B:3847.1(3.87%),P:1e-6	Tpos:368.7,Tstd:257.6,Bpos:366.0,Bstd:230.3,StrandBias:0.2,Multiplicity:1.18
0.001	0.001	0.001	0.997
0.094	0.847	0.001	0.058
0.036	0.042	0.001	0.921
0.775	0.001	0.223	0.001
0.770	0.161	0.068	0.001
0.001	0.001	0.997	0.001
0.001	0.001	0.934	0.064
0.057	0.830	0.001	0.112
0.997	0.001	0.001	0.001
0.080	0.001	0.918	0.001
>TTCTGAAGCA	15-TTCTGAAGCA	10.296193	-13.524924	0	T:8.0(4.32%),B:414.0(0.42%),P:1e-5	Tpos:473.0,Tstd:274.2,Bpos:366.4,Bstd:225.0,StrandBias:1.6,Multiplicity:1.00
0.100	0.100	0.100	0.700
0.100	0.100	0.100	0.700
0.100	0.700	0.100	0.100
0.100	0.100	0.100	0.700
0.100	0.100	0.700	0.100
0.700	0.100	0.100	0.100
0.700	0.100	0.100	0.100
0.100	0.100	0.700	0.100
0.100	0.700	0.100	0.100
0.700	0.100	0.100	0.100
>AAATTACTCA	16-AAATTACTCA	11.526168	-10.532234	0	T:8.0(4.32%),B:626.6(0.63%),P:1e-4	Tpos:354.5,Tstd:182.4,Bpos:381.9,Bstd:242.1,StrandBias:3.6,Multiplicity:1.62
0.987	0.001	0.011	0.001
0.997	0.001	0.001	0.001
0.997	0.001	0.001	0.001
0.001	0.001	0.001	0.997
0.001	0.418	0.001	0.580
0.997	0.001	0.001	0.001
0.001	0.997	0.001	0.001
0.001	0.001	0.001	0.997
0.001	0.804	0.001	0.194
0.886	0.001	0.001	0.112
>AAWCCCCCTG	17-AAWCCCCCTG	7.684897	-3.984524	0	T:31.0(16.76%),B:11351.9(11.40%),P:1e-1	Tpos:332.6,Tstd:266.7,Bpos:366.3,Bstd:221.6,StrandBias:1.2,Multiplicity:1.33
0.536	0.306	0.157	0.001
0.754	0.006	0.236	0.004
0.415	0.019	0.001	0.565
0.001	0.972	0.001	0.026
0.146	0.852	0.001	0.001
0.001	0.997	0.001	0.001
0.024	0.973	0.001	0.002
0.201	0.767	0.001	0.031
0.001	0.001	0.001	0.997
0.001	0.160	0.838	0.001
>AAAGAAAAGA	18-AAAGAAAAGA	7.565082	-2.539815	0	T:12.0(6.49%),B:4071.3(4.09%),P:1e-1	Tpos:629.1,Tstd:151.1,Bpos:363.8,Bstd:220.0,StrandBias:2.1,Multiplicity:3.00
0.997	0.001	0.001	0.001
0.997	0.001	0.001	0.001
0.997	0.001	0.001	0.001
0.001	0.001	0.997	0.001
0.935	0.001	0.001	0.063
0.931	0.001	0.001	0.067
0.968	0.030	0.001	0.001
0.997	0.001	0.001	0.001
0.001	0.001	0.997	0.001
0.997	0.001	0.001	0.001
