>GATTGATGNG	1-GATTGATGNG	7.158590	-81.806905	0	T:94.0(50.81%),B:12487.2(12.55%),P:1e-35	Tpos:375.7,Tstd:201.5,Bpos:366.5,Bstd:222.1,StrandBias:0.2,Multiplicity:1.28
0.026	0.068	0.854	0.052
0.923	0.001	0.001	0.075
0.047	0.255	0.167	0.531
0.137	0.001	0.155	0.707
0.140	0.130	0.687	0.043
0.997	0.001	0.001	0.001
0.021	0.028	0.043	0.908
0.053	0.184	0.576	0.187
0.282	0.182	0.287	0.249
0.259	0.187	0.430	0.124
>CATTAATCAC	2-CATTAATCAC	6.680844	-41.084547	0	T:95.0(51.35%),B:21738.2(21.84%),P:1e-17	Tpos:381.2,Tstd:220.7,Bpos:366.6,Bstd:229.8,StrandBias:0.1,Multiplicity:1.34
0.081	0.772	0.051	0.096
0.803	0.056	0.108	0.033
0.033	0.052	0.013	0.902
0.112	0.080	0.019	0.789
0.753	0.081	0.033	0.133
0.795	0.104	0.078	0.023
0.122	0.015	0.132	0.731
0.084	0.770	0.105	0.041
0.870	0.014	0.020	0.096
0.066	0.827	0.058	0.049
>TTCATTAGCA	3-TTCATTAGCA	8.701342	-33.678797	0	T:42.0(22.70%),B:5407.7(5.43%),P:1e-14	Tpos:383.3,Tstd:260.8,Bpos:369.0,Bstd:229.1,StrandBias:0.3,Multiplicity:1.05
0.116	0.200	0.178	0.506
0.055	0.001	0.001	0.943
0.203	0.678	0.071	0.048
0.958	0.040	0.001	0.001
0.001	0.001	0.001	0.997
0.001	0.001	0.045	0.953
0.872	0.001	0.001	0.126
0.243	0.038	0.681	0.038
0.001	0.943	0.055	0.001
0.623	0.170	0.001	0.206
>TTRTCAAAAC	4-TTRTCAAAAC	7.646281	-30.790172	0	T:76.0(41.08%),B:17366.7(17.45%),P:1e-13	Tpos:390.7,Tstd:247.8,Bpos:366.0,Bstd:228.1,StrandBias:-0.2,Multiplicity:1.30
0.001	0.360	0.045	0.594
0.001	0.001	0.001	0.997
0.455	0.001	0.543	0.001
0.203	0.001	0.191	0.605
0.313	0.493	0.193	0.001
0.622	0.150	0.001	0.227
0.919	0.001	0.079	0.001
0.967	0.001	0.001	0.031
0.673	0.001	0.155	0.171
0.108	0.825	0.001	0.066
>TGTTTACTCT	5-TGTTTACTCT	7.208372	-26.424990	0	T:75.0(40.54%),B:18472.0(18.56%),P:1e-11	Tpos:403.7,Tstd:268.2,Bpos:369.3,Bstd:224.1,StrandBias:0.2,Multiplicity:1.24
0.040	0.025	0.026	0.909
0.065	0.072	0.818	0.045
0.060	0.037	0.054	0.849
0.043	0.086	0.092	0.779
0.075	0.046	0.083	0.796
0.782	0.073	0.047	0.098
0.052	0.772	0.106	0.070
0.061	0.096	0.122	0.721
0.033	0.787	0.090	0.090
0.075	0.084	0.043	0.798
>TGAGAAAAAC	6-TGAGAAAAAC	9.855393	-26.267117	0	T:31.0(16.76%),B:3751.5(3.77%),P:1e-11	Tpos:427.4,Tstd:267.4,Bpos:371.0,Bstd:228.4,StrandBias:0.7,Multiplicity:1.07
0.031	0.001	0.057	0.911
0.062	0.056	0.698	0.184
0.997	0.001	0.001	0.001
0.001	0.069	0.929	0.001
0.997	0.001	0.001	0.001
0.860	0.080	0.059	0.001
0.997	0.001	0.001	0.001
0.906	0.046	0.047	0.001
0.884	0.064	0.051	0.001
0.001	0.869	0.129	0.001
>CTGGCCTGTG	7-CTGGCCTGTG	8.109867	-22.724619	0	T:56.0(30.27%),B:12405.2(12.46%),P:1e-9	Tpos:410.9,Tstd:271.5,Bpos:366.9,Bstd:228.9,StrandBias:0.1,Multiplicity:1.21
0.001	0.958	0.001	0.040
0.147	0.001	0.001	0.851
0.063	0.001	0.889	0.047
0.040	0.121	0.759	0.080
0.001	0.943	0.023	0.033
0.054	0.944	0.001	0.001
0.001	0.112	0.001	0.886
0.088	0.001	0.874	0.037
0.001	0.001	0.026	0.972
0.001	0.054	0.944	0.001
>TCGTCCATCT	8-TCGTCCATCT	10.707386	-22.399226	0	T:9.0(4.86%),B:196.2(0.20%),P:1e-9	Tpos:464.3,Tstd:233.7,Bpos:344.9,Bstd:221.6,StrandBias:0.3,Multiplicity:1.00
0.001	0.106	0.001	0.892
0.001	0.997	0.001	0.001
0.123	0.001	0.875	0.001
0.172	0.001	0.001	0.826
0.001	0.997	0.001	0.001
0.001	0.841	0.001	0.157
0.607	0.126	0.266	0.001
0.001	0.001	0.001	0.997
0.001	0.997	0.001	0.001
0.296	0.001	0.001	0.702
>CCTTTGATGT	9-CCTTTGATGT	10.170888	-21.603530	0	T:26.0(14.05%),B:3219.6(3.23%),P:1e-9	Tpos:370.9,Tstd:263.3,Bpos:363.1,Bstd:225.5,StrandBias:0.9,Multiplicity:1.00
0.001	0.857	0.072	0.070
0.071	0.927	0.001	0.001
0.001	0.001	0.001	0.997
0.001	0.064	0.001	0.934
0.001	0.001	0.080	0.918
0.001	0.001	0.932	0.066
0.929	0.001	0.069	0.001
0.066	0.001	0.070	0.863
0.001	0.156	0.785	0.058
0.001	0.085	0.001	0.913
>ACAGCGACTT	10-ACAGCGACTT	10.397370	-20.368113	0	T:13.0(7.03%),B:719.1(0.72%),P:1e-8	Tpos:385.5,Tstd:262.9,Bpos:364.2,Bstd:231.5,StrandBias:-0.2,Multiplicity:1.00
0.875	0.001	0.001	0.123
0.001	0.857	0.141	0.001
0.997	0.001	0.001	0.001
0.001	0.171	0.827	0.001
0.001	0.824	0.057	0.118
0.001	0.001	0.925	0.073
0.997	0.001	0.001	0.001
0.001	0.997	0.001	0.001
0.001	0.150	0.001	0.848
0.001	0.001	0.001	0.997
>AACACAGGCT	11-AACACAGGCT	8.910099	-18.811659	0	T:50.0(27.03%),B:11507.4(11.56%),P:1e-8	Tpos:385.7,Tstd:271.4,Bpos:365.2,Bstd:229.8,StrandBias:-0.1,Multiplicity:1.15
0.907	0.001	0.006	0.086
0.946	0.052	0.001	0.001
0.328	0.608	0.001	0.063
0.976	0.001	0.001	0.022
0.001	0.978	0.001	0.020
0.943	0.001	0.001	0.055
0.165	0.210	0.469	0.157
0.201	0.209	0.418	0.173
0.001	0.937	0.061	0.001
0.339	0.051	0.001	0.609
>AGGAACCATT	12-AGGAACCATT	8.843859	-16.972325	0	T:36.0(19.46%),B:7151.9(7.19%),P:1e-7	Tpos:363.0,Tstd:258.7,Bpos:367.1,Bstd:219.3,StrandBias:-0.2,Multiplicity:1.14
0.995	0.001	0.001	0.003
0.056	0.001	0.888	0.055
0.100	0.003	0.896	0.001
0.943	0.001	0.055	0.001
0.596	0.062	0.196	0.146
0.181	0.500	0.109	0.210
0.164	0.686	0.149	0.001
0.997	0.001	0.001	0.001
0.047	0.204	0.058	0.691
0.001	0.001	0.001	0.997
>GCTTGTTTTT	13-GCTTGTTTTT	10.802892	-16.077619	0	T:18.0(9.73%),B:2102.4(2.11%),P:1e-6	Tpos:328.8,Tstd:137.7,Bpos:365.6,Bstd:231.9,StrandBias:0.1,Multiplicity:1.17
0.001	0.001	0.997	0.001
0.001	0.726	0.186	0.087
0.001	0.001	0.001	0.997
0.001	0.001	0.001	0.997
0.125	0.034	0.840	0.001
0.001	0.001	0.001	0.997
0.001	0.219	0.001	0.779
0.001	0.001	0.077	0.921
0.001	0.034	0.234	0.731
0.001	0.001	0.001	0.997
>TCTAAGGCAG	14-TCTAAGGCAG	9.305059	-13.863735	0	T:23.0(12.43%),B:3847.1(3.87%),P:1e-6	Tpos:368.7,Tstd:257.6,Bpos:366.0,Bstd:230.3,StrandBias:0.2,Multiplicity:1.18
0.001	0.001	0.001	0.997
0.094	0.847	0.001	0.058
0.036	0.042	0.001	0.921
0.775	0.001	0.223	0.001
0.770	0.161	0.068	0.001
0.001	0.001	0.997	0.001
0.001	0.001	0.934	0.064
0.057	0.830	0.001	0.112
0.997	0.001	0.001	0.001
0.080	0.001	0.918	0.001
>TTCTGAAGCA	15-TTCTGAAGCA	10.296193	-13.524924	0	T:8.0(4.32%),B:414.0(0.42%),P:1e-5	Tpos:473.0,Tstd:274.2,Bpos:366.4,Bstd:225.0,StrandBias:1.6,Multiplicity:1.00
0.100	0.100	0.100	0.700
0.100	0.100	0.100	0.700
0.100	0.700	0.100	0.100
0.100	0.100	0.100	0.700
0.100	0.100	0.700	0.100
0.700	0.100	0.100	0.100
0.700	0.100	0.100	0.100
0.100	0.100	0.700	0.100
0.100	0.700	0.100	0.100
0.700	0.100	0.100	0.100
>AAATTACTCA	16-AAATTACTCA	11.526168	-10.532234	0	T:8.0(4.32%),B:626.6(0.63%),P:1e-4	Tpos:354.5,Tstd:182.4,Bpos:381.9,Bstd:242.1,StrandBias:3.6,Multiplicity:1.62
0.987	0.001	0.011	0.001
0.997	0.001	0.001	0.001
0.997	0.001	0.001	0.001
0.001	0.001	0.001	0.997
0.001	0.418	0.001	0.580
0.997	0.001	0.001	0.001
0.001	0.997	0.001	0.001
0.001	0.001	0.001	0.997
0.001	0.804	0.001	0.194
0.886	0.001	0.001	0.112
>AAWCCCCCTG	17-AAWCCCCCTG	7.684897	-3.984524	0	T:31.0(16.76%),B:11351.9(11.40%),P:1e-1	Tpos:332.6,Tstd:266.7,Bpos:366.3,Bstd:221.6,StrandBias:1.2,Multiplicity:1.33
0.536	0.306	0.157	0.001
0.754	0.006	0.236	0.004
0.415	0.019	0.001	0.565
0.001	0.972	0.001	0.026
0.146	0.852	0.001	0.001
0.001	0.997	0.001	0.001
0.024	0.973	0.001	0.002
0.201	0.767	0.001	0.031
0.001	0.001	0.001	0.997
0.001	0.160	0.838	0.001
>AAAGAAAAGA	18-AAAGAAAAGA	7.565082	-2.539815	0	T:12.0(6.49%),B:4071.3(4.09%),P:1e-1	Tpos:629.1,Tstd:151.1,Bpos:363.8,Bstd:220.0,StrandBias:2.1,Multiplicity:3.00
0.997	0.001	0.001	0.001
0.997	0.001	0.001	0.001
0.997	0.001	0.001	0.001
0.001	0.001	0.997	0.001
0.935	0.001	0.001	0.063
0.931	0.001	0.001	0.067
0.968	0.030	0.001	0.001
0.997	0.001	0.001	0.001
0.001	0.001	0.997	0.001
0.997	0.001	0.001	0.001
>GAGTGATGGATG	1-GAGTGATGGATG	8.429498	-62.454779	0	T:63.0(34.05%),B:6703.6(6.73%),P:1e-27	Tpos:324.4,Tstd:169.1,Bpos:368.3,Bstd:216.5,StrandBias:0.2,Multiplicity:1.13
0.052	0.223	0.656	0.069
0.659	0.090	0.116	0.135
0.073	0.083	0.616	0.228
0.149	0.014	0.111	0.726
0.051	0.038	0.846	0.065
0.892	0.039	0.024	0.045
0.056	0.003	0.115	0.826
0.054	0.049	0.758	0.139
0.077	0.106	0.771	0.046
0.823	0.092	0.044	0.041
0.125	0.091	0.077	0.707
0.045	0.116	0.724	0.115
>CATCAATCATGG	2-CATCAATCATGG	7.136666	-52.118281	0	T:83.0(44.86%),B:14320.6(14.39%),P:1e-22	Tpos:407.3,Tstd:234.7,Bpos:364.3,Bstd:225.4,StrandBias:-0.4,Multiplicity:1.15
0.057	0.849	0.078	0.016
0.836	0.055	0.023	0.086
0.039	0.017	0.048	0.896
0.103	0.734	0.064	0.099
0.718	0.107	0.156	0.019
0.650	0.049	0.222	0.079
0.017	0.020	0.109	0.854
0.095	0.692	0.098	0.115
0.784	0.067	0.001	0.148
0.197	0.103	0.055	0.645
0.161	0.092	0.657	0.090
0.124	0.102	0.689	0.085
>TTCTGAAGCACT	3-TTCTGAAGCACT	11.938261	-24.465653	0	T:12.0(6.49%),B:403.2(0.41%),P:1e-10	Tpos:342.1,Tstd:223.7,Bpos:349.2,Bstd:226.4,StrandBias:2.3,Multiplicity:1.00
0.001	0.243	0.001	0.755
0.288	0.153	0.105	0.453
0.001	0.997	0.001	0.001
0.236	0.001	0.001	0.762
0.132	0.001	0.866	0.001
0.882	0.105	0.012	0.001
0.997	0.001	0.001	0.001
0.001	0.001	0.997	0.001
0.001	0.759	0.239	0.001
0.768	0.133	0.001	0.098
0.001	0.886	0.112	0.001
0.001	0.001	0.100	0.898
>GGCTCTGCTCTT	4-GGCTCTGCTCTT	13.431043	-24.033356	0	T:11.0(5.95%),B:320.3(0.32%),P:1e-10	Tpos:344.8,Tstd:177.5,Bpos:371.8,Bstd:231.3,StrandBias:0.8,Multiplicity:1.00
0.001	0.001	0.997	0.001
0.139	0.001	0.859	0.001
0.001	0.997	0.001	0.001
0.001	0.001	0.001	0.997
0.001	0.859	0.139	0.001
0.001	0.001	0.001	0.997
0.001	0.001	0.997	0.001
0.001	0.997	0.001	0.001
0.001	0.001	0.001	0.997
0.224	0.625	0.001	0.150
0.001	0.117	0.001	0.881
0.001	0.123	0.102	0.774
>TGAAGCCTAAAC	5-TGAAGCCTAAAC	14.074421	-22.170278	0	T:6.0(3.24%),B:41.4(0.04%),P:1e-9	Tpos:503.0,Tstd:361.7,Bpos:313.8,Bstd:153.5,StrandBias:0.0,Multiplicity:1.00
0.001	0.001	0.001	0.997
0.001	0.001	0.997	0.001
0.997	0.001	0.001	0.001
0.721	0.001	0.001	0.277
0.001	0.277	0.721	0.001
0.201	0.797	0.001	0.001
0.001	0.997	0.001	0.001
0.001	0.001	0.001	0.997
0.997	0.001	0.001	0.001
0.757	0.001	0.241	0.001
0.997	0.001	0.001	0.001
0.001	0.997	0.001	0.001
>TGTGTTTATAAA	6-TGTGTTTATAAA	9.021012	-19.358473	0	T:32.0(17.30%),B:5282.8(5.31%),P:1e-8	Tpos:422.6,Tstd:225.4,Bpos:367.0,Bstd:218.3,StrandBias:0.7,Multiplicity:1.03
0.064	0.001	0.001	0.934
0.034	0.006	0.924	0.036
0.066	0.191	0.001	0.742
0.035	0.001	0.917	0.047
0.058	0.106	0.001	0.835
0.039	0.061	0.001	0.899
0.096	0.106	0.096	0.702
0.879	0.042	0.001	0.078
0.001	0.058	0.111	0.830
0.823	0.116	0.020	0.041
0.767	0.039	0.055	0.139
0.761	0.001	0.141	0.097
>TGATTTTACAAT	7-TGATTTTACAAT	11.917275	-19.171236	0	T:9.0(4.86%),B:285.9(0.29%),P:1e-8	Tpos:222.1,Tstd:202.6,Bpos:359.5,Bstd:244.7,StrandBias:0.3,Multiplicity:1.00
0.001	0.001	0.001	0.997
0.055	0.270	0.674	0.001
0.836	0.001	0.001	0.162
0.001	0.123	0.001	0.875
0.123	0.001	0.001	0.875
0.001	0.001	0.109	0.889
0.134	0.001	0.159	0.706
0.997	0.001	0.001	0.001
0.245	0.620	0.134	0.001
0.993	0.005	0.001	0.001
0.672	0.232	0.095	0.001
0.001	0.001	0.109	0.889
>TCYTWGAMCCCT	8-TCYTWGAMCCCT	8.380826	-15.878021	0	T:10.0(5.41%),B:558.9(0.56%),P:1e-6	Tpos:197.3,Tstd:227.2,Bpos:380.1,Bstd:219.6,StrandBias:1.0,Multiplicity:1.20
0.001	0.001	0.001	0.997
0.001	0.997	0.001	0.001
0.001	0.571	0.001	0.427
0.001	0.001	0.001	0.997
0.572	0.001	0.001	0.426
0.001	0.001	0.997	0.001
0.997	0.001	0.001	0.001
0.528	0.470	0.001	0.001
0.001	0.996	0.002	0.001
0.062	0.936	0.001	0.001
0.001	0.942	0.001	0.056
0.001	0.001	0.001	0.997
>CAAAGTCGGTGT	9-CAAAGTCGGTGT	10.409522	-14.594133	0	T:6.0(3.24%),B:149.9(0.15%),P:1e-6	Tpos:342.3,Tstd:82.8,Bpos:339.3,Bstd:237.4,StrandBias:1.0,Multiplicity:1.00
0.100	0.700	0.100	0.100
0.700	0.100	0.100	0.100
0.700	0.100	0.100	0.100
0.700	0.100	0.100	0.100
0.100	0.100	0.700	0.100
0.100	0.100	0.100	0.700
0.100	0.700	0.100	0.100
0.100	0.100	0.700	0.100
0.100	0.100	0.700	0.100
0.100	0.100	0.100	0.700
0.100	0.100	0.700	0.100
0.100	0.100	0.100	0.700
>AGAAAATCACTC	10-AGAAAATCACTC	11.007362	-12.364543	0	T:11.0(5.95%),B:1024.3(1.03%),P:1e-5	Tpos:300.2,Tstd:192.8,Bpos:367.6,Bstd:234.0,StrandBias:1.2,Multiplicity:1.82
0.997	0.001	0.001	0.001
0.001	0.001	0.997	0.001
0.997	0.001	0.001	0.001
0.593	0.218	0.188	0.001
0.889	0.109	0.001	0.001
0.894	0.104	0.001	0.001
0.216	0.087	0.001	0.696
0.174	0.821	0.004	0.001
0.820	0.178	0.001	0.001
0.001	0.805	0.193	0.001
0.001	0.203	0.001	0.795
0.001	0.696	0.097	0.206
>GACACAGGGGGG	11-GACACAGGGGGG	12.926085	-11.715811	0	T:5.0(2.70%),B:142.4(0.14%),P:1e-5	Tpos:340.9,Tstd:119.3,Bpos:347.9,Bstd:247.7,StrandBias:-0.4,Multiplicity:1.40
0.001	0.001	0.997	0.001
0.997	0.001	0.001	0.001
0.001	0.997	0.001	0.001
0.997	0.001	0.001	0.001
0.001	0.997	0.001	0.001
0.997	0.001	0.001	0.001
0.001	0.001	0.997	0.001
0.001	0.001	0.814	0.184
0.001	0.001	0.997	0.001
0.001	0.001	0.997	0.001
0.192	0.001	0.806	0.001
0.161	0.001	0.625	0.213
>ATGAGAAAAACA	12-ATGAGAAAAACA	8.463612	-10.166924	0	T:51.0(27.57%),B:15805.2(15.88%),P:1e-4	Tpos:410.2,Tstd:246.3,Bpos:368.3,Bstd:225.8,StrandBias:0.4,Multiplicity:1.22
0.700	0.100	0.100	0.100
0.100	0.100	0.100	0.700
0.100	0.100	0.700	0.100
0.700	0.100	0.100	0.100
0.100	0.100	0.700	0.100
0.700	0.100	0.100	0.100
0.700	0.100	0.100	0.100
0.700	0.100	0.100	0.100
0.700	0.100	0.100	0.100
0.700	0.100	0.100	0.100
0.100	0.700	0.100	0.100
0.700	0.100	0.100	0.100
>CCCACGTGCTGT	13-CCCACGTGCTGT	12.355432	-9.125282	0	T:2.0(1.08%),B:8.3(0.01%),P:1e-3	Tpos:239.3,Tstd:47.0,Bpos:403.3,Bstd:226.5,StrandBias:1.0,Multiplicity:1.50
0.100	0.700	0.100	0.100
0.100	0.700	0.100	0.100
0.100	0.700	0.100	0.100
0.700	0.100	0.100	0.100
0.100	0.700	0.100	0.100
0.100	0.100	0.700	0.100
0.100	0.100	0.100	0.700
0.100	0.100	0.700	0.100
0.100	0.700	0.100	0.100
0.100	0.100	0.100	0.700
0.100	0.100	0.700	0.100
0.100	0.100	0.100	0.700
>TATGTATTTATG	14-TATGTATTTATG	10.556898	-8.196894	0	T:21.0(11.35%),B:4819.1(4.84%),P:1e-3	Tpos:475.5,Tstd:307.4,Bpos:373.2,Bstd:214.8,StrandBias:0.9,Multiplicity:1.14
0.121	0.001	0.001	0.877
0.732	0.081	0.001	0.186
0.001	0.001	0.106	0.892
0.001	0.001	0.838	0.160
0.001	0.001	0.001	0.997
0.932	0.001	0.001	0.066
0.285	0.001	0.001	0.713
0.158	0.001	0.191	0.650
0.001	0.001	0.001	0.997
0.745	0.001	0.145	0.109
0.001	0.001	0.162	0.836
0.081	0.001	0.787	0.131
>CCTCCTTTCCCC	15-CCTCCTTTCCCC	12.684931	-6.471719	0	T:9.0(4.86%),B:1428.6(1.44%),P:1e-2	Tpos:493.2,Tstd:223.1,Bpos:372.0,Bstd:189.4,StrandBias:2.3,Multiplicity:1.00
0.227	0.771	0.001	0.001
0.001	0.997	0.001	0.001
0.001	0.001	0.001	0.997
0.001	0.804	0.194	0.001
0.001	0.997	0.001	0.001
0.001	0.303	0.001	0.695
0.001	0.391	0.001	0.607
0.001	0.129	0.001	0.869
0.001	0.997	0.001	0.001
0.229	0.769	0.001	0.001
0.001	0.997	0.001	0.001
0.001	0.861	0.001	0.137
>CTTTGCTTTTCT	16-CTTTGCTTTTCT	10.409522	-5.278659	0	T:11.0(5.95%),B:2368.3(2.38%),P:1e-2	Tpos:602.3,Tstd:152.3,Bpos:355.7,Bstd:219.7,StrandBias:-2.0,Multiplicity:1.09
0.100	0.700	0.100	0.100
0.100	0.100	0.100	0.700
0.100	0.100	0.100	0.700
0.100	0.100	0.100	0.700
0.100	0.100	0.700	0.100
0.100	0.700	0.100	0.100
0.100	0.100	0.100	0.700
0.100	0.100	0.100	0.700
0.100	0.100	0.100	0.700
0.100	0.100	0.100	0.700
0.100	0.700	0.100	0.100
0.100	0.100	0.100	0.700
>TCATCCCCCTGC	17-TCATCCCCCTGC	15.656844	-2.348421	0	T:1.0(0.54%),B:54.2(0.05%),P:1e-1	Tpos:244.7,Tstd:108.5,Bpos:355.6,Bstd:277.4,StrandBias:10.0,Multiplicity:3.00
0.107	0.001	0.001	0.891
0.001	0.997	0.001	0.001
0.997	0.001	0.001	0.001
0.001	0.001	0.104	0.894
0.001	0.876	0.001	0.122
0.001	0.883	0.001	0.115
0.001	0.997	0.001	0.001
0.001	0.891	0.001	0.107
0.001	0.997	0.001	0.001
0.001	0.001	0.001	0.997
0.001	0.001	0.997	0.001
0.174	0.697	0.001	0.128
>GATTGATG	1-GATTGATG	7.771054	-91.135995	0	T:94.0(50.81%),B:11143.4(11.20%),P:1e-39	Tpos:379.8,Tstd:195.5,Bpos:367.6,Bstd:223.3,StrandBias:-0.0,Multiplicity:1.29
0.001	0.001	0.997	0.001
0.997	0.001	0.001	0.001
0.001	0.135	0.001	0.863
0.001	0.001	0.220	0.778
0.079	0.001	0.839	0.081
0.997	0.001	0.001	0.001
0.001	0.001	0.001	0.997
0.001	0.065	0.933	0.001
>ATCCGTCA	2-ATCCGTCA	7.431618	-46.339058	0	T:61.0(32.97%),B:8517.5(8.56%),P:1e-20	Tpos:366.3,Tstd:218.3,Bpos:365.7,Bstd:224.2,StrandBias:-0.1,Multiplicity:1.07
0.926	0.001	0.001	0.072
0.001	0.001	0.019	0.979
0.043	0.955	0.001	0.001
0.001	0.712	0.001	0.286
0.316	0.001	0.682	0.001
0.039	0.001	0.001	0.959
0.019	0.934	0.001	0.046
0.880	0.001	0.001	0.118
>TCATTAGC	3-TCATTAGC	8.965588	-25.350888	0	T:37.0(20.00%),B:5498.9(5.52%),P:1e-11	Tpos:376.5,Tstd:244.0,Bpos:370.8,Bstd:225.0,StrandBias:0.5,Multiplicity:1.03
0.001	0.001	0.001	0.997
0.001	0.997	0.001	0.001
0.997	0.001	0.001	0.001
0.001	0.001	0.001	0.997
0.001	0.001	0.001	0.997
0.997	0.001	0.001	0.001
0.129	0.001	0.748	0.122
0.001	0.997	0.001	0.001
>GCCTGCGA	4-GCCTGCGA	7.050824	-24.277073	0	T:70.0(37.84%),B:17247.4(17.33%),P:1e-10	Tpos:401.1,Tstd:254.0,Bpos:365.7,Bstd:231.3,StrandBias:-0.5,Multiplicity:1.19
0.001	0.087	0.899	0.013
0.060	0.761	0.117	0.062
0.001	0.953	0.045	0.001
0.011	0.001	0.205	0.783
0.141	0.139	0.559	0.161
0.001	0.585	0.002	0.412
0.132	0.001	0.685	0.182
0.759	0.001	0.005	0.235
>TAAACACA	5-TAAACACA	7.477407	-23.491377	0	T:96.0(51.89%),B:28913.4(29.05%),P:1e-10	Tpos:390.8,Tstd:255.0,Bpos:368.8,Bstd:228.7,StrandBias:-0.1,Multiplicity:1.41
0.001	0.001	0.109	0.889
0.863	0.022	0.053	0.062
0.997	0.001	0.001	0.001
0.925	0.001	0.001	0.073
0.186	0.763	0.001	0.050
0.964	0.001	0.014	0.021
0.149	0.785	0.065	0.001
0.919	0.033	0.009	0.039
>AGTGCGAA	6-AGTGCGAA	5.688187	-17.840596	0	T:58.0(31.35%),B:14962.6(15.03%),P:1e-7	Tpos:417.0,Tstd:240.8,Bpos:365.7,Bstd:226.3,StrandBias:-0.0,Multiplicity:1.07
0.637	0.131	0.134	0.098
0.109	0.214	0.574	0.103
0.127	0.097	0.126	0.650
0.130	0.102	0.667	0.101
0.128	0.635	0.127	0.110
0.167	0.107	0.583	0.143
0.636	0.118	0.111	0.135
0.618	0.131	0.110	0.141
>CATATGGC	7-CATATGGC	7.212182	-13.146790	0	T:63.0(34.05%),B:19313.1(19.40%),P:1e-5	Tpos:448.8,Tstd:283.4,Bpos:365.4,Bstd:225.3,StrandBias:0.4,Multiplicity:1.21
0.014	0.984	0.001	0.001
0.920	0.003	0.052	0.025
0.036	0.183	0.085	0.696
0.688	0.103	0.046	0.163
0.041	0.001	0.001	0.957
0.001	0.061	0.932	0.006
0.001	0.001	0.997	0.001
0.001	0.820	0.013	0.166
