>GAGTGATGGATG	1-GAGTGATGGATG	8.429498	-62.454779	0	T:63.0(34.05%),B:6703.6(6.73%),P:1e-27	Tpos:324.4,Tstd:169.1,Bpos:368.3,Bstd:216.5,StrandBias:0.2,Multiplicity:1.13
0.052	0.223	0.656	0.069
0.659	0.090	0.116	0.135
0.073	0.083	0.616	0.228
0.149	0.014	0.111	0.726
0.051	0.038	0.846	0.065
0.892	0.039	0.024	0.045
0.056	0.003	0.115	0.826
0.054	0.049	0.758	0.139
0.077	0.106	0.771	0.046
0.823	0.092	0.044	0.041
0.125	0.091	0.077	0.707
0.045	0.116	0.724	0.115
>CATCAATCATGG	2-CATCAATCATGG	7.136666	-52.118281	0	T:83.0(44.86%),B:14320.6(14.39%),P:1e-22	Tpos:407.3,Tstd:234.7,Bpos:364.3,Bstd:225.4,StrandBias:-0.4,Multiplicity:1.15
0.057	0.849	0.078	0.016
0.836	0.055	0.023	0.086
0.039	0.017	0.048	0.896
0.103	0.734	0.064	0.099
0.718	0.107	0.156	0.019
0.650	0.049	0.222	0.079
0.017	0.020	0.109	0.854
0.095	0.692	0.098	0.115
0.784	0.067	0.001	0.148
0.197	0.103	0.055	0.645
0.161	0.092	0.657	0.090
0.124	0.102	0.689	0.085
>TTCTGAAGCACT	3-TTCTGAAGCACT	11.938261	-24.465653	0	T:12.0(6.49%),B:403.2(0.41%),P:1e-10	Tpos:342.1,Tstd:223.7,Bpos:349.2,Bstd:226.4,StrandBias:2.3,Multiplicity:1.00
0.001	0.243	0.001	0.755
0.288	0.153	0.105	0.453
0.001	0.997	0.001	0.001
0.236	0.001	0.001	0.762
0.132	0.001	0.866	0.001
0.882	0.105	0.012	0.001
0.997	0.001	0.001	0.001
0.001	0.001	0.997	0.001
0.001	0.759	0.239	0.001
0.768	0.133	0.001	0.098
0.001	0.886	0.112	0.001
0.001	0.001	0.100	0.898
>GGCTCTGCTCTT	4-GGCTCTGCTCTT	13.431043	-24.033356	0	T:11.0(5.95%),B:320.3(0.32%),P:1e-10	Tpos:344.8,Tstd:177.5,Bpos:371.8,Bstd:231.3,StrandBias:0.8,Multiplicity:1.00
0.001	0.001	0.997	0.001
0.139	0.001	0.859	0.001
0.001	0.997	0.001	0.001
0.001	0.001	0.001	0.997
0.001	0.859	0.139	0.001
0.001	0.001	0.001	0.997
0.001	0.001	0.997	0.001
0.001	0.997	0.001	0.001
0.001	0.001	0.001	0.997
0.224	0.625	0.001	0.150
0.001	0.117	0.001	0.881
0.001	0.123	0.102	0.774
>TGAAGCCTAAAC	5-TGAAGCCTAAAC	14.074421	-22.170278	0	T:6.0(3.24%),B:41.4(0.04%),P:1e-9	Tpos:503.0,Tstd:361.7,Bpos:313.8,Bstd:153.5,StrandBias:0.0,Multiplicity:1.00
0.001	0.001	0.001	0.997
0.001	0.001	0.997	0.001
0.997	0.001	0.001	0.001
0.721	0.001	0.001	0.277
0.001	0.277	0.721	0.001
0.201	0.797	0.001	0.001
0.001	0.997	0.001	0.001
0.001	0.001	0.001	0.997
0.997	0.001	0.001	0.001
0.757	0.001	0.241	0.001
0.997	0.001	0.001	0.001
0.001	0.997	0.001	0.001
>TGTGTTTATAAA	6-TGTGTTTATAAA	9.021012	-19.358473	0	T:32.0(17.30%),B:5282.8(5.31%),P:1e-8	Tpos:422.6,Tstd:225.4,Bpos:367.0,Bstd:218.3,StrandBias:0.7,Multiplicity:1.03
0.064	0.001	0.001	0.934
0.034	0.006	0.924	0.036
0.066	0.191	0.001	0.742
0.035	0.001	0.917	0.047
0.058	0.106	0.001	0.835
0.039	0.061	0.001	0.899
0.096	0.106	0.096	0.702
0.879	0.042	0.001	0.078
0.001	0.058	0.111	0.830
0.823	0.116	0.020	0.041
0.767	0.039	0.055	0.139
0.761	0.001	0.141	0.097
>TGATTTTACAAT	7-TGATTTTACAAT	11.917275	-19.171236	0	T:9.0(4.86%),B:285.9(0.29%),P:1e-8	Tpos:222.1,Tstd:202.6,Bpos:359.5,Bstd:244.7,StrandBias:0.3,Multiplicity:1.00
0.001	0.001	0.001	0.997
0.055	0.270	0.674	0.001
0.836	0.001	0.001	0.162
0.001	0.123	0.001	0.875
0.123	0.001	0.001	0.875
0.001	0.001	0.109	0.889
0.134	0.001	0.159	0.706
0.997	0.001	0.001	0.001
0.245	0.620	0.134	0.001
0.993	0.005	0.001	0.001
0.672	0.232	0.095	0.001
0.001	0.001	0.109	0.889
>TCYTWGAMCCCT	8-TCYTWGAMCCCT	8.380826	-15.878021	0	T:10.0(5.41%),B:558.9(0.56%),P:1e-6	Tpos:197.3,Tstd:227.2,Bpos:380.1,Bstd:219.6,StrandBias:1.0,Multiplicity:1.20
0.001	0.001	0.001	0.997
0.001	0.997	0.001	0.001
0.001	0.571	0.001	0.427
0.001	0.001	0.001	0.997
0.572	0.001	0.001	0.426
0.001	0.001	0.997	0.001
0.997	0.001	0.001	0.001
0.528	0.470	0.001	0.001
0.001	0.996	0.002	0.001
0.062	0.936	0.001	0.001
0.001	0.942	0.001	0.056
0.001	0.001	0.001	0.997
>CAAAGTCGGTGT	9-CAAAGTCGGTGT	10.409522	-14.594133	0	T:6.0(3.24%),B:149.9(0.15%),P:1e-6	Tpos:342.3,Tstd:82.8,Bpos:339.3,Bstd:237.4,StrandBias:1.0,Multiplicity:1.00
0.100	0.700	0.100	0.100
0.700	0.100	0.100	0.100
0.700	0.100	0.100	0.100
0.700	0.100	0.100	0.100
0.100	0.100	0.700	0.100
0.100	0.100	0.100	0.700
0.100	0.700	0.100	0.100
0.100	0.100	0.700	0.100
0.100	0.100	0.700	0.100
0.100	0.100	0.100	0.700
0.100	0.100	0.700	0.100
0.100	0.100	0.100	0.700
>AGAAAATCACTC	10-AGAAAATCACTC	11.007362	-12.364543	0	T:11.0(5.95%),B:1024.3(1.03%),P:1e-5	Tpos:300.2,Tstd:192.8,Bpos:367.6,Bstd:234.0,StrandBias:1.2,Multiplicity:1.82
0.997	0.001	0.001	0.001
0.001	0.001	0.997	0.001
0.997	0.001	0.001	0.001
0.593	0.218	0.188	0.001
0.889	0.109	0.001	0.001
0.894	0.104	0.001	0.001
0.216	0.087	0.001	0.696
0.174	0.821	0.004	0.001
0.820	0.178	0.001	0.001
0.001	0.805	0.193	0.001
0.001	0.203	0.001	0.795
0.001	0.696	0.097	0.206
>GACACAGGGGGG	11-GACACAGGGGGG	12.926085	-11.715811	0	T:5.0(2.70%),B:142.4(0.14%),P:1e-5	Tpos:340.9,Tstd:119.3,Bpos:347.9,Bstd:247.7,StrandBias:-0.4,Multiplicity:1.40
0.001	0.001	0.997	0.001
0.997	0.001	0.001	0.001
0.001	0.997	0.001	0.001
0.997	0.001	0.001	0.001
0.001	0.997	0.001	0.001
0.997	0.001	0.001	0.001
0.001	0.001	0.997	0.001
0.001	0.001	0.814	0.184
0.001	0.001	0.997	0.001
0.001	0.001	0.997	0.001
0.192	0.001	0.806	0.001
0.161	0.001	0.625	0.213
>ATGAGAAAAACA	12-ATGAGAAAAACA	8.463612	-10.166924	0	T:51.0(27.57%),B:15805.2(15.88%),P:1e-4	Tpos:410.2,Tstd:246.3,Bpos:368.3,Bstd:225.8,StrandBias:0.4,Multiplicity:1.22
0.700	0.100	0.100	0.100
0.100	0.100	0.100	0.700
0.100	0.100	0.700	0.100
0.700	0.100	0.100	0.100
0.100	0.100	0.700	0.100
0.700	0.100	0.100	0.100
0.700	0.100	0.100	0.100
0.700	0.100	0.100	0.100
0.700	0.100	0.100	0.100
0.700	0.100	0.100	0.100
0.100	0.700	0.100	0.100
0.700	0.100	0.100	0.100
>CCCACGTGCTGT	13-CCCACGTGCTGT	12.355432	-9.125282	0	T:2.0(1.08%),B:8.3(0.01%),P:1e-3	Tpos:239.3,Tstd:47.0,Bpos:403.3,Bstd:226.5,StrandBias:1.0,Multiplicity:1.50
0.100	0.700	0.100	0.100
0.100	0.700	0.100	0.100
0.100	0.700	0.100	0.100
0.700	0.100	0.100	0.100
0.100	0.700	0.100	0.100
0.100	0.100	0.700	0.100
0.100	0.100	0.100	0.700
0.100	0.100	0.700	0.100
0.100	0.700	0.100	0.100
0.100	0.100	0.100	0.700
0.100	0.100	0.700	0.100
0.100	0.100	0.100	0.700
>TATGTATTTATG	14-TATGTATTTATG	10.556898	-8.196894	0	T:21.0(11.35%),B:4819.1(4.84%),P:1e-3	Tpos:475.5,Tstd:307.4,Bpos:373.2,Bstd:214.8,StrandBias:0.9,Multiplicity:1.14
0.121	0.001	0.001	0.877
0.732	0.081	0.001	0.186
0.001	0.001	0.106	0.892
0.001	0.001	0.838	0.160
0.001	0.001	0.001	0.997
0.932	0.001	0.001	0.066
0.285	0.001	0.001	0.713
0.158	0.001	0.191	0.650
0.001	0.001	0.001	0.997
0.745	0.001	0.145	0.109
0.001	0.001	0.162	0.836
0.081	0.001	0.787	0.131
>CCTCCTTTCCCC	15-CCTCCTTTCCCC	12.684931	-6.471719	0	T:9.0(4.86%),B:1428.6(1.44%),P:1e-2	Tpos:493.2,Tstd:223.1,Bpos:372.0,Bstd:189.4,StrandBias:2.3,Multiplicity:1.00
0.227	0.771	0.001	0.001
0.001	0.997	0.001	0.001
0.001	0.001	0.001	0.997
0.001	0.804	0.194	0.001
0.001	0.997	0.001	0.001
0.001	0.303	0.001	0.695
0.001	0.391	0.001	0.607
0.001	0.129	0.001	0.869
0.001	0.997	0.001	0.001
0.229	0.769	0.001	0.001
0.001	0.997	0.001	0.001
0.001	0.861	0.001	0.137
>CTTTGCTTTTCT	16-CTTTGCTTTTCT	10.409522	-5.278659	0	T:11.0(5.95%),B:2368.3(2.38%),P:1e-2	Tpos:602.3,Tstd:152.3,Bpos:355.7,Bstd:219.7,StrandBias:-2.0,Multiplicity:1.09
0.100	0.700	0.100	0.100
0.100	0.100	0.100	0.700
0.100	0.100	0.100	0.700
0.100	0.100	0.100	0.700
0.100	0.100	0.700	0.100
0.100	0.700	0.100	0.100
0.100	0.100	0.100	0.700
0.100	0.100	0.100	0.700
0.100	0.100	0.100	0.700
0.100	0.100	0.100	0.700
0.100	0.700	0.100	0.100
0.100	0.100	0.100	0.700
>TCATCCCCCTGC	17-TCATCCCCCTGC	15.656844	-2.348421	0	T:1.0(0.54%),B:54.2(0.05%),P:1e-1	Tpos:244.7,Tstd:108.5,Bpos:355.6,Bstd:277.4,StrandBias:10.0,Multiplicity:3.00
0.107	0.001	0.001	0.891
0.001	0.997	0.001	0.001
0.997	0.001	0.001	0.001
0.001	0.001	0.104	0.894
0.001	0.876	0.001	0.122
0.001	0.883	0.001	0.115
0.001	0.997	0.001	0.001
0.001	0.891	0.001	0.107
0.001	0.997	0.001	0.001
0.001	0.001	0.001	0.997
0.001	0.001	0.997	0.001
0.174	0.697	0.001	0.128
