>GATTGATG	1-GATTGATG	7.771054	-91.135995	0	T:94.0(50.81%),B:11143.4(11.20%),P:1e-39	Tpos:379.8,Tstd:195.5,Bpos:367.6,Bstd:223.3,StrandBias:-0.0,Multiplicity:1.29
0.001	0.001	0.997	0.001
0.997	0.001	0.001	0.001
0.001	0.135	0.001	0.863
0.001	0.001	0.220	0.778
0.079	0.001	0.839	0.081
0.997	0.001	0.001	0.001
0.001	0.001	0.001	0.997
0.001	0.065	0.933	0.001
>ATCCGTCA	2-ATCCGTCA	7.431618	-46.339058	0	T:61.0(32.97%),B:8517.5(8.56%),P:1e-20	Tpos:366.3,Tstd:218.3,Bpos:365.7,Bstd:224.2,StrandBias:-0.1,Multiplicity:1.07
0.926	0.001	0.001	0.072
0.001	0.001	0.019	0.979
0.043	0.955	0.001	0.001
0.001	0.712	0.001	0.286
0.316	0.001	0.682	0.001
0.039	0.001	0.001	0.959
0.019	0.934	0.001	0.046
0.880	0.001	0.001	0.118
>TCATTAGC	3-TCATTAGC	8.965588	-25.350888	0	T:37.0(20.00%),B:5498.9(5.52%),P:1e-11	Tpos:376.5,Tstd:244.0,Bpos:370.8,Bstd:225.0,StrandBias:0.5,Multiplicity:1.03
0.001	0.001	0.001	0.997
0.001	0.997	0.001	0.001
0.997	0.001	0.001	0.001
0.001	0.001	0.001	0.997
0.001	0.001	0.001	0.997
0.997	0.001	0.001	0.001
0.129	0.001	0.748	0.122
0.001	0.997	0.001	0.001
>GCCTGCGA	4-GCCTGCGA	7.050824	-24.277073	0	T:70.0(37.84%),B:17247.4(17.33%),P:1e-10	Tpos:401.1,Tstd:254.0,Bpos:365.7,Bstd:231.3,StrandBias:-0.5,Multiplicity:1.19
0.001	0.087	0.899	0.013
0.060	0.761	0.117	0.062
0.001	0.953	0.045	0.001
0.011	0.001	0.205	0.783
0.141	0.139	0.559	0.161
0.001	0.585	0.002	0.412
0.132	0.001	0.685	0.182
0.759	0.001	0.005	0.235
>TAAACACA	5-TAAACACA	7.477407	-23.491377	0	T:96.0(51.89%),B:28913.4(29.05%),P:1e-10	Tpos:390.8,Tstd:255.0,Bpos:368.8,Bstd:228.7,StrandBias:-0.1,Multiplicity:1.41
0.001	0.001	0.109	0.889
0.863	0.022	0.053	0.062
0.997	0.001	0.001	0.001
0.925	0.001	0.001	0.073
0.186	0.763	0.001	0.050
0.964	0.001	0.014	0.021
0.149	0.785	0.065	0.001
0.919	0.033	0.009	0.039
>AGTGCGAA	6-AGTGCGAA	5.688187	-17.840596	0	T:58.0(31.35%),B:14962.6(15.03%),P:1e-7	Tpos:417.0,Tstd:240.8,Bpos:365.7,Bstd:226.3,StrandBias:-0.0,Multiplicity:1.07
0.637	0.131	0.134	0.098
0.109	0.214	0.574	0.103
0.127	0.097	0.126	0.650
0.130	0.102	0.667	0.101
0.128	0.635	0.127	0.110
0.167	0.107	0.583	0.143
0.636	0.118	0.111	0.135
0.618	0.131	0.110	0.141
>CATATGGC	7-CATATGGC	7.212182	-13.146790	0	T:63.0(34.05%),B:19313.1(19.40%),P:1e-5	Tpos:448.8,Tstd:283.4,Bpos:365.4,Bstd:225.3,StrandBias:0.4,Multiplicity:1.21
0.014	0.984	0.001	0.001
0.920	0.003	0.052	0.025
0.036	0.183	0.085	0.696
0.688	0.103	0.046	0.163
0.041	0.001	0.001	0.957
0.001	0.061	0.932	0.006
0.001	0.001	0.997	0.001
0.001	0.820	0.013	0.166
