>GATTGATG	1-GATTGATG,BestGuess:MEIS1/MA1639.2/Jaspar(0.921)	7.771054	-91.135995	0	T:94.0(50.81%),B:11143.4(11.20%),P:1e-39
0.001	0.001	0.997	0.001
0.997	0.001	0.001	0.001
0.001	0.135	0.001	0.863
0.001	0.001	0.220	0.778
0.079	0.001	0.839	0.081
0.997	0.001	0.001	0.001
0.001	0.001	0.001	0.997
0.001	0.065	0.933	0.001
>TTCATTAGCA	3-TTCATTAGCA,BestGuess:eve/dmmpmm(Noyes_hd)/fly(0.908)	8.701342	-33.678797	0	T:42.0(22.70%),B:5407.7(5.43%),P:1e-14
0.116	0.200	0.178	0.506
0.055	0.001	0.001	0.943
0.203	0.678	0.071	0.048
0.958	0.040	0.001	0.001
0.001	0.001	0.001	0.997
0.001	0.001	0.045	0.953
0.872	0.001	0.001	0.126
0.243	0.038	0.681	0.038
0.001	0.943	0.055	0.001
0.623	0.170	0.001	0.206
>TTRTCAAAAC	4-TTRTCAAAAC,BestGuess:fkh/MA0446.1/Jaspar(0.761)	7.646281	-30.790172	0	T:76.0(41.08%),B:17366.7(17.45%),P:1e-13
0.001	0.360	0.045	0.594
0.001	0.001	0.001	0.997
0.455	0.001	0.543	0.001
0.203	0.001	0.191	0.605
0.313	0.493	0.193	0.001
0.622	0.150	0.001	0.227
0.919	0.001	0.079	0.001
0.967	0.001	0.001	0.031
0.673	0.001	0.155	0.171
0.108	0.825	0.001	0.066
>TGTTTACTCT	5-TGTTTACTCT,BestGuess:pha-4/MA0546.1/Jaspar(0.876)	7.208372	-26.424990	0	T:75.0(40.54%),B:18472.0(18.56%),P:1e-11
0.040	0.025	0.026	0.909
0.065	0.072	0.818	0.045
0.060	0.037	0.054	0.849
0.043	0.086	0.092	0.779
0.075	0.046	0.083	0.796
0.782	0.073	0.047	0.098
0.052	0.772	0.106	0.070
0.061	0.096	0.122	0.721
0.033	0.787	0.090	0.090
0.075	0.084	0.043	0.798
>TTCTGAAGCACT	3-TTCTGAAGCACT,BestGuess:ZSCAN21/MA2336.1/Jaspar(0.787)	11.938261	-24.465653	0	T:12.0(6.49%),B:403.2(0.41%),P:1e-10
0.001	0.243	0.001	0.755
0.288	0.153	0.105	0.453
0.001	0.997	0.001	0.001
0.236	0.001	0.001	0.762
0.132	0.001	0.866	0.001
0.882	0.105	0.012	0.001
0.997	0.001	0.001	0.001
0.001	0.001	0.997	0.001
0.001	0.759	0.239	0.001
0.768	0.133	0.001	0.098
0.001	0.886	0.112	0.001
0.001	0.001	0.100	0.898
>GCCTGCGA	4-GCCTGCGA,BestGuess:SpliceAcceptor/Homer(0.722)	7.050824	-24.277073	0	T:70.0(37.84%),B:17247.4(17.33%),P:1e-10
0.001	0.087	0.899	0.013
0.060	0.761	0.117	0.062
0.001	0.953	0.045	0.001
0.011	0.001	0.205	0.783
0.141	0.139	0.559	0.161
0.001	0.585	0.002	0.412
0.132	0.001	0.685	0.182
0.759	0.001	0.005	0.235
>GGCTCTGCTCTT	4-GGCTCTGCTCTT,BestGuess:ZNF331/MA1726.2/Jaspar(0.785)	13.431043	-24.033356	0	T:11.0(5.95%),B:320.3(0.32%),P:1e-10
0.001	0.001	0.997	0.001
0.139	0.001	0.859	0.001
0.001	0.997	0.001	0.001
0.001	0.001	0.001	0.997
0.001	0.859	0.139	0.001
0.001	0.001	0.001	0.997
0.001	0.001	0.997	0.001
0.001	0.997	0.001	0.001
0.001	0.001	0.001	0.997
0.224	0.625	0.001	0.150
0.001	0.117	0.001	0.881
0.001	0.123	0.102	0.774
>TGAAGCCTAAAC	5-TGAAGCCTAAAC,BestGuess:AT4G12670(MYBrelated)/col-AT4G12670-DAP-Seq(GSE60143)/Homer(0.717)	14.074421	-22.170278	0	T:6.0(3.24%),B:41.4(0.04%),P:1e-9
0.001	0.001	0.001	0.997
0.001	0.001	0.997	0.001
0.997	0.001	0.001	0.001
0.721	0.001	0.001	0.277
0.001	0.277	0.721	0.001
0.201	0.797	0.001	0.001
0.001	0.997	0.001	0.001
0.001	0.001	0.001	0.997
0.997	0.001	0.001	0.001
0.757	0.001	0.241	0.001
0.997	0.001	0.001	0.001
0.001	0.997	0.001	0.001
>CCTTTGATGT	9-CCTTTGATGT,BestGuess:TCFL2(HMG)/K562-TCF7L2-ChIP-Seq(GSE29196)/Homer(0.963)	10.170888	-21.603530	0	T:26.0(14.05%),B:3219.6(3.23%),P:1e-9
0.001	0.857	0.072	0.070
0.071	0.927	0.001	0.001
0.001	0.001	0.001	0.997
0.001	0.064	0.001	0.934
0.001	0.001	0.080	0.918
0.001	0.001	0.932	0.066
0.929	0.001	0.069	0.001
0.066	0.001	0.070	0.863
0.001	0.156	0.785	0.058
0.001	0.085	0.001	0.913
>ACAGCGACTT	10-ACAGCGACTT,BestGuess:DREB2A/MA1258.2/Jaspar(0.709)	10.397370	-20.368113	0	T:13.0(7.03%),B:719.1(0.72%),P:1e-8
0.875	0.001	0.001	0.123
0.001	0.857	0.141	0.001
0.997	0.001	0.001	0.001
0.001	0.171	0.827	0.001
0.001	0.824	0.057	0.118
0.001	0.001	0.925	0.073
0.997	0.001	0.001	0.001
0.001	0.997	0.001	0.001
0.001	0.150	0.001	0.848
0.001	0.001	0.001	0.997
>TGTGTTTATAAA	6-TGTGTTTATAAA,BestGuess:Foxf1(Forkhead)/Lung-Foxf1-ChIP-Seq(GSE77951)/Homer(0.746)	9.021012	-19.358473	0	T:32.0(17.30%),B:5282.8(5.31%),P:1e-8
0.064	0.001	0.001	0.934
0.034	0.006	0.924	0.036
0.066	0.191	0.001	0.742
0.035	0.001	0.917	0.047
0.058	0.106	0.001	0.835
0.039	0.061	0.001	0.899
0.096	0.106	0.096	0.702
0.879	0.042	0.001	0.078
0.001	0.058	0.111	0.830
0.823	0.116	0.020	0.041
0.767	0.039	0.055	0.139
0.761	0.001	0.141	0.097
>AGTGCGAA	6-AGTGCGAA,BestGuess:tbx-38/MA2186.1/Jaspar(0.792)	5.688187	-17.840596	0	T:58.0(31.35%),B:14962.6(15.03%),P:1e-7
0.637	0.131	0.134	0.098
0.109	0.214	0.574	0.103
0.127	0.097	0.126	0.650
0.130	0.102	0.667	0.101
0.128	0.635	0.127	0.110
0.167	0.107	0.583	0.143
0.636	0.118	0.111	0.135
0.618	0.131	0.110	0.141
>AGGAACCATT	12-AGGAACCATT,BestGuess:Eip74EF/dmmpmm(SeSiMCMC)/fly(0.702)	8.843859	-16.972325	0	T:36.0(19.46%),B:7151.9(7.19%),P:1e-7
0.995	0.001	0.001	0.003
0.056	0.001	0.888	0.055
0.100	0.003	0.896	0.001
0.943	0.001	0.055	0.001
0.596	0.062	0.196	0.146
0.181	0.500	0.109	0.210
0.164	0.686	0.149	0.001
0.997	0.001	0.001	0.001
0.047	0.204	0.058	0.691
0.001	0.001	0.001	0.997
>GCTTGTTTTT	13-GCTTGTTTTT,BestGuess:fkh-9/MA1440.1/Jaspar(0.815)	10.802892	-16.077619	0	T:18.0(9.73%),B:2102.4(2.11%),P:1e-6
0.001	0.001	0.997	0.001
0.001	0.726	0.186	0.087
0.001	0.001	0.001	0.997
0.001	0.001	0.001	0.997
0.125	0.034	0.840	0.001
0.001	0.001	0.001	0.997
0.001	0.219	0.001	0.779
0.001	0.001	0.077	0.921
0.001	0.034	0.234	0.731
0.001	0.001	0.001	0.997
>TCYTWGAMCCCT	8-TCYTWGAMCCCT,BestGuess:PB0118.1_Esrra_2/Jaspar(0.712)	8.380826	-15.878021	0	T:10.0(5.41%),B:558.9(0.56%),P:1e-6
0.001	0.001	0.001	0.997
0.001	0.997	0.001	0.001
0.001	0.571	0.001	0.427
0.001	0.001	0.001	0.997
0.572	0.001	0.001	0.426
0.001	0.001	0.997	0.001
0.997	0.001	0.001	0.001
0.528	0.470	0.001	0.001
0.001	0.996	0.002	0.001
0.062	0.936	0.001	0.001
0.001	0.942	0.001	0.056
0.001	0.001	0.001	0.997
>CATATGGC	7-CATATGGC,BestGuess:TCF21/MA1568.2/Jaspar(0.866)	7.212182	-13.146790	0	T:63.0(34.05%),B:19313.1(19.40%),P:1e-5
0.014	0.984	0.001	0.001
0.920	0.003	0.052	0.025
0.036	0.183	0.085	0.696
0.688	0.103	0.046	0.163
0.041	0.001	0.001	0.957
0.001	0.061	0.932	0.006
0.001	0.001	0.997	0.001
0.001	0.820	0.013	0.166
>AGAAAATCACTC	10-AGAAAATCACTC,BestGuess:PABPC5(RRM)/Homo_sapiens-RNCMPT00171-PBM/HughesRNA(0.727)	11.007362	-12.364543	0	T:11.0(5.95%),B:1024.3(1.03%),P:1e-5
0.997	0.001	0.001	0.001
0.001	0.001	0.997	0.001
0.997	0.001	0.001	0.001
0.593	0.218	0.188	0.001
0.889	0.109	0.001	0.001
0.894	0.104	0.001	0.001
0.216	0.087	0.001	0.696
0.174	0.821	0.004	0.001
0.820	0.178	0.001	0.001
0.001	0.805	0.193	0.001
0.001	0.203	0.001	0.795
0.001	0.696	0.097	0.206
>GACACAGGGGGG	11-GACACAGGGGGG,BestGuess:Nv_0278(RRM)/Nematostella_vectensis-RNCMPT00278-PBM/HughesRNA(0.701)	12.926085	-11.715811	0	T:5.0(2.70%),B:142.4(0.14%),P:1e-5
0.001	0.001	0.997	0.001
0.997	0.001	0.001	0.001
0.001	0.997	0.001	0.001
0.997	0.001	0.001	0.001
0.001	0.997	0.001	0.001
0.997	0.001	0.001	0.001
0.001	0.001	0.997	0.001
0.001	0.001	0.814	0.184
0.001	0.001	0.997	0.001
0.001	0.001	0.997	0.001
0.192	0.001	0.806	0.001
0.161	0.001	0.625	0.213
>CCCACGTGCTGT	13-CCCACGTGCTGT,BestGuess:Pho2(bHLH)/Yeast-Pho2-ChIP-Seq(GSE29506)/Homer(0.873)	12.355432	-9.125282	0	T:2.0(1.08%),B:8.3(0.01%),P:1e-3
0.100	0.700	0.100	0.100
0.100	0.700	0.100	0.100
0.100	0.700	0.100	0.100
0.700	0.100	0.100	0.100
0.100	0.700	0.100	0.100
0.100	0.100	0.700	0.100
0.100	0.100	0.100	0.700
0.100	0.100	0.700	0.100
0.100	0.700	0.100	0.100
0.100	0.100	0.100	0.700
0.100	0.100	0.700	0.100
0.100	0.100	0.100	0.700
>TATGTATTTATG	14-TATGTATTTATG,BestGuess:BtbVII/MA2297.1/Jaspar(0.769)	10.556898	-8.196894	0	T:21.0(11.35%),B:4819.1(4.84%),P:1e-3
0.121	0.001	0.001	0.877
0.732	0.081	0.001	0.186
0.001	0.001	0.106	0.892
0.001	0.001	0.838	0.160
0.001	0.001	0.001	0.997
0.932	0.001	0.001	0.066
0.285	0.001	0.001	0.713
0.158	0.001	0.191	0.650
0.001	0.001	0.001	0.997
0.745	0.001	0.145	0.109
0.001	0.001	0.162	0.836
0.081	0.001	0.787	0.131
>CCTCCTTTCCCC	15-CCTCCTTTCCCC,BestGuess:PCBP1(KH)/Mus_musculus-RNCMPT00239-PBM/HughesRNA(0.715)	12.684931	-6.471719	0	T:9.0(4.86%),B:1428.6(1.44%),P:1e-2
0.227	0.771	0.001	0.001
0.001	0.997	0.001	0.001
0.001	0.001	0.001	0.997
0.001	0.804	0.194	0.001
0.001	0.997	0.001	0.001
0.001	0.303	0.001	0.695
0.001	0.391	0.001	0.607
0.001	0.129	0.001	0.869
0.001	0.997	0.001	0.001
0.229	0.769	0.001	0.001
0.001	0.997	0.001	0.001
0.001	0.861	0.001	0.137
>TCATCCCCCTGC	17-TCATCCCCCTGC,BestGuess:REI1/MA0364.1/Jaspar(0.708)	15.656844	-2.348421	0	T:1.0(0.54%),B:54.2(0.05%),P:1e-1
0.107	0.001	0.001	0.891
0.001	0.997	0.001	0.001
0.997	0.001	0.001	0.001
0.001	0.001	0.104	0.894
0.001	0.876	0.001	0.122
0.001	0.883	0.001	0.115
0.001	0.997	0.001	0.001
0.001	0.891	0.001	0.107
0.001	0.997	0.001	0.001
0.001	0.001	0.001	0.997
0.001	0.001	0.997	0.001
0.174	0.697	0.001	0.128
