>GAGGTGTGAA	1-GAGGTGTGAA	7.120077	-229.180358	0	T:159.0(79.90%),B:13144.0(13.31%),P:1e-99	Tpos:229.6,Tstd:131.2,Bpos:207.8,Bstd:131.6,StrandBias:-0.0,Multiplicity:1.69
0.275	0.034	0.660	0.031
0.739	0.027	0.159	0.075
0.081	0.044	0.816	0.059
0.010	0.050	0.918	0.022
0.008	0.079	0.023	0.890
0.001	0.018	0.959	0.022
0.130	0.037	0.041	0.792
0.036	0.139	0.612	0.213
0.932	0.001	0.042	0.025
0.684	0.051	0.222	0.043
>GAATTATAGT	2-GAATTATAGT	10.296193	-147.746993	0	T:31.0(15.58%),B:57.4(0.06%),P:1e-64	Tpos:243.8,Tstd:125.0,Bpos:219.8,Bstd:118.2,StrandBias:-0.1,Multiplicity:1.00
0.100	0.100	0.700	0.100
0.700	0.100	0.100	0.100
0.700	0.100	0.100	0.100
0.100	0.100	0.100	0.700
0.100	0.100	0.100	0.700
0.700	0.100	0.100	0.100
0.100	0.100	0.100	0.700
0.700	0.100	0.100	0.100
0.100	0.100	0.700	0.100
0.100	0.100	0.100	0.700
>TATCTCTTCC	3-TATCTCTTCC	10.296193	-119.518829	0	T:32.0(16.08%),B:166.1(0.17%),P:1e-51	Tpos:239.1,Tstd:130.1,Bpos:225.9,Bstd:123.1,StrandBias:-0.3,Multiplicity:1.03
0.100	0.100	0.100	0.700
0.700	0.100	0.100	0.100
0.100	0.100	0.100	0.700
0.100	0.700	0.100	0.100
0.100	0.100	0.100	0.700
0.100	0.700	0.100	0.100
0.100	0.100	0.100	0.700
0.100	0.100	0.100	0.700
0.100	0.700	0.100	0.100
0.100	0.700	0.100	0.100
>CCATTTGGCC	4-CCATTTGGCC	7.882085	-112.034131	0	T:36.0(18.09%),B:352.7(0.36%),P:1e-48	Tpos:235.6,Tstd:125.7,Bpos:210.4,Bstd:119.3,StrandBias:-0.1,Multiplicity:1.00
0.001	0.997	0.001	0.001
0.001	0.997	0.001	0.001
0.997	0.001	0.001	0.001
0.053	0.001	0.001	0.945
0.053	0.001	0.001	0.945
0.001	0.001	0.041	0.957
0.001	0.001	0.997	0.001
0.001	0.001	0.997	0.001
0.001	0.997	0.001	0.001
0.001	0.957	0.041	0.001
>ACTCATGTCC	5-ACTCATGTCC	10.712336	-105.168571	0	T:27.0(13.57%),B:119.5(0.12%),P:1e-45	Tpos:237.7,Tstd:155.8,Bpos:222.9,Bstd:128.1,StrandBias:0.3,Multiplicity:1.00
0.997	0.001	0.001	0.001
0.001	0.997	0.001	0.001
0.001	0.001	0.001	0.997
0.001	0.997	0.001	0.001
0.954	0.001	0.044	0.001
0.001	0.001	0.001	0.997
0.001	0.001	0.997	0.001
0.001	0.001	0.001	0.997
0.001	0.997	0.001	0.001
0.001	0.997	0.001	0.001
>TTCACARYCT	6-TTCACARYCT	12.001544	-100.815971	0	T:25.0(12.56%),B:96.2(0.10%),P:1e-43	Tpos:245.7,Tstd:144.2,Bpos:193.3,Bstd:130.1,StrandBias:0.3,Multiplicity:1.00
0.001	0.001	0.001	0.997
0.001	0.001	0.001	0.997
0.030	0.544	0.387	0.039
0.997	0.001	0.001	0.001
0.001	0.985	0.001	0.013
0.997	0.001	0.001	0.001
0.544	0.017	0.438	0.001
0.001	0.455	0.001	0.543
0.001	0.997	0.001	0.001
0.001	0.001	0.001	0.997
>TCAGGTGCCA	7-TCAGGTGCCA	11.127451	-94.393060	0	T:30.0(15.08%),B:282.6(0.29%),P:1e-40	Tpos:257.5,Tstd:141.8,Bpos:208.8,Bstd:124.2,StrandBias:-0.6,Multiplicity:1.23
0.001	0.001	0.001	0.997
0.001	0.910	0.001	0.088
0.997	0.001	0.001	0.001
0.001	0.001	0.997	0.001
0.001	0.001	0.997	0.001
0.001	0.243	0.001	0.755
0.001	0.001	0.997	0.001
0.001	0.997	0.001	0.001
0.001	0.997	0.001	0.001
0.997	0.001	0.001	0.001
>TTTDACAGCC	8-TTTDACAGCC	10.105789	-92.726079	0	T:41.0(20.60%),B:965.7(0.98%),P:1e-40	Tpos:235.6,Tstd:147.6,Bpos:204.0,Bstd:130.0,StrandBias:-0.6,Multiplicity:1.48
0.001	0.400	0.001	0.598
0.001	0.001	0.226	0.772
0.001	0.001	0.001	0.997
0.257	0.001	0.382	0.360
0.997	0.001	0.001	0.001
0.001	0.954	0.001	0.044
0.997	0.001	0.001	0.001
0.001	0.398	0.600	0.001
0.001	0.997	0.001	0.001
0.001	0.648	0.350	0.001
>ATCTTATCTC	9-ATCTTATCTC	12.098631	-88.308870	0	T:25.0(12.56%),B:159.0(0.16%),P:1e-38	Tpos:236.2,Tstd:192.0,Bpos:211.5,Bstd:116.9,StrandBias:-0.3,Multiplicity:1.00
0.822	0.001	0.176	0.001
0.001	0.001	0.001	0.997
0.001	0.997	0.001	0.001
0.001	0.001	0.001	0.997
0.001	0.001	0.001	0.997
0.997	0.001	0.001	0.001
0.001	0.001	0.001	0.997
0.001	0.997	0.001	0.001
0.001	0.001	0.001	0.997
0.001	0.997	0.001	0.001
>TTTCTCACCG	10-TTTCTCACCG	9.140124	-85.008896	0	T:55.0(27.64%),B:2827.5(2.86%),P:1e-36	Tpos:254.7,Tstd:200.7,Bpos:213.2,Bstd:130.1,StrandBias:0.4,Multiplicity:1.07
0.001	0.099	0.001	0.899
0.001	0.101	0.082	0.816
0.001	0.001	0.001	0.997
0.001	0.997	0.001	0.001
0.180	0.299	0.001	0.520
0.001	0.997	0.001	0.001
0.997	0.001	0.001	0.001
0.178	0.657	0.001	0.164
0.136	0.507	0.251	0.106
0.209	0.217	0.573	0.001
>GTCTCTGACA	11-GTCTCTGACA	11.292044	-83.301413	0	T:27.0(13.57%),B:270.7(0.27%),P:1e-36	Tpos:199.4,Tstd:135.6,Bpos:210.7,Bstd:129.2,StrandBias:-0.6,Multiplicity:1.00
0.001	0.001	0.997	0.001
0.001	0.001	0.001	0.997
0.001	0.997	0.001	0.001
0.001	0.001	0.001	0.997
0.001	0.967	0.001	0.031
0.001	0.001	0.001	0.997
0.081	0.001	0.917	0.001
0.997	0.001	0.001	0.001
0.001	0.997	0.001	0.001
0.997	0.001	0.001	0.001
>CTTTCTCACG	12-CTTTCTCACG	10.840170	-82.340078	0	T:20.0(10.05%),B:71.1(0.07%),P:1e-35	Tpos:206.4,Tstd:134.3,Bpos:190.3,Bstd:135.5,StrandBias:-0.9,Multiplicity:1.00
0.001	0.997	0.001	0.001
0.001	0.001	0.001	0.997
0.001	0.001	0.001	0.997
0.001	0.001	0.001	0.997
0.001	0.948	0.001	0.050
0.001	0.001	0.001	0.997
0.001	0.997	0.001	0.001
0.997	0.001	0.001	0.001
0.001	0.997	0.001	0.001
0.001	0.001	0.997	0.001
>GGAAYAKSGA	13-GGAAYAKSGA	9.174076	-76.324851	0	T:34.0(17.09%),B:808.7(0.82%),P:1e-33	Tpos:236.5,Tstd:171.8,Bpos:201.3,Bstd:119.3,StrandBias:0.1,Multiplicity:1.35
0.061	0.154	0.784	0.001
0.045	0.109	0.801	0.045
0.843	0.001	0.103	0.053
0.918	0.054	0.027	0.001
0.032	0.441	0.068	0.459
0.756	0.029	0.125	0.090
0.049	0.029	0.407	0.515
0.160	0.429	0.410	0.001
0.031	0.085	0.841	0.043
0.787	0.001	0.142	0.070
>CCTAGCACGA	14-CCTAGCACGA	10.574910	-72.002484	0	T:21.0(10.55%),B:149.1(0.15%),P:1e-31	Tpos:245.8,Tstd:152.2,Bpos:226.3,Bstd:128.0,StrandBias:-0.7,Multiplicity:1.00
0.001	0.903	0.001	0.095
0.001	0.923	0.001	0.075
0.001	0.001	0.001	0.997
0.997	0.001	0.001	0.001
0.001	0.001	0.908	0.090
0.001	0.997	0.001	0.001
0.997	0.001	0.001	0.001
0.001	0.965	0.001	0.033
0.259	0.001	0.739	0.001
0.928	0.070	0.001	0.001
>GGATGTCATG	15-GGATGTCATG	10.908379	-69.407189	0	T:27.0(13.57%),B:457.4(0.46%),P:1e-30	Tpos:235.3,Tstd:138.3,Bpos:202.7,Bstd:127.7,StrandBias:-0.1,Multiplicity:1.00
0.001	0.348	0.650	0.001
0.001	0.001	0.997	0.001
0.997	0.001	0.001	0.001
0.365	0.001	0.001	0.633
0.001	0.001	0.997	0.001
0.001	0.001	0.399	0.599
0.001	0.708	0.001	0.290
0.997	0.001	0.001	0.001
0.001	0.001	0.001	0.997
0.258	0.001	0.740	0.001
>TGGGTGTCAG	16-TGGGTGTCAG	13.465300	-54.606747	0	T:19.0(9.55%),B:238.5(0.24%),P:1e-23	Tpos:240.4,Tstd:144.4,Bpos:211.6,Bstd:132.8,StrandBias:0.0,Multiplicity:1.05
0.001	0.001	0.001	0.997
0.030	0.001	0.968	0.001
0.001	0.001	0.997	0.001
0.001	0.001	0.997	0.001
0.001	0.001	0.001	0.997
0.001	0.001	0.997	0.001
0.001	0.001	0.001	0.997
0.001	0.711	0.287	0.001
0.997	0.001	0.001	0.001
0.001	0.001	0.997	0.001
>GGGTCGAGGG	17-GGGTCGAGGG	10.125853	-49.206273	0	T:27.0(13.57%),B:999.0(1.01%),P:1e-21	Tpos:242.9,Tstd:159.9,Bpos:214.3,Bstd:125.4,StrandBias:-0.1,Multiplicity:1.22
0.001	0.001	0.750	0.248
0.248	0.001	0.750	0.001
0.001	0.001	0.997	0.001
0.214	0.155	0.001	0.630
0.354	0.644	0.001	0.001
0.001	0.001	0.952	0.046
0.854	0.001	0.144	0.001
0.201	0.001	0.797	0.001
0.001	0.001	0.868	0.130
0.001	0.001	0.997	0.001
>AGYGGGCAYT	18-AGYGGGCAYT	9.630463	-47.391697	0	T:20.0(10.05%),B:420.8(0.43%),P:1e-20	Tpos:224.4,Tstd:211.1,Bpos:213.0,Bstd:130.8,StrandBias:0.2,Multiplicity:1.20
0.709	0.160	0.130	0.001
0.001	0.001	0.855	0.143
0.001	0.431	0.142	0.426
0.001	0.328	0.670	0.001
0.001	0.066	0.932	0.001
0.060	0.078	0.732	0.130
0.001	0.823	0.175	0.001
0.927	0.071	0.001	0.001
0.169	0.366	0.061	0.404
0.001	0.399	0.001	0.599
>TCACACCCTC	19-TCACACCCTC	8.585137	-45.915751	0	T:47.0(23.62%),B:4513.5(4.57%),P:1e-19	Tpos:249.2,Tstd:127.7,Bpos:207.9,Bstd:130.6,StrandBias:0.4,Multiplicity:1.45
0.114	0.001	0.001	0.884
0.059	0.900	0.040	0.001
0.679	0.194	0.001	0.126
0.001	0.876	0.082	0.041
0.842	0.108	0.001	0.049
0.001	0.777	0.059	0.163
0.029	0.808	0.093	0.070
0.122	0.747	0.038	0.093
0.064	0.032	0.035	0.869
0.110	0.648	0.131	0.111
>BGAGGGCCGA	20-BGAGGGCCGA	10.586065	-45.647049	0	T:16.0(8.04%),B:207.2(0.21%),P:1e-19	Tpos:250.2,Tstd:179.1,Bpos:209.9,Bstd:121.8,StrandBias:-0.7,Multiplicity:1.00
0.001	0.372	0.289	0.338
0.001	0.001	0.710	0.288
0.633	0.001	0.365	0.001
0.253	0.001	0.745	0.001
0.001	0.001	0.997	0.001
0.001	0.001	0.997	0.001
0.001	0.997	0.001	0.001
0.001	0.997	0.001	0.001
0.001	0.001	0.997	0.001
0.997	0.001	0.001	0.001
>CTCAGGCGTA	21-CTCAGGCGTA	12.069810	-45.295580	0	T:14.0(7.04%),B:124.0(0.13%),P:1e-19	Tpos:238.7,Tstd:176.0,Bpos:210.7,Bstd:115.8,StrandBias:-0.4,Multiplicity:1.00
0.001	0.997	0.001	0.001
0.001	0.001	0.001	0.997
0.001	0.997	0.001	0.001
0.997	0.001	0.001	0.001
0.001	0.001	0.997	0.001
0.001	0.001	0.997	0.001
0.001	0.997	0.001	0.001
0.171	0.001	0.827	0.001
0.001	0.001	0.001	0.997
0.997	0.001	0.001	0.001
>GATCTAYGTT	22-GATCTAYGTT	9.929792	-45.287270	0	T:11.0(5.53%),B:41.8(0.04%),P:1e-19	Tpos:350.8,Tstd:201.5,Bpos:224.7,Bstd:123.5,StrandBias:2.2,Multiplicity:1.00
0.246	0.086	0.605	0.063
0.678	0.184	0.001	0.137
0.103	0.062	0.130	0.705
0.062	0.769	0.008	0.161
0.001	0.001	0.048	0.950
0.788	0.074	0.001	0.137
0.001	0.427	0.001	0.571
0.231	0.001	0.703	0.065
0.065	0.145	0.169	0.621
0.198	0.063	0.108	0.631
>CWGCTCTTAA	23-CWGCTCTTAA	10.157123	-33.337610	0	T:25.0(12.56%),B:1579.1(1.60%),P:1e-14	Tpos:189.7,Tstd:69.1,Bpos:216.0,Bstd:129.6,StrandBias:0.3,Multiplicity:1.00
0.001	0.930	0.068	0.001
0.553	0.001	0.001	0.445
0.001	0.351	0.647	0.001
0.001	0.997	0.001	0.001
0.001	0.001	0.001	0.997
0.001	0.997	0.001	0.001
0.266	0.001	0.001	0.732
0.055	0.001	0.136	0.808
0.997	0.001	0.001	0.001
0.751	0.001	0.247	0.001
>TTGTTCTTTG	24-TTGTTCTTTG	10.890821	-28.158256	0	T:16.0(8.04%),B:649.0(0.66%),P:1e-12	Tpos:308.2,Tstd:236.6,Bpos:213.6,Bstd:127.4,StrandBias:0.0,Multiplicity:1.00
0.001	0.001	0.001	0.997
0.001	0.001	0.001	0.997
0.001	0.001	0.997	0.001
0.001	0.001	0.001	0.997
0.097	0.001	0.057	0.845
0.001	0.997	0.001	0.001
0.078	0.001	0.001	0.920
0.001	0.001	0.001	0.997
0.001	0.001	0.001	0.997
0.001	0.001	0.997	0.001
>CTGACCATAW	25-CTGACCATAW	12.204506	-10.614541	0	T:5.0(2.51%),B:165.7(0.17%),P:1e-4	Tpos:225.0,Tstd:127.0,Bpos:205.6,Bstd:122.1,StrandBias:-2.0,Multiplicity:1.00
0.001	0.997	0.001	0.001
0.400	0.001	0.001	0.598
0.001	0.001	0.997	0.001
0.997	0.001	0.001	0.001
0.001	0.997	0.001	0.001
0.001	0.997	0.001	0.001
0.997	0.001	0.001	0.001
0.001	0.001	0.001	0.997
0.853	0.145	0.001	0.001
0.570	0.001	0.001	0.428
>TATAATTCARCY	1-TATAATTCARCY	14.119985	-174.040994	0	T:32.0(16.08%),B:30.7(0.03%),P:1e-75	Tpos:240.8,Tstd:123.1,Bpos:230.3,Bstd:115.2,StrandBias:0.4,Multiplicity:1.00
0.001	0.001	0.001	0.997
0.596	0.402	0.001	0.001
0.001	0.001	0.001	0.997
0.996	0.002	0.001	0.001
0.997	0.001	0.001	0.001
0.001	0.001	0.402	0.596
0.001	0.001	0.001	0.997
0.001	0.997	0.001	0.001
0.997	0.001	0.001	0.001
0.515	0.001	0.483	0.001
0.001	0.997	0.001	0.001
0.001	0.515	0.001	0.483
>GCCATTTGGTCT	2-GCCATTTGGTCT	10.328468	-155.951549	0	T:34.0(17.09%),B:76.0(0.08%),P:1e-67	Tpos:235.7,Tstd:126.8,Bpos:201.7,Bstd:128.1,StrandBias:-0.2,Multiplicity:1.00
0.001	0.001	0.997	0.001
0.001	0.997	0.001	0.001
0.001	0.997	0.001	0.001
0.997	0.001	0.001	0.001
0.082	0.001	0.001	0.916
0.082	0.001	0.001	0.916
0.001	0.001	0.001	0.997
0.001	0.001	0.997	0.001
0.001	0.001	0.997	0.001
0.001	0.159	0.001	0.839
0.001	0.984	0.001	0.014
0.001	0.001	0.001	0.997
>WRAGGTGTGAAA	3-WRAGGTGTGAAA	7.522831	-151.205050	0	T:135.0(67.84%),B:14010.8(14.18%),P:1e-65	Tpos:238.2,Tstd:129.7,Bpos:207.4,Bstd:129.9,StrandBias:-0.1,Multiplicity:1.78
0.384	0.088	0.232	0.296
0.432	0.095	0.344	0.129
0.687	0.001	0.256	0.056
0.075	0.037	0.860	0.028
0.001	0.084	0.914	0.001
0.043	0.001	0.163	0.793
0.055	0.013	0.931	0.001
0.089	0.001	0.121	0.789
0.087	0.099	0.726	0.088
0.921	0.001	0.077	0.001
0.622	0.012	0.287	0.079
0.530	0.099	0.290	0.081
>ACTCATGTCCTT	4-ACTCATGTCCTT	13.720078	-144.031772	0	T:26.0(13.07%),B:22.7(0.02%),P:1e-62	Tpos:241.5,Tstd:157.0,Bpos:221.2,Bstd:108.2,StrandBias:0.2,Multiplicity:1.00
0.997	0.001	0.001	0.001
0.001	0.997	0.001	0.001
0.001	0.001	0.001	0.997
0.001	0.997	0.001	0.001
0.942	0.001	0.056	0.001
0.001	0.001	0.001	0.997
0.001	0.001	0.997	0.001
0.001	0.001	0.001	0.997
0.001	0.997	0.001	0.001
0.001	0.997	0.001	0.001
0.001	0.001	0.001	0.997
0.001	0.001	0.001	0.997
>ATGGTCTCTGAC	5-ATGGTCTCTGAC	13.347218	-131.074197	0	T:28.0(14.07%),B:56.7(0.06%),P:1e-56	Tpos:193.9,Tstd:130.6,Bpos:184.5,Bstd:113.2,StrandBias:-0.6,Multiplicity:1.00
0.997	0.001	0.001	0.001
0.001	0.001	0.001	0.997
0.059	0.001	0.890	0.050
0.001	0.001	0.997	0.001
0.001	0.001	0.001	0.997
0.001	0.945	0.001	0.053
0.001	0.001	0.001	0.997
0.001	0.939	0.001	0.059
0.001	0.001	0.001	0.997
0.135	0.001	0.863	0.001
0.997	0.001	0.001	0.001
0.001	0.997	0.001	0.001
>TTATCTCCGGAA	6-TTATCTCCGGAA	13.972729	-126.643096	0	T:26.0(13.07%),B:43.1(0.04%),P:1e-55	Tpos:222.9,Tstd:190.0,Bpos:192.0,Bstd:111.9,StrandBias:0.0,Multiplicity:1.00
0.001	0.001	0.001	0.997
0.001	0.001	0.001	0.997
0.997	0.001	0.001	0.001
0.001	0.001	0.001	0.997
0.001	0.997	0.001	0.001
0.001	0.001	0.001	0.997
0.001	0.997	0.001	0.001
0.036	0.599	0.001	0.364
0.120	0.001	0.878	0.001
0.001	0.001	0.997	0.001
0.997	0.001	0.001	0.001
0.997	0.001	0.001	0.001
>ATAGATCTTCCT	7-ATAGATCTTCCT	12.584095	-119.295422	0	T:22.0(11.06%),B:21.8(0.02%),P:1e-51	Tpos:268.6,Tstd:190.0,Bpos:263.9,Bstd:114.4,StrandBias:-0.5,Multiplicity:1.00
0.997	0.001	0.001	0.001
0.001	0.001	0.001	0.997
0.890	0.108	0.001	0.001
0.001	0.001	0.997	0.001
0.997	0.001	0.001	0.001
0.001	0.001	0.001	0.997
0.001	0.997	0.001	0.001
0.001	0.166	0.001	0.832
0.001	0.001	0.001	0.997
0.001	0.997	0.001	0.001
0.001	0.997	0.001	0.001
0.001	0.001	0.001	0.997
>GTGAGAAAGTAA	8-GTGAGAAAGTAA	12.507435	-117.549525	0	T:25.0(12.56%),B:49.2(0.05%),P:1e-51	Tpos:242.6,Tstd:195.7,Bpos:180.6,Bstd:148.4,StrandBias:1.2,Multiplicity:1.00
0.001	0.001	0.997	0.001
0.001	0.001	0.001	0.997
0.001	0.001	0.997	0.001
0.997	0.001	0.001	0.001
0.001	0.001	0.997	0.001
0.997	0.001	0.001	0.001
0.997	0.001	0.001	0.001
0.997	0.001	0.001	0.001
0.001	0.001	0.997	0.001
0.001	0.135	0.001	0.863
0.875	0.001	0.123	0.001
0.997	0.001	0.001	0.001
>ACCRGCTCCTAG	9-ACCRGCTCCTAG	12.621799	-114.461527	0	T:24.0(12.06%),B:44.7(0.05%),P:1e-49	Tpos:237.8,Tstd:129.1,Bpos:206.8,Bstd:133.3,StrandBias:-0.7,Multiplicity:1.00
0.997	0.001	0.001	0.001
0.001	0.997	0.001	0.001
0.001	0.994	0.001	0.004
0.459	0.001	0.539	0.001
0.001	0.001	0.997	0.001
0.374	0.624	0.001	0.001
0.001	0.001	0.001	0.997
0.001	0.997	0.001	0.001
0.001	0.933	0.001	0.065
0.001	0.001	0.001	0.997
0.997	0.001	0.001	0.001
0.001	0.001	0.997	0.001
>WWTCYCTTCCTG	10-WWTCYCTTCCTG	12.656695	-112.512972	0	T:33.0(16.58%),B:238.9(0.24%),P:1e-48	Tpos:248.0,Tstd:123.7,Bpos:213.4,Bstd:121.9,StrandBias:-0.2,Multiplicity:1.61
0.497	0.025	0.040	0.438
0.426	0.031	0.033	0.510
0.053	0.001	0.065	0.881
0.138	0.798	0.040	0.024
0.080	0.510	0.001	0.409
0.030	0.944	0.001	0.025
0.001	0.069	0.003	0.927
0.104	0.107	0.025	0.764
0.070	0.892	0.001	0.037
0.090	0.879	0.030	0.001
0.069	0.001	0.001	0.929
0.118	0.100	0.716	0.066
>AGRGGAATAGGG	11-AGRGGAATAGGG	10.559526	-108.743955	0	T:29.0(14.57%),B:148.8(0.15%),P:1e-47	Tpos:166.6,Tstd:100.5,Bpos:196.3,Bstd:138.8,StrandBias:-0.2,Multiplicity:1.00
0.997	0.001	0.001	0.001
0.111	0.001	0.887	0.001
0.555	0.001	0.443	0.001
0.001	0.001	0.997	0.001
0.001	0.001	0.997	0.001
0.997	0.001	0.001	0.001
0.997	0.001	0.001	0.001
0.001	0.048	0.001	0.950
0.997	0.001	0.001	0.001
0.001	0.001	0.997	0.001
0.001	0.001	0.997	0.001
0.001	0.001	0.997	0.001
>ACAGCCTTGGGG	12-ACAGCCTTGGGG	11.060741	-99.112554	0	T:29.0(14.57%),B:207.6(0.21%),P:1e-43	Tpos:235.6,Tstd:134.5,Bpos:221.6,Bstd:123.4,StrandBias:-0.6,Multiplicity:1.62
0.997	0.001	0.001	0.001
0.001	0.997	0.001	0.001
0.997	0.001	0.001	0.001
0.001	0.001	0.997	0.001
0.001	0.997	0.001	0.001
0.001	0.857	0.001	0.141
0.001	0.001	0.001	0.997
0.001	0.158	0.001	0.840
0.163	0.001	0.835	0.001
0.001	0.001	0.997	0.001
0.001	0.001	0.997	0.001
0.001	0.001	0.822	0.176
>GTCAGGCTGGGC	13-GTCAGGCTGGGC	13.244133	-97.631371	0	T:24.0(12.06%),B:89.3(0.09%),P:1e-42	Tpos:229.2,Tstd:159.6,Bpos:209.4,Bstd:136.3,StrandBias:0.2,Multiplicity:1.00
0.049	0.001	0.949	0.001
0.001	0.001	0.001	0.997
0.001	0.997	0.001	0.001
0.997	0.001	0.001	0.001
0.058	0.001	0.940	0.001
0.001	0.029	0.969	0.001
0.001	0.923	0.001	0.075
0.001	0.084	0.001	0.914
0.001	0.001	0.997	0.001
0.047	0.001	0.951	0.001
0.001	0.001	0.997	0.001
0.001	0.997	0.001	0.001
>RGAAGAGGGGAC	14-RGAAGAGGGGAC	12.749419	-91.608018	0	T:23.0(11.56%),B:93.4(0.09%),P:1e-39	Tpos:229.3,Tstd:117.8,Bpos:206.3,Bstd:123.7,StrandBias:0.1,Multiplicity:1.00
0.429	0.001	0.569	0.001
0.001	0.001	0.997	0.001
0.997	0.001	0.001	0.001
0.873	0.001	0.001	0.125
0.001	0.001	0.695	0.303
0.859	0.001	0.001	0.139
0.001	0.140	0.728	0.131
0.117	0.001	0.881	0.001
0.001	0.001	0.997	0.001
0.001	0.131	0.719	0.149
0.997	0.001	0.001	0.001
0.001	0.733	0.140	0.126
>GCGGGCACTCTG	15-GCGGGCACTCTG	13.393830	-86.779288	0	T:19.0(9.55%),B:43.7(0.04%),P:1e-37	Tpos:219.8,Tstd:216.9,Bpos:236.7,Bstd:111.5,StrandBias:0.5,Multiplicity:1.00
0.001	0.001	0.897	0.101
0.001	0.809	0.001	0.189
0.063	0.001	0.935	0.001
0.001	0.001	0.997	0.001
0.001	0.001	0.997	0.001
0.001	0.997	0.001	0.001
0.997	0.001	0.001	0.001
0.001	0.997	0.001	0.001
0.001	0.001	0.001	0.997
0.001	0.876	0.001	0.122
0.001	0.001	0.001	0.997
0.001	0.001	0.997	0.001
>TCCCATGACWTC	16-TCCCATGACWTC	12.098807	-85.666628	0	T:27.0(13.57%),B:247.7(0.25%),P:1e-37	Tpos:233.6,Tstd:135.2,Bpos:205.0,Bstd:130.2,StrandBias:0.1,Multiplicity:1.00
0.001	0.001	0.099	0.899
0.001	0.847	0.001	0.151
0.118	0.679	0.001	0.202
0.112	0.886	0.001	0.001
0.997	0.001	0.001	0.001
0.408	0.001	0.001	0.590
0.001	0.099	0.899	0.001
0.888	0.110	0.001	0.001
0.151	0.847	0.001	0.001
0.492	0.113	0.001	0.394
0.001	0.001	0.001	0.997
0.001	0.997	0.001	0.001
>RGGAGARWGTGA	17-RGGAGARWGTGA	10.452695	-83.373689	0	T:37.0(18.59%),B:874.2(0.88%),P:1e-36	Tpos:231.9,Tstd:131.0,Bpos:213.0,Bstd:127.1,StrandBias:-0.2,Multiplicity:1.54
0.358	0.112	0.489	0.041
0.001	0.001	0.690	0.308
0.140	0.001	0.766	0.093
0.827	0.041	0.130	0.002
0.040	0.030	0.929	0.001
0.512	0.160	0.287	0.041
0.347	0.001	0.452	0.201
0.424	0.001	0.259	0.316
0.001	0.001	0.890	0.108
0.031	0.234	0.001	0.734
0.041	0.122	0.649	0.188
0.997	0.001	0.001	0.001
>GAGGTGTTAACA	18-GAGGTGTTAACA	6.517702	-75.498653	0	T:136.0(68.34%),B:26858.1(27.19%),P:1e-32	Tpos:217.0,Tstd:134.1,Bpos:209.0,Bstd:128.1,StrandBias:0.5,Multiplicity:1.26
0.100	0.100	0.700	0.100
0.700	0.100	0.100	0.100
0.100	0.100	0.700	0.100
0.100	0.100	0.700	0.100
0.100	0.100	0.100	0.700
0.100	0.100	0.700	0.100
0.100	0.100	0.100	0.700
0.100	0.100	0.100	0.700
0.700	0.100	0.100	0.100
0.700	0.100	0.100	0.100
0.100	0.700	0.100	0.100
0.700	0.100	0.100	0.100
>GGCCGAAATGAG	19-GGCCGAAATGAG	12.593479	-72.927489	0	T:14.0(7.04%),B:17.5(0.02%),P:1e-31	Tpos:281.9,Tstd:174.1,Bpos:201.5,Bstd:132.5,StrandBias:-0.8,Multiplicity:1.00
0.001	0.001	0.997	0.001
0.001	0.001	0.997	0.001
0.001	0.997	0.001	0.001
0.001	0.997	0.001	0.001
0.008	0.001	0.990	0.001
0.997	0.001	0.001	0.001
0.997	0.001	0.001	0.001
0.863	0.001	0.135	0.001
0.001	0.001	0.001	0.997
0.001	0.135	0.863	0.001
0.997	0.001	0.001	0.001
0.001	0.001	0.997	0.001
>TGCTGACATGGG	20-TGCTGACATGGG	14.370840	-55.763252	0	T:13.0(6.53%),B:40.1(0.04%),P:1e-24	Tpos:357.8,Tstd:206.3,Bpos:230.9,Bstd:124.5,StrandBias:-1.7,Multiplicity:1.00
0.001	0.001	0.001	0.997
0.001	0.001	0.997	0.001
0.001	0.997	0.001	0.001
0.001	0.001	0.001	0.997
0.001	0.001	0.997	0.001
0.997	0.001	0.001	0.001
0.001	0.859	0.001	0.139
0.997	0.001	0.001	0.001
0.001	0.001	0.001	0.997
0.001	0.001	0.997	0.001
0.228	0.001	0.770	0.001
0.001	0.001	0.997	0.001
>CTTCTTTGTTCT	21-CTTCTTTGTTCT	14.106558	-51.705182	0	T:14.0(7.04%),B:78.6(0.08%),P:1e-22	Tpos:319.1,Tstd:244.2,Bpos:220.7,Bstd:114.3,StrandBias:0.4,Multiplicity:1.00
0.001	0.997	0.001	0.001
0.001	0.001	0.001	0.997
0.001	0.001	0.001	0.997
0.001	0.997	0.001	0.001
0.001	0.001	0.001	0.997
0.001	0.001	0.001	0.997
0.001	0.001	0.001	0.997
0.001	0.001	0.997	0.001
0.001	0.001	0.001	0.997
0.091	0.001	0.001	0.907
0.001	0.903	0.095	0.001
0.001	0.001	0.001	0.997
>ATTCTCCCTCGA	22-ATTCTCCCTCGA	7.229815	-38.934825	0	T:15.0(7.54%),B:254.2(0.26%),P:1e-16	Tpos:324.1,Tstd:243.5,Bpos:206.5,Bstd:122.8,StrandBias:1.1,Multiplicity:1.07
0.997	0.001	0.001	0.001
0.001	0.001	0.001	0.997
0.001	0.001	0.001	0.997
0.001	0.997	0.001	0.001
0.001	0.135	0.001	0.863
0.001	0.919	0.001	0.079
0.001	0.997	0.001	0.001
0.001	0.997	0.001	0.001
0.001	0.001	0.001	0.997
0.001	0.919	0.001	0.079
0.100	0.001	0.898	0.001
0.997	0.001	0.001	0.001
>GAGGTGTGAGCT	23-GAGGTGTGAGCT	7.880948	-26.487574	0	T:50.0(25.13%),B:8453.4(8.56%),P:1e-11	Tpos:217.7,Tstd:150.2,Bpos:209.6,Bstd:132.1,StrandBias:0.1,Multiplicity:1.17
0.134	0.030	0.789	0.047
0.716	0.047	0.201	0.036
0.120	0.112	0.704	0.064
0.119	0.075	0.651	0.155
0.034	0.028	0.039	0.899
0.095	0.056	0.824	0.025
0.126	0.080	0.073	0.721
0.088	0.210	0.602	0.100
0.708	0.048	0.098	0.146
0.016	0.093	0.848	0.043
0.122	0.677	0.084	0.117
0.041	0.080	0.013	0.866
>TCAYCMCCCTTC	24-TCAYCMCCCTTC	13.994221	-19.086062	0	T:5.0(2.51%),B:29.0(0.03%),P:1e-8	Tpos:184.4,Tstd:26.0,Bpos:174.7,Bstd:119.4,StrandBias:0.6,Multiplicity:1.00
0.001	0.244	0.001	0.754
0.001	0.997	0.001	0.001
0.997	0.001	0.001	0.001
0.001	0.327	0.239	0.433
0.001	0.997	0.001	0.001
0.433	0.559	0.001	0.007
0.001	0.997	0.001	0.001
0.062	0.936	0.001	0.001
0.245	0.747	0.007	0.001
0.001	0.001	0.001	0.997
0.001	0.007	0.239	0.753
0.001	0.997	0.001	0.001
>CACTCTGACCAT	25-CACTCTGACCAT	12.355432	-5.111789	0	T:1.0(0.50%),B:4.0(0.00%),P:1e-2	Tpos:100.8,Tstd:46.4,Bpos:233.7,Bstd:116.2,StrandBias:10.0,Multiplicity:5.00
0.100	0.700	0.100	0.100
0.700	0.100	0.100	0.100
0.100	0.700	0.100	0.100
0.100	0.100	0.100	0.700
0.100	0.700	0.100	0.100
0.100	0.100	0.100	0.700
0.100	0.100	0.700	0.100
0.700	0.100	0.100	0.100
0.100	0.700	0.100	0.100
0.100	0.700	0.100	0.100
0.700	0.100	0.100	0.100
0.100	0.100	0.100	0.700
>GGTGTGAR	1-GGTGTGAR	7.220364	-149.059552	0	T:122.0(61.31%),B:10786.7(10.92%),P:1e-64	Tpos:243.8,Tstd:159.7,Bpos:208.6,Bstd:129.1,StrandBias:-0.4,Multiplicity:1.63
0.001	0.001	0.997	0.001
0.001	0.001	0.997	0.001
0.001	0.001	0.001	0.997
0.001	0.001	0.997	0.001
0.001	0.001	0.001	0.997
0.041	0.308	0.575	0.076
0.997	0.001	0.001	0.001
0.518	0.001	0.480	0.001
>GTGTGAAA	2-GTGTGAAA	3.942741	-133.508675	0	T:123.0(61.81%),B:12664.0(12.82%),P:1e-57	Tpos:236.3,Tstd:166.1,Bpos:209.5,Bstd:133.1,StrandBias:0.2,Multiplicity:1.35
0.001	0.001	0.997	0.001
0.001	0.001	0.001	0.997
0.001	0.001	0.997	0.001
0.001	0.305	0.001	0.693
0.001	0.001	0.856	0.142
0.997	0.001	0.001	0.001
0.997	0.001	0.001	0.001
0.933	0.001	0.065	0.001
>TGGCACCT	3-TGGCACCT	3.192031	-127.041583	0	T:106.0(53.27%),B:9099.2(9.21%),P:1e-55	Tpos:234.6,Tstd:153.0,Bpos:209.3,Bstd:126.7,StrandBias:-0.4,Multiplicity:1.49
0.001	0.001	0.001	0.997
0.012	0.001	0.607	0.380
0.387	0.001	0.611	0.001
0.001	0.997	0.001	0.001
0.617	0.001	0.381	0.001
0.001	0.997	0.001	0.001
0.001	0.997	0.001	0.001
0.001	0.001	0.001	0.997
>TTGACACC	4-TTGACACC	6.138082	-123.715115	0	T:137.0(68.84%),B:18184.9(18.41%),P:1e-53	Tpos:225.1,Tstd:145.4,Bpos:208.7,Bstd:130.4,StrandBias:0.1,Multiplicity:1.24
0.292	0.180	0.073	0.456
0.020	0.095	0.007	0.878
0.246	0.236	0.461	0.057
0.599	0.090	0.115	0.196
0.099	0.819	0.045	0.037
0.934	0.030	0.016	0.020
0.119	0.478	0.280	0.123
0.156	0.583	0.049	0.212
>GAATTATA	5-GAATTATA	8.236954	-87.458971	0	T:35.0(17.59%),B:640.3(0.65%),P:1e-37	Tpos:251.6,Tstd:121.5,Bpos:209.3,Bstd:126.8,StrandBias:-0.6,Multiplicity:1.06
0.100	0.100	0.700	0.100
0.700	0.100	0.100	0.100
0.700	0.100	0.100	0.100
0.100	0.100	0.100	0.700
0.100	0.100	0.100	0.700
0.700	0.100	0.100	0.100
0.100	0.100	0.100	0.700
0.700	0.100	0.100	0.100
>GGTGTCGR	6-GGTGTCGR	5.507755	-84.331776	0	T:119.0(59.80%),B:18537.6(18.77%),P:1e-36	Tpos:225.5,Tstd:134.5,Bpos:210.9,Bstd:127.7,StrandBias:0.8,Multiplicity:1.28
0.298	0.035	0.535	0.132
0.081	0.148	0.606	0.165
0.150	0.087	0.045	0.718
0.060	0.012	0.787	0.141
0.243	0.137	0.117	0.503
0.006	0.745	0.001	0.248
0.297	0.073	0.521	0.109
0.524	0.042	0.382	0.052
>CCAAATGG	7-CCAAATGG	8.236954	-79.647259	0	T:43.0(21.61%),B:1559.5(1.58%),P:1e-34	Tpos:234.0,Tstd:119.2,Bpos:205.0,Bstd:119.1,StrandBias:0.5,Multiplicity:1.02
0.100	0.700	0.100	0.100
0.100	0.700	0.100	0.100
0.700	0.100	0.100	0.100
0.700	0.100	0.100	0.100
0.700	0.100	0.100	0.100
0.100	0.100	0.100	0.700
0.100	0.100	0.700	0.100
0.100	0.100	0.700	0.100
>GAATAGGG	8-GAATAGGG	8.236954	-56.754301	0	T:28.0(14.07%),B:834.6(0.84%),P:1e-24	Tpos:269.0,Tstd:181.8,Bpos:213.1,Bstd:114.5,StrandBias:-0.2,Multiplicity:1.21
0.100	0.100	0.700	0.100
0.700	0.100	0.100	0.100
0.700	0.100	0.100	0.100
0.100	0.100	0.100	0.700
0.700	0.100	0.100	0.100
0.100	0.100	0.700	0.100
0.100	0.100	0.700	0.100
0.100	0.100	0.700	0.100
>ATCTYWTC	9-ATCTYWTC	8.493391	-53.810683	0	T:39.0(19.60%),B:2345.8(2.37%),P:1e-23	Tpos:242.2,Tstd:138.5,Bpos:210.8,Bstd:127.4,StrandBias:0.1,Multiplicity:1.05
0.735	0.263	0.001	0.001
0.001	0.264	0.257	0.478
0.001	0.997	0.001	0.001
0.001	0.256	0.001	0.742
0.001	0.537	0.001	0.461
0.461	0.001	0.001	0.537
0.001	0.001	0.001	0.997
0.001	0.997	0.001	0.001
>TTTACAGC	10-TTTACAGC	10.521141	-52.492654	0	T:31.0(15.58%),B:1317.4(1.33%),P:1e-22	Tpos:249.9,Tstd:128.0,Bpos:210.6,Bstd:131.4,StrandBias:-0.3,Multiplicity:1.00
0.001	0.001	0.001	0.997
0.001	0.001	0.001	0.997
0.062	0.001	0.359	0.578
0.997	0.001	0.001	0.001
0.001	0.997	0.001	0.001
0.997	0.001	0.001	0.001
0.001	0.001	0.997	0.001
0.001	0.997	0.001	0.001
>GGATGGTC	11-GGATGGTC	9.623463	-40.290702	0	T:29.0(14.57%),B:1717.2(1.74%),P:1e-17	Tpos:209.4,Tstd:144.9,Bpos:206.6,Bstd:119.7,StrandBias:-0.7,Multiplicity:1.07
0.001	0.001	0.873	0.125
0.001	0.001	0.729	0.269
0.997	0.001	0.001	0.001
0.001	0.001	0.001	0.997
0.001	0.001	0.997	0.001
0.001	0.001	0.997	0.001
0.001	0.001	0.001	0.997
0.001	0.997	0.001	0.001
>CTCATGTC	12-CTCATGTC	11.031620	-39.631101	0	T:29.0(14.57%),B:1761.8(1.78%),P:1e-17	Tpos:235.2,Tstd:155.6,Bpos:212.0,Bstd:127.2,StrandBias:0.0,Multiplicity:1.17
0.001	0.997	0.001	0.001
0.001	0.001	0.001	0.997
0.001	0.997	0.001	0.001
0.963	0.001	0.035	0.001
0.001	0.001	0.001	0.997
0.001	0.001	0.997	0.001
0.001	0.001	0.001	0.997
0.001	0.997	0.001	0.001
>GCCGAAGT	13-GCCGAAGT	10.974994	-38.873161	0	T:14.0(7.04%),B:198.5(0.20%),P:1e-16	Tpos:258.9,Tstd:188.0,Bpos:212.1,Bstd:128.5,StrandBias:-0.4,Multiplicity:1.00
0.001	0.001	0.997	0.001
0.001	0.997	0.001	0.001
0.001	0.997	0.001	0.001
0.001	0.001	0.997	0.001
0.954	0.001	0.001	0.044
0.997	0.001	0.001	0.001
0.047	0.001	0.951	0.001
0.001	0.001	0.001	0.997
>GGGWGATA	14-GGGWGATA	8.124523	-38.509165	0	T:39.0(19.60%),B:3668.7(3.71%),P:1e-16	Tpos:218.2,Tstd:138.2,Bpos:208.1,Bstd:121.3,StrandBias:-0.3,Multiplicity:1.56
0.025	0.327	0.515	0.133
0.001	0.070	0.928	0.001
0.001	0.001	0.837	0.161
0.546	0.001	0.001	0.452
0.001	0.001	0.997	0.001
0.953	0.045	0.001	0.001
0.001	0.001	0.001	0.997
0.749	0.001	0.001	0.249
>ATCTTATC	15-ATCTTATC	11.005213	-37.001380	0	T:20.0(10.05%),B:725.0(0.73%),P:1e-16	Tpos:255.6,Tstd:215.0,Bpos:211.5,Bstd:123.8,StrandBias:-0.2,Multiplicity:1.00
0.997	0.001	0.001	0.001
0.031	0.001	0.001	0.967
0.031	0.967	0.001	0.001
0.001	0.001	0.001	0.997
0.001	0.001	0.001	0.997
0.997	0.001	0.001	0.001
0.001	0.001	0.001	0.997
0.001	0.997	0.001	0.001
>GAGGTGAC	16-GAGGTGAC	8.222131	-36.069624	0	T:56.0(28.14%),B:8190.7(8.29%),P:1e-15	Tpos:259.3,Tstd:184.7,Bpos:210.5,Bstd:130.5,StrandBias:0.2,Multiplicity:1.16
0.001	0.001	0.997	0.001
0.753	0.001	0.245	0.001
0.001	0.001	0.997	0.001
0.001	0.001	0.997	0.001
0.001	0.001	0.196	0.802
0.026	0.001	0.972	0.001
0.525	0.335	0.071	0.069
0.001	0.761	0.003	0.235
>TGAAGGGC	17-TGAAGGGC	10.730317	-35.565444	0	T:28.0(14.07%),B:1895.1(1.92%),P:1e-15	Tpos:237.5,Tstd:150.5,Bpos:209.7,Bstd:133.9,StrandBias:0.3,Multiplicity:1.00
0.001	0.001	0.001	0.997
0.034	0.001	0.915	0.050
0.997	0.001	0.001	0.001
0.997	0.001	0.001	0.001
0.098	0.001	0.900	0.001
0.001	0.001	0.860	0.138
0.001	0.001	0.997	0.001
0.001	0.997	0.001	0.001
>GGCACTCT	18-GGCACTCT	8.236954	-33.326038	0	T:24.0(12.06%),B:1427.8(1.45%),P:1e-14	Tpos:215.8,Tstd:202.4,Bpos:215.2,Bstd:123.2,StrandBias:0.2,Multiplicity:1.00
0.100	0.100	0.700	0.100
0.100	0.100	0.700	0.100
0.100	0.700	0.100	0.100
0.700	0.100	0.100	0.100
0.100	0.700	0.100	0.100
0.100	0.100	0.100	0.700
0.100	0.700	0.100	0.100
0.100	0.100	0.100	0.700
>RGATCGAT	19-RGATCGAT	9.313763	-29.804979	0	T:11.0(5.53%),B:171.1(0.17%),P:1e-12	Tpos:152.7,Tstd:115.6,Bpos:200.9,Bstd:111.3,StrandBias:-0.8,Multiplicity:1.00
0.433	0.001	0.565	0.001
0.001	0.298	0.700	0.001
0.985	0.001	0.013	0.001
0.001	0.001	0.001	0.997
0.016	0.982	0.001	0.001
0.001	0.206	0.658	0.135
0.930	0.068	0.001	0.001
0.206	0.001	0.068	0.725
>CGTGCTAG	20-CGTGCTAG	8.424247	-28.452445	0	T:14.0(7.04%),B:429.9(0.44%),P:1e-12	Tpos:290.6,Tstd:150.6,Bpos:216.9,Bstd:126.9,StrandBias:0.4,Multiplicity:1.00
0.001	0.997	0.001	0.001
0.001	0.001	0.997	0.001
0.001	0.001	0.001	0.997
0.001	0.001	0.997	0.001
0.071	0.927	0.001	0.001
0.001	0.001	0.001	0.997
0.997	0.001	0.001	0.001
0.001	0.001	0.997	0.001
>CATCCAAG	21-CATCCAAG	8.236954	-27.832437	0	T:23.0(11.56%),B:1676.0(1.70%),P:1e-12	Tpos:235.3,Tstd:157.9,Bpos:207.9,Bstd:124.7,StrandBias:0.0,Multiplicity:1.04
0.100	0.700	0.100	0.100
0.700	0.100	0.100	0.100
0.100	0.100	0.100	0.700
0.100	0.700	0.100	0.100
0.100	0.700	0.100	0.100
0.700	0.100	0.100	0.100
0.700	0.100	0.100	0.100
0.100	0.100	0.700	0.100
>GCATGGGA	22-GCATGGGA	8.532030	-23.636707	0	T:32.0(16.08%),B:4072.9(4.12%),P:1e-10	Tpos:238.0,Tstd:143.7,Bpos:212.4,Bstd:125.0,StrandBias:-0.5,Multiplicity:1.06
0.001	0.001	0.641	0.357
0.001	0.997	0.001	0.001
0.997	0.001	0.001	0.001
0.001	0.123	0.001	0.875
0.001	0.001	0.997	0.001
0.001	0.001	0.997	0.001
0.001	0.001	0.997	0.001
0.997	0.001	0.001	0.001
>CATAGATC	23-CATAGATC	9.343351	-21.724600	0	T:19.0(9.55%),B:1509.3(1.53%),P:1e-9	Tpos:370.8,Tstd:203.9,Bpos:209.8,Bstd:121.1,StrandBias:-1.7,Multiplicity:1.11
0.001	0.997	0.001	0.001
0.997	0.001	0.001	0.001
0.001	0.001	0.001	0.997
0.997	0.001	0.001	0.001
0.001	0.178	0.820	0.001
0.997	0.001	0.001	0.001
0.001	0.001	0.001	0.997
0.001	0.997	0.001	0.001
>AGTGGGCA	24-AGTGGGCA	8.236954	-18.412764	0	T:22.0(11.06%),B:2502.4(2.53%),P:1e-7	Tpos:271.6,Tstd:182.3,Bpos:204.7,Bstd:122.5,StrandBias:-0.6,Multiplicity:1.00
0.700	0.100	0.100	0.100
0.100	0.100	0.700	0.100
0.100	0.100	0.100	0.700
0.100	0.100	0.700	0.100
0.100	0.100	0.700	0.100
0.100	0.100	0.700	0.100
0.100	0.700	0.100	0.100
0.700	0.100	0.100	0.100
>TCTTTGTT	25-TCTTTGTT	8.236954	-11.941780	0	T:21.0(10.55%),B:3406.3(3.45%),P:1e-5	Tpos:255.6,Tstd:209.1,Bpos:210.4,Bstd:127.7,StrandBias:0.0,Multiplicity:1.14
0.100	0.100	0.100	0.700
0.100	0.700	0.100	0.100
0.100	0.100	0.100	0.700
0.100	0.100	0.100	0.700
0.100	0.100	0.100	0.700
0.100	0.100	0.700	0.100
0.100	0.100	0.100	0.700
0.100	0.100	0.100	0.700
