>GAGGTGTGAA	1-GAGGTGTGAA	7.120077	-229.180358	0	T:159.0(79.90%),B:13144.0(13.31%),P:1e-99	Tpos:229.6,Tstd:131.2,Bpos:207.8,Bstd:131.6,StrandBias:-0.0,Multiplicity:1.69
0.275	0.034	0.660	0.031
0.739	0.027	0.159	0.075
0.081	0.044	0.816	0.059
0.010	0.050	0.918	0.022
0.008	0.079	0.023	0.890
0.001	0.018	0.959	0.022
0.130	0.037	0.041	0.792
0.036	0.139	0.612	0.213
0.932	0.001	0.042	0.025
0.684	0.051	0.222	0.043
>GAATTATAGT	2-GAATTATAGT	10.296193	-147.746993	0	T:31.0(15.58%),B:57.4(0.06%),P:1e-64	Tpos:243.8,Tstd:125.0,Bpos:219.8,Bstd:118.2,StrandBias:-0.1,Multiplicity:1.00
0.100	0.100	0.700	0.100
0.700	0.100	0.100	0.100
0.700	0.100	0.100	0.100
0.100	0.100	0.100	0.700
0.100	0.100	0.100	0.700
0.700	0.100	0.100	0.100
0.100	0.100	0.100	0.700
0.700	0.100	0.100	0.100
0.100	0.100	0.700	0.100
0.100	0.100	0.100	0.700
>TATCTCTTCC	3-TATCTCTTCC	10.296193	-119.518829	0	T:32.0(16.08%),B:166.1(0.17%),P:1e-51	Tpos:239.1,Tstd:130.1,Bpos:225.9,Bstd:123.1,StrandBias:-0.3,Multiplicity:1.03
0.100	0.100	0.100	0.700
0.700	0.100	0.100	0.100
0.100	0.100	0.100	0.700
0.100	0.700	0.100	0.100
0.100	0.100	0.100	0.700
0.100	0.700	0.100	0.100
0.100	0.100	0.100	0.700
0.100	0.100	0.100	0.700
0.100	0.700	0.100	0.100
0.100	0.700	0.100	0.100
>CCATTTGGCC	4-CCATTTGGCC	7.882085	-112.034131	0	T:36.0(18.09%),B:352.7(0.36%),P:1e-48	Tpos:235.6,Tstd:125.7,Bpos:210.4,Bstd:119.3,StrandBias:-0.1,Multiplicity:1.00
0.001	0.997	0.001	0.001
0.001	0.997	0.001	0.001
0.997	0.001	0.001	0.001
0.053	0.001	0.001	0.945
0.053	0.001	0.001	0.945
0.001	0.001	0.041	0.957
0.001	0.001	0.997	0.001
0.001	0.001	0.997	0.001
0.001	0.997	0.001	0.001
0.001	0.957	0.041	0.001
>ACTCATGTCC	5-ACTCATGTCC	10.712336	-105.168571	0	T:27.0(13.57%),B:119.5(0.12%),P:1e-45	Tpos:237.7,Tstd:155.8,Bpos:222.9,Bstd:128.1,StrandBias:0.3,Multiplicity:1.00
0.997	0.001	0.001	0.001
0.001	0.997	0.001	0.001
0.001	0.001	0.001	0.997
0.001	0.997	0.001	0.001
0.954	0.001	0.044	0.001
0.001	0.001	0.001	0.997
0.001	0.001	0.997	0.001
0.001	0.001	0.001	0.997
0.001	0.997	0.001	0.001
0.001	0.997	0.001	0.001
>TTCACARYCT	6-TTCACARYCT	12.001544	-100.815971	0	T:25.0(12.56%),B:96.2(0.10%),P:1e-43	Tpos:245.7,Tstd:144.2,Bpos:193.3,Bstd:130.1,StrandBias:0.3,Multiplicity:1.00
0.001	0.001	0.001	0.997
0.001	0.001	0.001	0.997
0.030	0.544	0.387	0.039
0.997	0.001	0.001	0.001
0.001	0.985	0.001	0.013
0.997	0.001	0.001	0.001
0.544	0.017	0.438	0.001
0.001	0.455	0.001	0.543
0.001	0.997	0.001	0.001
0.001	0.001	0.001	0.997
>TCAGGTGCCA	7-TCAGGTGCCA	11.127451	-94.393060	0	T:30.0(15.08%),B:282.6(0.29%),P:1e-40	Tpos:257.5,Tstd:141.8,Bpos:208.8,Bstd:124.2,StrandBias:-0.6,Multiplicity:1.23
0.001	0.001	0.001	0.997
0.001	0.910	0.001	0.088
0.997	0.001	0.001	0.001
0.001	0.001	0.997	0.001
0.001	0.001	0.997	0.001
0.001	0.243	0.001	0.755
0.001	0.001	0.997	0.001
0.001	0.997	0.001	0.001
0.001	0.997	0.001	0.001
0.997	0.001	0.001	0.001
>TTTDACAGCC	8-TTTDACAGCC	10.105789	-92.726079	0	T:41.0(20.60%),B:965.7(0.98%),P:1e-40	Tpos:235.6,Tstd:147.6,Bpos:204.0,Bstd:130.0,StrandBias:-0.6,Multiplicity:1.48
0.001	0.400	0.001	0.598
0.001	0.001	0.226	0.772
0.001	0.001	0.001	0.997
0.257	0.001	0.382	0.360
0.997	0.001	0.001	0.001
0.001	0.954	0.001	0.044
0.997	0.001	0.001	0.001
0.001	0.398	0.600	0.001
0.001	0.997	0.001	0.001
0.001	0.648	0.350	0.001
>ATCTTATCTC	9-ATCTTATCTC	12.098631	-88.308870	0	T:25.0(12.56%),B:159.0(0.16%),P:1e-38	Tpos:236.2,Tstd:192.0,Bpos:211.5,Bstd:116.9,StrandBias:-0.3,Multiplicity:1.00
0.822	0.001	0.176	0.001
0.001	0.001	0.001	0.997
0.001	0.997	0.001	0.001
0.001	0.001	0.001	0.997
0.001	0.001	0.001	0.997
0.997	0.001	0.001	0.001
0.001	0.001	0.001	0.997
0.001	0.997	0.001	0.001
0.001	0.001	0.001	0.997
0.001	0.997	0.001	0.001
>TTTCTCACCG	10-TTTCTCACCG	9.140124	-85.008896	0	T:55.0(27.64%),B:2827.5(2.86%),P:1e-36	Tpos:254.7,Tstd:200.7,Bpos:213.2,Bstd:130.1,StrandBias:0.4,Multiplicity:1.07
0.001	0.099	0.001	0.899
0.001	0.101	0.082	0.816
0.001	0.001	0.001	0.997
0.001	0.997	0.001	0.001
0.180	0.299	0.001	0.520
0.001	0.997	0.001	0.001
0.997	0.001	0.001	0.001
0.178	0.657	0.001	0.164
0.136	0.507	0.251	0.106
0.209	0.217	0.573	0.001
>GTCTCTGACA	11-GTCTCTGACA	11.292044	-83.301413	0	T:27.0(13.57%),B:270.7(0.27%),P:1e-36	Tpos:199.4,Tstd:135.6,Bpos:210.7,Bstd:129.2,StrandBias:-0.6,Multiplicity:1.00
0.001	0.001	0.997	0.001
0.001	0.001	0.001	0.997
0.001	0.997	0.001	0.001
0.001	0.001	0.001	0.997
0.001	0.967	0.001	0.031
0.001	0.001	0.001	0.997
0.081	0.001	0.917	0.001
0.997	0.001	0.001	0.001
0.001	0.997	0.001	0.001
0.997	0.001	0.001	0.001
>CTTTCTCACG	12-CTTTCTCACG	10.840170	-82.340078	0	T:20.0(10.05%),B:71.1(0.07%),P:1e-35	Tpos:206.4,Tstd:134.3,Bpos:190.3,Bstd:135.5,StrandBias:-0.9,Multiplicity:1.00
0.001	0.997	0.001	0.001
0.001	0.001	0.001	0.997
0.001	0.001	0.001	0.997
0.001	0.001	0.001	0.997
0.001	0.948	0.001	0.050
0.001	0.001	0.001	0.997
0.001	0.997	0.001	0.001
0.997	0.001	0.001	0.001
0.001	0.997	0.001	0.001
0.001	0.001	0.997	0.001
>GGAAYAKSGA	13-GGAAYAKSGA	9.174076	-76.324851	0	T:34.0(17.09%),B:808.7(0.82%),P:1e-33	Tpos:236.5,Tstd:171.8,Bpos:201.3,Bstd:119.3,StrandBias:0.1,Multiplicity:1.35
0.061	0.154	0.784	0.001
0.045	0.109	0.801	0.045
0.843	0.001	0.103	0.053
0.918	0.054	0.027	0.001
0.032	0.441	0.068	0.459
0.756	0.029	0.125	0.090
0.049	0.029	0.407	0.515
0.160	0.429	0.410	0.001
0.031	0.085	0.841	0.043
0.787	0.001	0.142	0.070
>CCTAGCACGA	14-CCTAGCACGA	10.574910	-72.002484	0	T:21.0(10.55%),B:149.1(0.15%),P:1e-31	Tpos:245.8,Tstd:152.2,Bpos:226.3,Bstd:128.0,StrandBias:-0.7,Multiplicity:1.00
0.001	0.903	0.001	0.095
0.001	0.923	0.001	0.075
0.001	0.001	0.001	0.997
0.997	0.001	0.001	0.001
0.001	0.001	0.908	0.090
0.001	0.997	0.001	0.001
0.997	0.001	0.001	0.001
0.001	0.965	0.001	0.033
0.259	0.001	0.739	0.001
0.928	0.070	0.001	0.001
>GGATGTCATG	15-GGATGTCATG	10.908379	-69.407189	0	T:27.0(13.57%),B:457.4(0.46%),P:1e-30	Tpos:235.3,Tstd:138.3,Bpos:202.7,Bstd:127.7,StrandBias:-0.1,Multiplicity:1.00
0.001	0.348	0.650	0.001
0.001	0.001	0.997	0.001
0.997	0.001	0.001	0.001
0.365	0.001	0.001	0.633
0.001	0.001	0.997	0.001
0.001	0.001	0.399	0.599
0.001	0.708	0.001	0.290
0.997	0.001	0.001	0.001
0.001	0.001	0.001	0.997
0.258	0.001	0.740	0.001
>TGGGTGTCAG	16-TGGGTGTCAG	13.465300	-54.606747	0	T:19.0(9.55%),B:238.5(0.24%),P:1e-23	Tpos:240.4,Tstd:144.4,Bpos:211.6,Bstd:132.8,StrandBias:0.0,Multiplicity:1.05
0.001	0.001	0.001	0.997
0.030	0.001	0.968	0.001
0.001	0.001	0.997	0.001
0.001	0.001	0.997	0.001
0.001	0.001	0.001	0.997
0.001	0.001	0.997	0.001
0.001	0.001	0.001	0.997
0.001	0.711	0.287	0.001
0.997	0.001	0.001	0.001
0.001	0.001	0.997	0.001
>GGGTCGAGGG	17-GGGTCGAGGG	10.125853	-49.206273	0	T:27.0(13.57%),B:999.0(1.01%),P:1e-21	Tpos:242.9,Tstd:159.9,Bpos:214.3,Bstd:125.4,StrandBias:-0.1,Multiplicity:1.22
0.001	0.001	0.750	0.248
0.248	0.001	0.750	0.001
0.001	0.001	0.997	0.001
0.214	0.155	0.001	0.630
0.354	0.644	0.001	0.001
0.001	0.001	0.952	0.046
0.854	0.001	0.144	0.001
0.201	0.001	0.797	0.001
0.001	0.001	0.868	0.130
0.001	0.001	0.997	0.001
>AGYGGGCAYT	18-AGYGGGCAYT	9.630463	-47.391697	0	T:20.0(10.05%),B:420.8(0.43%),P:1e-20	Tpos:224.4,Tstd:211.1,Bpos:213.0,Bstd:130.8,StrandBias:0.2,Multiplicity:1.20
0.709	0.160	0.130	0.001
0.001	0.001	0.855	0.143
0.001	0.431	0.142	0.426
0.001	0.328	0.670	0.001
0.001	0.066	0.932	0.001
0.060	0.078	0.732	0.130
0.001	0.823	0.175	0.001
0.927	0.071	0.001	0.001
0.169	0.366	0.061	0.404
0.001	0.399	0.001	0.599
>TCACACCCTC	19-TCACACCCTC	8.585137	-45.915751	0	T:47.0(23.62%),B:4513.5(4.57%),P:1e-19	Tpos:249.2,Tstd:127.7,Bpos:207.9,Bstd:130.6,StrandBias:0.4,Multiplicity:1.45
0.114	0.001	0.001	0.884
0.059	0.900	0.040	0.001
0.679	0.194	0.001	0.126
0.001	0.876	0.082	0.041
0.842	0.108	0.001	0.049
0.001	0.777	0.059	0.163
0.029	0.808	0.093	0.070
0.122	0.747	0.038	0.093
0.064	0.032	0.035	0.869
0.110	0.648	0.131	0.111
>BGAGGGCCGA	20-BGAGGGCCGA	10.586065	-45.647049	0	T:16.0(8.04%),B:207.2(0.21%),P:1e-19	Tpos:250.2,Tstd:179.1,Bpos:209.9,Bstd:121.8,StrandBias:-0.7,Multiplicity:1.00
0.001	0.372	0.289	0.338
0.001	0.001	0.710	0.288
0.633	0.001	0.365	0.001
0.253	0.001	0.745	0.001
0.001	0.001	0.997	0.001
0.001	0.001	0.997	0.001
0.001	0.997	0.001	0.001
0.001	0.997	0.001	0.001
0.001	0.001	0.997	0.001
0.997	0.001	0.001	0.001
>CTCAGGCGTA	21-CTCAGGCGTA	12.069810	-45.295580	0	T:14.0(7.04%),B:124.0(0.13%),P:1e-19	Tpos:238.7,Tstd:176.0,Bpos:210.7,Bstd:115.8,StrandBias:-0.4,Multiplicity:1.00
0.001	0.997	0.001	0.001
0.001	0.001	0.001	0.997
0.001	0.997	0.001	0.001
0.997	0.001	0.001	0.001
0.001	0.001	0.997	0.001
0.001	0.001	0.997	0.001
0.001	0.997	0.001	0.001
0.171	0.001	0.827	0.001
0.001	0.001	0.001	0.997
0.997	0.001	0.001	0.001
>GATCTAYGTT	22-GATCTAYGTT	9.929792	-45.287270	0	T:11.0(5.53%),B:41.8(0.04%),P:1e-19	Tpos:350.8,Tstd:201.5,Bpos:224.7,Bstd:123.5,StrandBias:2.2,Multiplicity:1.00
0.246	0.086	0.605	0.063
0.678	0.184	0.001	0.137
0.103	0.062	0.130	0.705
0.062	0.769	0.008	0.161
0.001	0.001	0.048	0.950
0.788	0.074	0.001	0.137
0.001	0.427	0.001	0.571
0.231	0.001	0.703	0.065
0.065	0.145	0.169	0.621
0.198	0.063	0.108	0.631
>CWGCTCTTAA	23-CWGCTCTTAA	10.157123	-33.337610	0	T:25.0(12.56%),B:1579.1(1.60%),P:1e-14	Tpos:189.7,Tstd:69.1,Bpos:216.0,Bstd:129.6,StrandBias:0.3,Multiplicity:1.00
0.001	0.930	0.068	0.001
0.553	0.001	0.001	0.445
0.001	0.351	0.647	0.001
0.001	0.997	0.001	0.001
0.001	0.001	0.001	0.997
0.001	0.997	0.001	0.001
0.266	0.001	0.001	0.732
0.055	0.001	0.136	0.808
0.997	0.001	0.001	0.001
0.751	0.001	0.247	0.001
>TTGTTCTTTG	24-TTGTTCTTTG	10.890821	-28.158256	0	T:16.0(8.04%),B:649.0(0.66%),P:1e-12	Tpos:308.2,Tstd:236.6,Bpos:213.6,Bstd:127.4,StrandBias:0.0,Multiplicity:1.00
0.001	0.001	0.001	0.997
0.001	0.001	0.001	0.997
0.001	0.001	0.997	0.001
0.001	0.001	0.001	0.997
0.097	0.001	0.057	0.845
0.001	0.997	0.001	0.001
0.078	0.001	0.001	0.920
0.001	0.001	0.001	0.997
0.001	0.001	0.001	0.997
0.001	0.001	0.997	0.001
>CTGACCATAW	25-CTGACCATAW	12.204506	-10.614541	0	T:5.0(2.51%),B:165.7(0.17%),P:1e-4	Tpos:225.0,Tstd:127.0,Bpos:205.6,Bstd:122.1,StrandBias:-2.0,Multiplicity:1.00
0.001	0.997	0.001	0.001
0.400	0.001	0.001	0.598
0.001	0.001	0.997	0.001
0.997	0.001	0.001	0.001
0.001	0.997	0.001	0.001
0.001	0.997	0.001	0.001
0.997	0.001	0.001	0.001
0.001	0.001	0.001	0.997
0.853	0.145	0.001	0.001
0.570	0.001	0.001	0.428
