>TATAATTCARCY	1-TATAATTCARCY	14.119985	-174.040994	0	T:32.0(16.08%),B:30.7(0.03%),P:1e-75	Tpos:240.8,Tstd:123.1,Bpos:230.3,Bstd:115.2,StrandBias:0.4,Multiplicity:1.00
0.001	0.001	0.001	0.997
0.596	0.402	0.001	0.001
0.001	0.001	0.001	0.997
0.996	0.002	0.001	0.001
0.997	0.001	0.001	0.001
0.001	0.001	0.402	0.596
0.001	0.001	0.001	0.997
0.001	0.997	0.001	0.001
0.997	0.001	0.001	0.001
0.515	0.001	0.483	0.001
0.001	0.997	0.001	0.001
0.001	0.515	0.001	0.483
>GCCATTTGGTCT	2-GCCATTTGGTCT	10.328468	-155.951549	0	T:34.0(17.09%),B:76.0(0.08%),P:1e-67	Tpos:235.7,Tstd:126.8,Bpos:201.7,Bstd:128.1,StrandBias:-0.2,Multiplicity:1.00
0.001	0.001	0.997	0.001
0.001	0.997	0.001	0.001
0.001	0.997	0.001	0.001
0.997	0.001	0.001	0.001
0.082	0.001	0.001	0.916
0.082	0.001	0.001	0.916
0.001	0.001	0.001	0.997
0.001	0.001	0.997	0.001
0.001	0.001	0.997	0.001
0.001	0.159	0.001	0.839
0.001	0.984	0.001	0.014
0.001	0.001	0.001	0.997
>WRAGGTGTGAAA	3-WRAGGTGTGAAA	7.522831	-151.205050	0	T:135.0(67.84%),B:14010.8(14.18%),P:1e-65	Tpos:238.2,Tstd:129.7,Bpos:207.4,Bstd:129.9,StrandBias:-0.1,Multiplicity:1.78
0.384	0.088	0.232	0.296
0.432	0.095	0.344	0.129
0.687	0.001	0.256	0.056
0.075	0.037	0.860	0.028
0.001	0.084	0.914	0.001
0.043	0.001	0.163	0.793
0.055	0.013	0.931	0.001
0.089	0.001	0.121	0.789
0.087	0.099	0.726	0.088
0.921	0.001	0.077	0.001
0.622	0.012	0.287	0.079
0.530	0.099	0.290	0.081
>ACTCATGTCCTT	4-ACTCATGTCCTT	13.720078	-144.031772	0	T:26.0(13.07%),B:22.7(0.02%),P:1e-62	Tpos:241.5,Tstd:157.0,Bpos:221.2,Bstd:108.2,StrandBias:0.2,Multiplicity:1.00
0.997	0.001	0.001	0.001
0.001	0.997	0.001	0.001
0.001	0.001	0.001	0.997
0.001	0.997	0.001	0.001
0.942	0.001	0.056	0.001
0.001	0.001	0.001	0.997
0.001	0.001	0.997	0.001
0.001	0.001	0.001	0.997
0.001	0.997	0.001	0.001
0.001	0.997	0.001	0.001
0.001	0.001	0.001	0.997
0.001	0.001	0.001	0.997
>ATGGTCTCTGAC	5-ATGGTCTCTGAC	13.347218	-131.074197	0	T:28.0(14.07%),B:56.7(0.06%),P:1e-56	Tpos:193.9,Tstd:130.6,Bpos:184.5,Bstd:113.2,StrandBias:-0.6,Multiplicity:1.00
0.997	0.001	0.001	0.001
0.001	0.001	0.001	0.997
0.059	0.001	0.890	0.050
0.001	0.001	0.997	0.001
0.001	0.001	0.001	0.997
0.001	0.945	0.001	0.053
0.001	0.001	0.001	0.997
0.001	0.939	0.001	0.059
0.001	0.001	0.001	0.997
0.135	0.001	0.863	0.001
0.997	0.001	0.001	0.001
0.001	0.997	0.001	0.001
>TTATCTCCGGAA	6-TTATCTCCGGAA	13.972729	-126.643096	0	T:26.0(13.07%),B:43.1(0.04%),P:1e-55	Tpos:222.9,Tstd:190.0,Bpos:192.0,Bstd:111.9,StrandBias:0.0,Multiplicity:1.00
0.001	0.001	0.001	0.997
0.001	0.001	0.001	0.997
0.997	0.001	0.001	0.001
0.001	0.001	0.001	0.997
0.001	0.997	0.001	0.001
0.001	0.001	0.001	0.997
0.001	0.997	0.001	0.001
0.036	0.599	0.001	0.364
0.120	0.001	0.878	0.001
0.001	0.001	0.997	0.001
0.997	0.001	0.001	0.001
0.997	0.001	0.001	0.001
>ATAGATCTTCCT	7-ATAGATCTTCCT	12.584095	-119.295422	0	T:22.0(11.06%),B:21.8(0.02%),P:1e-51	Tpos:268.6,Tstd:190.0,Bpos:263.9,Bstd:114.4,StrandBias:-0.5,Multiplicity:1.00
0.997	0.001	0.001	0.001
0.001	0.001	0.001	0.997
0.890	0.108	0.001	0.001
0.001	0.001	0.997	0.001
0.997	0.001	0.001	0.001
0.001	0.001	0.001	0.997
0.001	0.997	0.001	0.001
0.001	0.166	0.001	0.832
0.001	0.001	0.001	0.997
0.001	0.997	0.001	0.001
0.001	0.997	0.001	0.001
0.001	0.001	0.001	0.997
>GTGAGAAAGTAA	8-GTGAGAAAGTAA	12.507435	-117.549525	0	T:25.0(12.56%),B:49.2(0.05%),P:1e-51	Tpos:242.6,Tstd:195.7,Bpos:180.6,Bstd:148.4,StrandBias:1.2,Multiplicity:1.00
0.001	0.001	0.997	0.001
0.001	0.001	0.001	0.997
0.001	0.001	0.997	0.001
0.997	0.001	0.001	0.001
0.001	0.001	0.997	0.001
0.997	0.001	0.001	0.001
0.997	0.001	0.001	0.001
0.997	0.001	0.001	0.001
0.001	0.001	0.997	0.001
0.001	0.135	0.001	0.863
0.875	0.001	0.123	0.001
0.997	0.001	0.001	0.001
>ACCRGCTCCTAG	9-ACCRGCTCCTAG	12.621799	-114.461527	0	T:24.0(12.06%),B:44.7(0.05%),P:1e-49	Tpos:237.8,Tstd:129.1,Bpos:206.8,Bstd:133.3,StrandBias:-0.7,Multiplicity:1.00
0.997	0.001	0.001	0.001
0.001	0.997	0.001	0.001
0.001	0.994	0.001	0.004
0.459	0.001	0.539	0.001
0.001	0.001	0.997	0.001
0.374	0.624	0.001	0.001
0.001	0.001	0.001	0.997
0.001	0.997	0.001	0.001
0.001	0.933	0.001	0.065
0.001	0.001	0.001	0.997
0.997	0.001	0.001	0.001
0.001	0.001	0.997	0.001
>WWTCYCTTCCTG	10-WWTCYCTTCCTG	12.656695	-112.512972	0	T:33.0(16.58%),B:238.9(0.24%),P:1e-48	Tpos:248.0,Tstd:123.7,Bpos:213.4,Bstd:121.9,StrandBias:-0.2,Multiplicity:1.61
0.497	0.025	0.040	0.438
0.426	0.031	0.033	0.510
0.053	0.001	0.065	0.881
0.138	0.798	0.040	0.024
0.080	0.510	0.001	0.409
0.030	0.944	0.001	0.025
0.001	0.069	0.003	0.927
0.104	0.107	0.025	0.764
0.070	0.892	0.001	0.037
0.090	0.879	0.030	0.001
0.069	0.001	0.001	0.929
0.118	0.100	0.716	0.066
>AGRGGAATAGGG	11-AGRGGAATAGGG	10.559526	-108.743955	0	T:29.0(14.57%),B:148.8(0.15%),P:1e-47	Tpos:166.6,Tstd:100.5,Bpos:196.3,Bstd:138.8,StrandBias:-0.2,Multiplicity:1.00
0.997	0.001	0.001	0.001
0.111	0.001	0.887	0.001
0.555	0.001	0.443	0.001
0.001	0.001	0.997	0.001
0.001	0.001	0.997	0.001
0.997	0.001	0.001	0.001
0.997	0.001	0.001	0.001
0.001	0.048	0.001	0.950
0.997	0.001	0.001	0.001
0.001	0.001	0.997	0.001
0.001	0.001	0.997	0.001
0.001	0.001	0.997	0.001
>ACAGCCTTGGGG	12-ACAGCCTTGGGG	11.060741	-99.112554	0	T:29.0(14.57%),B:207.6(0.21%),P:1e-43	Tpos:235.6,Tstd:134.5,Bpos:221.6,Bstd:123.4,StrandBias:-0.6,Multiplicity:1.62
0.997	0.001	0.001	0.001
0.001	0.997	0.001	0.001
0.997	0.001	0.001	0.001
0.001	0.001	0.997	0.001
0.001	0.997	0.001	0.001
0.001	0.857	0.001	0.141
0.001	0.001	0.001	0.997
0.001	0.158	0.001	0.840
0.163	0.001	0.835	0.001
0.001	0.001	0.997	0.001
0.001	0.001	0.997	0.001
0.001	0.001	0.822	0.176
>GTCAGGCTGGGC	13-GTCAGGCTGGGC	13.244133	-97.631371	0	T:24.0(12.06%),B:89.3(0.09%),P:1e-42	Tpos:229.2,Tstd:159.6,Bpos:209.4,Bstd:136.3,StrandBias:0.2,Multiplicity:1.00
0.049	0.001	0.949	0.001
0.001	0.001	0.001	0.997
0.001	0.997	0.001	0.001
0.997	0.001	0.001	0.001
0.058	0.001	0.940	0.001
0.001	0.029	0.969	0.001
0.001	0.923	0.001	0.075
0.001	0.084	0.001	0.914
0.001	0.001	0.997	0.001
0.047	0.001	0.951	0.001
0.001	0.001	0.997	0.001
0.001	0.997	0.001	0.001
>RGAAGAGGGGAC	14-RGAAGAGGGGAC	12.749419	-91.608018	0	T:23.0(11.56%),B:93.4(0.09%),P:1e-39	Tpos:229.3,Tstd:117.8,Bpos:206.3,Bstd:123.7,StrandBias:0.1,Multiplicity:1.00
0.429	0.001	0.569	0.001
0.001	0.001	0.997	0.001
0.997	0.001	0.001	0.001
0.873	0.001	0.001	0.125
0.001	0.001	0.695	0.303
0.859	0.001	0.001	0.139
0.001	0.140	0.728	0.131
0.117	0.001	0.881	0.001
0.001	0.001	0.997	0.001
0.001	0.131	0.719	0.149
0.997	0.001	0.001	0.001
0.001	0.733	0.140	0.126
>GCGGGCACTCTG	15-GCGGGCACTCTG	13.393830	-86.779288	0	T:19.0(9.55%),B:43.7(0.04%),P:1e-37	Tpos:219.8,Tstd:216.9,Bpos:236.7,Bstd:111.5,StrandBias:0.5,Multiplicity:1.00
0.001	0.001	0.897	0.101
0.001	0.809	0.001	0.189
0.063	0.001	0.935	0.001
0.001	0.001	0.997	0.001
0.001	0.001	0.997	0.001
0.001	0.997	0.001	0.001
0.997	0.001	0.001	0.001
0.001	0.997	0.001	0.001
0.001	0.001	0.001	0.997
0.001	0.876	0.001	0.122
0.001	0.001	0.001	0.997
0.001	0.001	0.997	0.001
>TCCCATGACWTC	16-TCCCATGACWTC	12.098807	-85.666628	0	T:27.0(13.57%),B:247.7(0.25%),P:1e-37	Tpos:233.6,Tstd:135.2,Bpos:205.0,Bstd:130.2,StrandBias:0.1,Multiplicity:1.00
0.001	0.001	0.099	0.899
0.001	0.847	0.001	0.151
0.118	0.679	0.001	0.202
0.112	0.886	0.001	0.001
0.997	0.001	0.001	0.001
0.408	0.001	0.001	0.590
0.001	0.099	0.899	0.001
0.888	0.110	0.001	0.001
0.151	0.847	0.001	0.001
0.492	0.113	0.001	0.394
0.001	0.001	0.001	0.997
0.001	0.997	0.001	0.001
>RGGAGARWGTGA	17-RGGAGARWGTGA	10.452695	-83.373689	0	T:37.0(18.59%),B:874.2(0.88%),P:1e-36	Tpos:231.9,Tstd:131.0,Bpos:213.0,Bstd:127.1,StrandBias:-0.2,Multiplicity:1.54
0.358	0.112	0.489	0.041
0.001	0.001	0.690	0.308
0.140	0.001	0.766	0.093
0.827	0.041	0.130	0.002
0.040	0.030	0.929	0.001
0.512	0.160	0.287	0.041
0.347	0.001	0.452	0.201
0.424	0.001	0.259	0.316
0.001	0.001	0.890	0.108
0.031	0.234	0.001	0.734
0.041	0.122	0.649	0.188
0.997	0.001	0.001	0.001
>GAGGTGTTAACA	18-GAGGTGTTAACA	6.517702	-75.498653	0	T:136.0(68.34%),B:26858.1(27.19%),P:1e-32	Tpos:217.0,Tstd:134.1,Bpos:209.0,Bstd:128.1,StrandBias:0.5,Multiplicity:1.26
0.100	0.100	0.700	0.100
0.700	0.100	0.100	0.100
0.100	0.100	0.700	0.100
0.100	0.100	0.700	0.100
0.100	0.100	0.100	0.700
0.100	0.100	0.700	0.100
0.100	0.100	0.100	0.700
0.100	0.100	0.100	0.700
0.700	0.100	0.100	0.100
0.700	0.100	0.100	0.100
0.100	0.700	0.100	0.100
0.700	0.100	0.100	0.100
>GGCCGAAATGAG	19-GGCCGAAATGAG	12.593479	-72.927489	0	T:14.0(7.04%),B:17.5(0.02%),P:1e-31	Tpos:281.9,Tstd:174.1,Bpos:201.5,Bstd:132.5,StrandBias:-0.8,Multiplicity:1.00
0.001	0.001	0.997	0.001
0.001	0.001	0.997	0.001
0.001	0.997	0.001	0.001
0.001	0.997	0.001	0.001
0.008	0.001	0.990	0.001
0.997	0.001	0.001	0.001
0.997	0.001	0.001	0.001
0.863	0.001	0.135	0.001
0.001	0.001	0.001	0.997
0.001	0.135	0.863	0.001
0.997	0.001	0.001	0.001
0.001	0.001	0.997	0.001
>TGCTGACATGGG	20-TGCTGACATGGG	14.370840	-55.763252	0	T:13.0(6.53%),B:40.1(0.04%),P:1e-24	Tpos:357.8,Tstd:206.3,Bpos:230.9,Bstd:124.5,StrandBias:-1.7,Multiplicity:1.00
0.001	0.001	0.001	0.997
0.001	0.001	0.997	0.001
0.001	0.997	0.001	0.001
0.001	0.001	0.001	0.997
0.001	0.001	0.997	0.001
0.997	0.001	0.001	0.001
0.001	0.859	0.001	0.139
0.997	0.001	0.001	0.001
0.001	0.001	0.001	0.997
0.001	0.001	0.997	0.001
0.228	0.001	0.770	0.001
0.001	0.001	0.997	0.001
>CTTCTTTGTTCT	21-CTTCTTTGTTCT	14.106558	-51.705182	0	T:14.0(7.04%),B:78.6(0.08%),P:1e-22	Tpos:319.1,Tstd:244.2,Bpos:220.7,Bstd:114.3,StrandBias:0.4,Multiplicity:1.00
0.001	0.997	0.001	0.001
0.001	0.001	0.001	0.997
0.001	0.001	0.001	0.997
0.001	0.997	0.001	0.001
0.001	0.001	0.001	0.997
0.001	0.001	0.001	0.997
0.001	0.001	0.001	0.997
0.001	0.001	0.997	0.001
0.001	0.001	0.001	0.997
0.091	0.001	0.001	0.907
0.001	0.903	0.095	0.001
0.001	0.001	0.001	0.997
>ATTCTCCCTCGA	22-ATTCTCCCTCGA	7.229815	-38.934825	0	T:15.0(7.54%),B:254.2(0.26%),P:1e-16	Tpos:324.1,Tstd:243.5,Bpos:206.5,Bstd:122.8,StrandBias:1.1,Multiplicity:1.07
0.997	0.001	0.001	0.001
0.001	0.001	0.001	0.997
0.001	0.001	0.001	0.997
0.001	0.997	0.001	0.001
0.001	0.135	0.001	0.863
0.001	0.919	0.001	0.079
0.001	0.997	0.001	0.001
0.001	0.997	0.001	0.001
0.001	0.001	0.001	0.997
0.001	0.919	0.001	0.079
0.100	0.001	0.898	0.001
0.997	0.001	0.001	0.001
>GAGGTGTGAGCT	23-GAGGTGTGAGCT	7.880948	-26.487574	0	T:50.0(25.13%),B:8453.4(8.56%),P:1e-11	Tpos:217.7,Tstd:150.2,Bpos:209.6,Bstd:132.1,StrandBias:0.1,Multiplicity:1.17
0.134	0.030	0.789	0.047
0.716	0.047	0.201	0.036
0.120	0.112	0.704	0.064
0.119	0.075	0.651	0.155
0.034	0.028	0.039	0.899
0.095	0.056	0.824	0.025
0.126	0.080	0.073	0.721
0.088	0.210	0.602	0.100
0.708	0.048	0.098	0.146
0.016	0.093	0.848	0.043
0.122	0.677	0.084	0.117
0.041	0.080	0.013	0.866
>TCAYCMCCCTTC	24-TCAYCMCCCTTC	13.994221	-19.086062	0	T:5.0(2.51%),B:29.0(0.03%),P:1e-8	Tpos:184.4,Tstd:26.0,Bpos:174.7,Bstd:119.4,StrandBias:0.6,Multiplicity:1.00
0.001	0.244	0.001	0.754
0.001	0.997	0.001	0.001
0.997	0.001	0.001	0.001
0.001	0.327	0.239	0.433
0.001	0.997	0.001	0.001
0.433	0.559	0.001	0.007
0.001	0.997	0.001	0.001
0.062	0.936	0.001	0.001
0.245	0.747	0.007	0.001
0.001	0.001	0.001	0.997
0.001	0.007	0.239	0.753
0.001	0.997	0.001	0.001
>CACTCTGACCAT	25-CACTCTGACCAT	12.355432	-5.111789	0	T:1.0(0.50%),B:4.0(0.00%),P:1e-2	Tpos:100.8,Tstd:46.4,Bpos:233.7,Bstd:116.2,StrandBias:10.0,Multiplicity:5.00
0.100	0.700	0.100	0.100
0.700	0.100	0.100	0.100
0.100	0.700	0.100	0.100
0.100	0.100	0.100	0.700
0.100	0.700	0.100	0.100
0.100	0.100	0.100	0.700
0.100	0.100	0.700	0.100
0.700	0.100	0.100	0.100
0.100	0.700	0.100	0.100
0.100	0.700	0.100	0.100
0.700	0.100	0.100	0.100
0.100	0.100	0.100	0.700
