>GTCATTTACACC	14-GGTGTAAATGAC	7.757295	-20.600896	0	T:81.0(16.20%),B:3952.5(7.98%),P:1e-8
0.054	0.123	0.703	0.120
0.055	0.108	0.065	0.772
0.064	0.799	0.069	0.068
0.850	0.088	0.023	0.039
0.079	0.158	0.054	0.709
0.024	0.045	0.055	0.876
0.073	0.075	0.137	0.715
0.717	0.122	0.098	0.063
0.091	0.703	0.098	0.108
0.640	0.132	0.049	0.179
0.118	0.677	0.085	0.120
0.074	0.840	0.018	0.068
