>AGTGATCAATCA	4-AGTGATCAATCA	7.243877	-49.284835	0	T:139.0(27.80%),B:5868.3(11.85%),P:1e-21
0.796	0.031	0.088	0.085
0.140	0.090	0.672	0.098
0.114	0.066	0.061	0.759
0.078	0.139	0.746	0.037
0.743	0.076	0.092	0.089
0.102	0.057	0.082	0.759
0.116	0.693	0.124	0.067
0.727	0.106	0.080	0.087
0.740	0.098	0.063	0.099
0.109	0.052	0.089	0.750
0.081	0.788	0.072	0.059
0.828	0.053	0.008	0.111
