>CAGRKGACAGGR	15-YCCTGTCMYCTG	9.622180	-13.214134	0	T:90.0(18.00%),B:5421.9(10.95%),P:1e-5
0.187	0.651	0.161	0.001
0.953	0.001	0.019	0.027
0.035	0.020	0.944	0.001
0.531	0.001	0.467	0.001
0.001	0.001	0.458	0.540
0.227	0.001	0.628	0.144
0.610	0.127	0.262	0.001
0.159	0.767	0.073	0.001
0.971	0.001	0.001	0.027
0.265	0.001	0.648	0.086
0.032	0.153	0.798	0.017
0.569	0.001	0.429	0.001
