>TGAGGTGTGAAA	10-TGAGGTGTGAAA	8.644681	-30.838641	0	T:78.0(15.60%),B:3020.9(6.10%),P:1e-13
0.143	0.104	0.056	0.697
0.079	0.001	0.841	0.079
0.893	0.001	0.093	0.013
0.001	0.001	0.934	0.064
0.001	0.109	0.889	0.001
0.079	0.162	0.001	0.758
0.001	0.059	0.927	0.013
0.054	0.001	0.032	0.913
0.001	0.219	0.779	0.001
0.945	0.053	0.001	0.001
0.705	0.054	0.152	0.089
0.738	0.168	0.093	0.001
