>GGTGTAAATGAC	14-GGTGTAAATGAC,BestGuess:NR1H4/MA1110.1/Jaspar(0.688)	7.757295	-20.600896	0	T:81.0(16.20%),B:3952.5(7.98%),P:1e-8
0.068	0.018	0.840	0.074
0.120	0.085	0.677	0.118
0.179	0.049	0.132	0.640
0.108	0.098	0.703	0.091
0.063	0.098	0.122	0.717
0.715	0.137	0.075	0.073
0.876	0.055	0.045	0.024
0.709	0.054	0.158	0.079
0.039	0.023	0.088	0.850
0.068	0.069	0.799	0.064
0.772	0.065	0.108	0.055
0.120	0.703	0.123	0.054
