>YCCTGTCMYCTG	15-YCCTGTCMYCTG,BestGuess:FMR1(KH)/Homo_sapiens-RNCMPT00016-PBM/HughesRNA(0.635)	9.622180	-13.214134	0	T:90.0(18.00%),B:5421.9(10.95%),P:1e-5
0.001	0.429	0.001	0.569
0.017	0.798	0.153	0.032
0.086	0.648	0.001	0.265
0.027	0.001	0.001	0.971
0.001	0.073	0.767	0.159
0.001	0.262	0.127	0.610
0.144	0.628	0.001	0.227
0.540	0.458	0.001	0.001
0.001	0.467	0.001	0.531
0.001	0.944	0.020	0.035
0.027	0.019	0.001	0.953
0.001	0.161	0.651	0.187
