>AAGGGTGTGAAA	9-AAGGGTGTGAAA	9.153206	-32.645299	0	T:66.0(13.20%),B:2205.8(4.45%),P:1e-14
0.728	0.129	0.117	0.026
0.892	0.001	0.045	0.062
0.001	0.136	0.811	0.052
0.047	0.061	0.891	0.001
0.140	0.082	0.777	0.001
0.057	0.001	0.033	0.909
0.018	0.046	0.915	0.021
0.082	0.001	0.122	0.795
0.048	0.110	0.814	0.028
0.889	0.045	0.021	0.045
0.806	0.137	0.018	0.039
0.784	0.071	0.120	0.025
