>ATGAYGGATGAG	6-ATGAYGGATGAG	10.631735	-41.360160	0	T:36.0(7.20%),B:532.6(1.08%),P:1e-17
0.859	0.030	0.110	0.001
0.215	0.001	0.057	0.727
0.033	0.001	0.884	0.082
0.915	0.001	0.083	0.001
0.079	0.466	0.117	0.338
0.216	0.055	0.655	0.074
0.042	0.001	0.956	0.001
0.919	0.022	0.058	0.001
0.015	0.001	0.108	0.876
0.032	0.001	0.966	0.001
0.862	0.055	0.001	0.082
0.074	0.001	0.923	0.002
