>ACATTTGTCACC	3-ACATTTGTCACC	6.786444	-69.747813	0	T:294.0(58.80%),B:16584.5(33.49%),P:1e-30
0.699	0.149	0.095	0.057
0.014	0.759	0.155	0.072
0.773	0.117	0.038	0.072
0.037	0.088	0.115	0.760
0.104	0.200	0.130	0.566
0.023	0.001	0.027	0.949
0.079	0.037	0.870	0.014
0.099	0.095	0.101	0.705
0.052	0.821	0.050	0.077
0.767	0.147	0.012	0.074
0.078	0.691	0.144	0.087
0.164	0.641	0.025	0.170
