>TCAAAGTGTCAG	11-TCAAAGTGTCAG	7.301647	-26.702021	0	T:149.0(29.80%),B:8500.3(17.16%),P:1e-11
0.105	0.119	0.151	0.625
0.084	0.704	0.120	0.092
0.731	0.090	0.066	0.113
0.754	0.092	0.094	0.060
0.789	0.039	0.106	0.066
0.078	0.105	0.732	0.085
0.072	0.066	0.074	0.788
0.062	0.107	0.764	0.067
0.083	0.058	0.089	0.770
0.077	0.780	0.073	0.070
0.867	0.028	0.037	0.068
0.082	0.125	0.700	0.093
