>AAGATTAATGGG	7-AAGATTAATGGG	9.464872	-35.684147	0	T:43.0(8.60%),B:926.6(1.87%),P:1e-15
0.819	0.080	0.062	0.039
0.909	0.001	0.001	0.089
0.072	0.001	0.874	0.053
0.857	0.114	0.001	0.028
0.001	0.053	0.151	0.795
0.048	0.001	0.129	0.822
0.866	0.106	0.027	0.001
0.889	0.001	0.048	0.062
0.001	0.062	0.072	0.865
0.101	0.039	0.859	0.001
0.162	0.062	0.605	0.171
0.043	0.101	0.855	0.001
