>GAGCAGCTGTTT	8-GAGCAGCTGTTT,BestGuess:Ascl2/MA0816.1/Jaspar(0.846)	7.385685	-35.516410	0	T:159.0(31.80%),B:8399.1(16.96%),P:1e-15
0.109	0.118	0.683	0.090
0.767	0.056	0.091	0.086
0.080	0.108	0.739	0.073
0.089	0.736	0.111	0.064
0.825	0.042	0.053	0.080
0.101	0.071	0.730	0.098
0.131	0.666	0.109	0.094
0.107	0.057	0.038	0.798
0.069	0.053	0.787	0.091
0.033	0.075	0.073	0.819
0.059	0.092	0.094	0.755
0.084	0.087	0.133	0.696
