>GCCATCAATCAC	2-GCCATCAATCAC	7.195607	-107.824206	0	T:239.0(47.80%),B:9465.0(19.11%),P:1e-46
0.108	0.091	0.628	0.173
0.090	0.699	0.108	0.103
0.076	0.818	0.045	0.061
0.836	0.072	0.016	0.076
0.057	0.072	0.072	0.799
0.047	0.784	0.069	0.100
0.699	0.175	0.034	0.092
0.696	0.078	0.151	0.075
0.130	0.054	0.038	0.778
0.041	0.848	0.042	0.069
0.759	0.070	0.026	0.145
0.100	0.656	0.151	0.093
