>GTTTGTTTRTTT	1-GTTTGTTTRTTT	8.735214	-64.689905	0	T:121.0(60.50%),B:23047.2(23.54%),P:1e-28
0.136	0.080	0.647	0.137
0.027	0.010	0.035	0.928
0.001	0.054	0.031	0.914
0.001	0.001	0.019	0.979
0.146	0.016	0.837	0.001
0.001	0.053	0.001	0.945
0.001	0.001	0.025	0.973
0.001	0.001	0.043	0.955
0.339	0.028	0.408	0.225
0.024	0.143	0.069	0.764
0.001	0.087	0.048	0.864
0.016	0.110	0.013	0.861
