>TGACCAACTGTA	6-TGACCAACTGTA,BestGuess:MYB/MA0100.4/Jaspar(0.744)	9.545177	-16.262255	0	T:8.0(4.00%),B:260.2(0.27%),P:1e-7
0.168	0.056	0.154	0.622
0.086	0.116	0.664	0.134
0.682	0.087	0.097	0.134
0.107	0.670	0.131	0.092
0.148	0.679	0.046	0.127
0.701	0.126	0.057	0.116
0.670	0.075	0.101	0.154
0.095	0.699	0.129	0.077
0.140	0.067	0.037	0.756
0.087	0.113	0.675	0.125
0.160	0.119	0.073	0.648
0.535	0.111	0.199	0.155
