>CGCTCAGCAGGG	4-CGCTCAGCAGGG,BestGuess:Unknown-ESC-element(?)/mES-Nanog-ChIP-Seq(GSE11724)/Homer(0.873)	7.440454	-27.401760	0	T:83.0(41.50%),B:19231.9(19.64%),P:1e-11
0.207	0.524	0.133	0.136
0.106	0.036	0.713	0.145
0.085	0.822	0.037	0.056
0.169	0.099	0.014	0.718
0.094	0.743	0.113	0.050
0.755	0.038	0.047	0.160
0.026	0.062	0.886	0.026
0.063	0.776	0.103	0.058
0.826	0.052	0.026	0.096
0.049	0.029	0.816	0.106
0.123	0.065	0.731	0.081
0.110	0.105	0.693	0.092
